1 -4.78354 -4.78354 0
2 -4.23179 -4.50766 0.195073
3 -3.63054 -4.21529 0.271846
4 -3.24608 -3.97299 0.292578
5 -3.122 -3.80279 0.279211
6 -2.52426 -3.5897 0.303277
7 -2.13893 -3.38245 0.323098
8 -1.77694 -3.18176 0.339362
9 -1.65592 -3.01222 0.341388
10 -1.1981 -2.83081 0.352167
11 -1.40841 -2.7015 0.343071
12 -1.53754 -2.6045 0.327907
13 -1.03843 -2.48404 0.324058
14 -0.616725 -2.35066 0.32721
15 -0.447828 -2.2238 0.329069
16 -0.847854 -2.13781 0.319542
17 -1.02798 -2.07252 0.307342
18 -0.931581 -2.00914 0.296731
19 -0.984071 -1.95518 0.285976
20 -0.869196 -1.90089 0.276785
21 -0.52713 -1.83547 0.271225
22 -0.359718 -1.76839 0.267063
23 -0.799622 -1.72627 0.258751
24 -1.01082 -1.69646 0.249681
25 -1.02456 -1.66958 0.241136
26 -0.345678 -1.61866 0.237177
27 -0.83452 -1.58962 0.230164
28 -0.457635 -1.54919 0.225467
29 -0.408214 -1.50985 0.221098
30 -0.272081 -1.46859 0.217544
31 -0.216155 -1.42819 0.214245
32 -0.384588 -1.39558 0.210017
33 -0.769294 -1.3766 0.204509
34 -0.729294 -1.35756 0.199378
35 -0.646993 -1.33726 0.194712
36 -0.354153 -1.30995 0.191209
37 0.0879015 -1.27217 0.189737
38 -0.320751 -1.24713 0.186388
39 -0.321934 -1.22341 0.183113
40 0.144378 -1.18921 0.1817
41 0.572029 -1.14626 0.182275
42 1.09722 -1.09284 0.185597
43 0.355218 -1.05916 0.184311
44 0.187028 -1.03084 0.182285
45 0.147871 -1.00465 0.180106
46 -0.123783 -0.985499 0.177206
47 -0.734521 -0.980159 0.173516
48 -0.637561 -0.973022 0.170048
49 -0.394757 -0.961221 0.166987
50 -0.224817 -0.946493 0.164295
51 -0.61697 -0.940031 0.161201
52 -0.406956 -0.92978 0.158426
53 -0.83231 -0.927941 0.155448
54 -1.09936 -0.931115 0.152601
55 -0.984303 -0.932082 0.14983
56 -0.711528 -0.928144 0.147206
57 -0.382857 -0.918577 0.144934
58 -0.0178486 -0.903048 0.143265
59 0.205748 -0.884255 0.142064
60 0.0143374 -0.869278 0.140483
61 -0.158298 -0.857623 0.138663
62 -0.0313645 -0.844296 0.137065
63 -0.0461922 -0.831628 0.135474
64 0.0151735 -0.818396 0.134002
65 -0.353058 -0.811237 0.132131
66 -0.22928 -0.80242 0.130423
67 -0.280286 -0.794627 0.128709
68 -0.559691 -0.791172 0.126863
69 -0.362547 -0.78496 0.125176
70 -0.235217 -0.777106 0.123634
71 -0.168427 -0.768533 0.12219
72 -0.194854 -0.760566 0.120752
73 -0.852267 -0.761822 0.119104
74 -0.49039 -0.758154 0.117551
75 0.0947343 -0.746782 0.116533
76 -0.0104512 -0.737093 0.115402
77 0.178518 -0.725202 0.114514
78 0.0410102 -0.715379 0.113466
79 0.298375 -0.702547 0.112753
80 0.0940985 -0.692589 0.111783
81 -0.345325 -0.688301 0.110485
82 -0.484734 -0.685819 0.109165
83 -0.420219 -0.682619 0.107897
84 -0.43443 -0.679664 0.106653
85 -0.437415 -0.676814 0.105436
86 -0.601983 -0.675944 0.104214
87 -0.203394 -0.670513 0.103157
88 -0.689476 -0.670728 0.101985
89 -0.574125 -0.669643 0.100845
90 -0.529508 -0.668086 0.0997368
91 -0.230047 -0.663272 0.0987569
92 -0.240754 -0.658679 0.0977902
93 -0.444391 -0.656375 0.0967658
94 -0.246872 -0.652019 0.0958344
95 0.170272 -0.643363 0.0952157
96 0.365763 -0.632851 0.0948024
97 0.0353991 -0.625962 0.094075
98 0.116589 -0.618385 0.0934197
99 -0.000421168 -0.612143 0.0926844
100 0.121671 -0.604805 0.0920475
101 0.0244928 -0.598574 0.0913468
102 0.0410586 -0.592303 0.0906662
103 0.517512 -0.581528 0.090424
104 0.440534 -0.571701 0.090087
105 0.231627 -0.56405 0.0895533
106 0.0229208 -0.558513 0.0888795
107 0.446298 -0.549122 0.0885435
108 0.60215 -0.538462 0.0883631
109 0.520267 -0.528749 0.0880846
110 0.328276 -0.520958 0.0876277
111 0.204223 -0.514425 0.0870815
112 0.0784603 -0.509131 0.0864647
113 -0.0858469 -0.505385 0.0857807
114 0.499898 -0.496567 0.0854803
115 0.519137 -0.487735 0.085192
116 1.14551 -0.473655 0.0856132
117 0.590974 -0.464556 0.0853636
118 0.832358 -0.453565 0.0853448
119 0.525844 -0.445334 0.0850236
120 0.674057 -0.436006 0.0848252
121 0.688867 -0.42671 0.0846321
122 0.624687 -0.418092 0.084376
123 0.488127 -0.410724 0.0840111
124 0.557078 -0.402919 0.0836953
125 0.818331 -0.393149 0.0835941
126 0.438837 -0.386546 0.083191
127 0.47456 -0.379766 0.0828118
128 0.16375 -0.37552 0.0822736
129 0.28481 -0.370401 0.0817949
130 0.237223 -0.365727 0.0812992
131 0.382067 -0.360018 0.0808787
132 0.22451 -0.35559 0.0803871
133 0.190363 -0.351485 0.0798875
134 0.379726 -0.346028 0.0794774
135 0.363821 -0.34077 0.0790625
136 0.045504 -0.33793 0.0785321
137 0.329265 -0.33306 0.0781097
138 -0.221759 -0.332253 0.0775479
139 -0.351995 -0.332395 0.0769901
140 -0.198762 -0.331441 0.0764461
141 -0.266234 -0.330978 0.0759053
142 -0.110552 -0.329426 0.0753867
143 0.405923 -0.324284 0.0750347
144 -0.205932 -0.323462 0.0745181
145 0.034061 -0.320996 0.074045
146 0.409129 -0.315995 0.0737065
147 -0.126495 -0.314706 0.0732164
148 -0.396219 -0.315257 0.0727237
149 -0.246672 -0.314797 0.0722371
150 0.0614214 -0.312289 0.071799
151 -0.103509 -0.310906 0.0713369
152 0.104967 -0.30817 0.07092
153 0.463299 -0.303128 0.0706355
154 0.268422 -0.299416 0.0702742
155 0.694681 -0.293003 0.0701129
156 0.158661 -0.290108 0.0697232
157 0.103492 -0.287601 0.0693242
158 -0.222847 -0.287191 0.0688866
159 -0.100767 -0.286018 0.0684634
160 -0.323383 -0.286252 0.0680359
161 -0.434036 -0.28717 0.0676195
162 -0.261496 -0.287011 0.0672023
163 -0.246812 -0.286765 0.0667904
164 0.198181 -0.283808 0.0664486
165 -0.0467031 -0.282371 0.0660614
166 0.0722725 -0.280234 0.065698
167 0.0381875 -0.278327 0.0653322
168 0.146903 -0.275796 0.0649924
169 -0.052847 -0.274477 0.0646212
170 -0.00774868 -0.272908 0.0642601
171 0.0313417 -0.271129 0.063909
172 0.0135414 -0.269474 0.0635588
173 -0.0389107 -0.268141 0.0632054
174 0.289036 -0.264939 0.0629232
175 0.323709 -0.261575 0.0626535
176 0.564868 -0.25688 0.0624732
177 0.625493 -0.251894 0.0623188
178 0.892844 -0.245463 0.0622997
179 0.30401 -0.242394 0.0620272
180 0.356097 -0.239069 0.0617717
181 0.491193 -0.235034 0.061562
182 0.592158 -0.230489 0.0613913
183 0.523341 -0.22637 0.0611939
184 0.22658 -0.223908 0.0609108
185 0.757377 -0.218604 0.0608121
186 0.766895 -0.213305 0.0607155
187 0.7429 -0.208192 0.0606058
188 0.790547 -0.20288 0.0605158
189 0.485948 -0.199235 0.0603052
190 0.497897 -0.195566 0.0600994
191 0.573 -0.191542 0.0599193
192 0.190285 -0.189553 0.0596402
193 0.453865 -0.18622 0.0594243
194 0.344331 -0.183485 0.0591808
195 0.655215 -0.179184 0.0590334
196 0.925325 -0.173548 0.0590006
197 1.14277 -0.166867 0.0590782
198 1.14509 -0.160241 0.0591503
199 1.09652 -0.153925 0.0591892
200 1.01515 -0.14808 0.0591812
