1 -6.59395 -6.59395 0
2 -6.49537 -6.54466 0.0348533
3 -6.39229 -6.49387 0.0475373
4 -6.33035 -6.45299 0.0502449
5 -6.3027 -6.42293 0.0483582
6 -6.17707 -6.38195 0.0549842
7 -6.09389 -6.3408 0.0606028
8 -6.02989 -6.30194 0.0642927
9 -6.0186 -6.27046 0.0643971
10 -5.91133 -6.23454 0.0672296
11 -5.96457 -6.21 0.0654446
12 -6.0126 -6.19355 0.0620239
13 -5.91653 -6.17224 0.0608033
14 -5.83218 -6.14795 0.0611198
15 -5.80705 -6.12522 0.0611246
16 -5.88283 -6.11007 0.0591518
17 -5.91336 -6.0985 0.0567929
18 -5.8947 -6.08718 0.0547548
19 -5.89629 -6.07713 0.0527866
20 -5.86265 -6.06641 0.0512251
21 -5.79229 -6.05336 0.0504216
22 -5.7576 -6.03991 0.0498896
23 -5.87675 -6.03282 0.0482223
24 -5.91919 -6.02808 0.0464449
25 -5.91122 -6.02341 0.0448217
26 -5.76631 -6.01352 0.0441751
27 -5.88147 -6.00863 0.0428089
28 -5.78893 -6.00078 0.0419929
29 -5.77418 -5.99297 0.0412654
30 -5.76834 -5.98548 0.0405635
31 -5.74588 -5.97775 0.0399846
32 -5.78997 -5.97189 0.0391633
33 -5.88316 -5.9692 0.0380687
34 -5.88204 -5.96663 0.0370353
35 -5.85702 -5.9635 0.0361093
36 -5.79518 -5.95883 0.0354077
37 -5.71194 -5.95215 0.0350738
38 -5.79297 -5.94796 0.0344001
39 -5.79052 -5.94393 0.0337541
40 -5.69992 -5.93783 0.0334569
41 -5.56466 -5.92873 0.0338563
42 -5.47938 -5.91803 0.0346994
43 -5.63329 -5.9114 0.0345185
44 -5.66604 -5.90583 0.0341814
45 -5.66826 -5.90055 0.0338271
46 -5.73359 -5.89692 0.0332859
47 -5.87109 -5.89637 0.0325822
48 -5.86259 -5.89567 0.031911
49 -5.80492 -5.89381 0.0313134
50 -5.76846 -5.89131 0.0307874
51 -5.84797 -5.89046 0.0301954
52 -5.79847 -5.88869 0.0296665
53 -5.90323 -5.88896 0.029108
54 -5.95992 -5.89028 0.0285986
55 -5.93489 -5.89109 0.0280902
56 -5.8698 -5.89071 0.0275911
57 -5.79996 -5.88912 0.027153
58 -5.71727 -5.88615 0.026846
59 -5.67967 -5.88265 0.0266181
60 -5.71877 -5.87992 0.0263142
61 -5.73745 -5.87759 0.0259863
62 -5.71168 -5.87491 0.0257046
63 -5.70683 -5.87224 0.0254346
64 -5.70206 -5.86958 0.0251758
65 -5.78894 -5.86834 0.0248191
66 -5.75135 -5.86657 0.0245062
67 -5.7652 -5.86506 0.0241871
68 -5.84406 -5.86475 0.0238334
69 -5.79439 -5.86373 0.0235098
70 -5.76254 -5.86228 0.0232183
71 -5.74897 -5.86069 0.0229461
72 -5.75355 -5.8592 0.0226756
73 -5.89346 -5.85967 0.0223698
74 -5.81464 -5.85906 0.0220758
75 -5.69655 -5.85689 0.0218876
76 -5.72866 -5.85521 0.0216645
77 -5.69206 -5.85309 0.0214865
78 -5.70707 -5.85122 0.0212924
79 -5.63911 -5.84853 0.0211915
80 -5.68553 -5.84649 0.0210243
81 -5.77483 -5.84561 0.0207834
82 -5.7919 -5.84495 0.0205402
83 -5.78095 -5.84418 0.0203072
84 -5.78888 -5.84352 0.0200762
85 -5.79061 -5.8429 0.0198496
86 -5.82966 -5.84275 0.0196194
87 -5.75106 -5.84169 0.0194222
88 -5.85719 -5.84187 0.0192023
89 -5.83808 -5.84183 0.0189866
90 -5.81856 -5.84157 0.0187774
91 -5.74454 -5.8405 0.0186013
92 -5.76539 -5.83969 0.018417
93 -5.79683 -5.83922 0.0182247
94 -5.74983 -5.83827 0.0180556
95 -5.66906 -5.83649 0.0179532
96 -5.63895 -5.83443 0.0178837
97 -5.69668 -5.83301 0.0177557
98 -5.68366 -5.83149 0.0176398
99 -5.71956 -5.83036 0.0174978
100 -5.69602 -5.82902 0.0173743
101 -5.70728 -5.82781 0.017244
102 -5.7127 -5.82668 0.0171119
103 -5.62993 -5.82477 0.017052
104 -5.63958 -5.82299 0.0169808
105 -5.67212 -5.82155 0.0168797
106 -5.72784 -5.82067 0.0167436
107 -5.63473 -5.81893 0.0166771
108 -5.59491 -5.81686 0.0166512
109 -5.60703 -5.81493 0.0166093
110 -5.65134 -5.81345 0.0165248
111 -5.67143 -5.81217 0.0164254
112 -5.71458 -5.8113 0.0163018
113 -5.74639 -5.81072 0.0161676
114 -5.62511 -5.80909 0.0161076
115 -5.60957 -5.80736 0.0160607
116 -5.4817 -5.80455 0.0161658
117 -5.61911 -5.80297 0.0161051
118 -5.55031 -5.80082 0.0161103
119 -5.61125 -5.79923 0.0160535
120 -5.56104 -5.79725 0.016042
121 -5.54234 -5.79514 0.0160471
122 -5.57661 -5.79335 0.0160152
123 -5.59128 -5.79171 0.0159691
124 -5.58052 -5.79 0.0159308
125 -5.54002 -5.788 0.0159284
126 -5.59766 -5.78649 0.0158735
127 -5.58717 -5.78492 0.0158259
128 -5.65027 -5.78387 0.0157372
129 -5.63876 -5.78275 0.0156553
130 -5.65867 -5.78179 0.015564
131 -5.61686 -5.78053 0.015496
132 -5.65391 -5.77957 0.0154083
133 -5.66191 -5.77869 0.0153178
134 -5.61726 -5.77748 0.0152508
135 -5.62714 -5.77637 0.0151784
136 -5.69778 -5.77579 0.0150778
137 -5.62689 -5.77471 0.0150069
138 -5.75705 -5.77458 0.0148987
139 -5.77473 -5.77458 0.0147915
140 -5.74258 -5.77435 0.0146876
141 -5.76616 -5.77429 0.0145836
142 -5.71323 -5.77386 0.0144872
143 -5.59938 -5.77264 0.0144372
144 -5.75877 -5.77255 0.0143372
145 -5.71791 -5.77217 0.0142433
146 -5.63106 -5.7712 0.0141785
147 -5.74103 -5.771 0.0140836
148 -5.77888 -5.77105 0.0139885
149 -5.75612 -5.77095 0.013895
150 -5.6893 -5.77041 0.013813
151 -5.72302 -5.77009 0.0137251
152 -5.67352 -5.76946 0.0136495
153 -5.59207 -5.7683 0.0136094
154 -5.62827 -5.76739 0.0135514
155 -5.55399 -5.76601 0.0135337
156 -5.66709 -5.76538 0.0134618
157 -5.69134 -5.76491 0.0133843
158 -5.7617 -5.76489 0.0132996
159 -5.73308 -5.76469 0.0132175
160 -5.78425 -5.76481 0.0131354
161 -5.80502 -5.76506 0.0130562
162 -5.77959 -5.76515 0.0129759
163 -5.77496 -5.76521 0.0128965
164 -5.68478 -5.76472 0.0128272
165 -5.74551 -5.7646 0.0127499
166 -5.72118 -5.76434 0.0126758
167 -5.73177 -5.76414 0.0126014
168 -5.69114 -5.76371 0.0125339
169 -5.72556 -5.76348 0.0124618
170 -5.72638 -5.76327 0.0123904
171 -5.7202 -5.76301 0.0123205
172 -5.72582 -5.7628 0.0122507
173 -5.73492 -5.76264 0.012181
174 -5.67131 -5.76211 0.0121223
175 -5.66217 -5.76154 0.0120665
176 -5.61514 -5.76071 0.0120265
177 -5.60052 -5.7598 0.0119926
178 -5.52238 -5.75847 0.0119992
179 -5.67658 -5.75801 0.0119408
180 -5.66976 -5.75752 0.0118846
181 -5.62833 -5.75681 0.0118403
182 -5.62928 -5.75611 0.011796
183 -5.63477 -5.75544 0.0117501
184 -5.68448 -5.75506 0.0116926
185 -5.56891 -5.75405 0.0116726
186 -5.56759 -5.75305 0.0116528
187 -5.58435 -5.75215 0.0116254
188 -5.56531 -5.75115 0.011606
189 -5.65768 -5.75066 0.0115551
190 -5.64058 -5.75008 0.0115088
191 -5.63417 -5.74947 0.0114645
192 -5.70803 -5.74926 0.0114068
193 -5.64053 -5.74869 0.0113616
194 -5.65856 -5.74823 0.0113126
195 -5.58097 -5.74737 0.011287
196 -5.51315 -5.74618 0.0112925
197 -5.49132 -5.74488 0.011309
198 -5.50862 -5.74369 0.0113147
199 -5.52453 -5.74259 0.0113113
200 -5.54023 -5.74158 0.0112999
