1 -0.998096 -0.998096 0
2 -0.999204 -0.99865 0.00055404
3 -1.00737 -1.00156 0.00292364
4 -1.00819 -1.00321 0.00265029
5 -1.01245 -1.00506 0.00276196
6 -0.994743 -1.00334 0.00283608
7 -0.999583 -1.00281 0.00245635
8 -1.00237 -1.00275 0.00212795
9 -1.00391 -1.00288 0.00188108
10 -1.00299 -1.00289 0.00168252
11 -1.00903 -1.00345 0.001621
12 -0.992007 -1.0025 0.00176036
13 -0.994111 -1.00185 0.001743
14 -1.00492 -1.00207 0.0016285
15 -0.99572 -1.00165 0.00157404
16 -1.00281 -1.00172 0.00147419
17 -0.99632 -1.0014 0.00142071
18 -1.00061 -1.00136 0.00134017
19 -1.0094 -1.00178 0.00133643
20 -1.00547 -1.00197 0.00128118
