1 0.133621 0.133621 0
2 0.140997 0.137309 0.00368787
3 0.0882024 0.12094 0.0165068
4 0.0853331 0.112038 0.0146792
5 0.056181 0.100867 0.0159402
6 0.164518 0.111475 0.0167908
7 0.126517 0.113624 0.0143526
8 0.125656 0.115128 0.0125204
9 0.11534 0.115152 0.011042
10 0.119274 0.115564 0.00988484
11 0.0780604 0.112155 0.00956915
12 0.181756 0.117955 0.0104856
13 0.13691 0.119413 0.00975497
14 0.108453 0.11863 0.00906521
15 0.16426 0.121672 0.00897076
16 0.11602 0.121319 0.00839881
17 0.162709 0.123753 0.00825646
18 0.113943 0.123208 0.00780332
19 0.0777482 0.120816 0.00775931
20 0.100247 0.119787 0.00743262
