1 0.769184 0.769184 0
2 0.871388 0.820286 0.051102
3 0.9368 0.859124 0.0487736
4 0.957864 0.883809 0.042412
5 0.982636 0.903574 0.0383398
6 0.805556 0.887238 0.0353106
7 0.798732 0.874594 0.0324108
8 0.927112 0.881159 0.0288261
9 0.941492 0.887863 0.0262912
10 0.9181 0.890886 0.0237092
11 0.955472 0.896758 0.022235
12 0.781128 0.887122 0.0224687
13 0.596756 0.864786 0.0304313
14 0.944256 0.870463 0.0287401
15 0.8496 0.869072 0.0267917
16 0.892324 0.870525 0.0251034
17 0.867208 0.87033 0.0235814
18 0.770316 0.864774 0.0229165
19 0.96906 0.870262 0.022361
20 0.922972 0.872898 0.0213766
