1 86.83 86.83 0
2 85.0569 85.9435 0.886584
3 92.2659 88.0509 2.16876
4 93.6942 89.4618 2.08378
5 97.0172 90.9728 2.21103
6 84.2668 89.8552 2.12327
7 86.7663 89.4139 1.84795
8 89.6007 89.4373 1.60054
9 91.3763 89.6527 1.42789
10 89.3317 89.6206 1.27755
11 94.2964 90.0457 1.23129
12 80.9416 89.287 1.35609
13 86.867 89.1009 1.26123
14 91.7643 89.2911 1.18307
15 85.4819 89.0372 1.13028
16 88.7592 89.0198 1.05742
17 83.4783 88.6938 1.04539
18 89.6764 88.7484 0.987117
19 94.8941 89.0719 0.988158
20 91.9924 89.2179 0.948754
