1 0.289828 0.289828 0
2 0.343707 0.316768 0.0269397
3 0.317481 0.317005 0.0155555
4 0.318431 0.317362 0.0110051
5 0.299315 0.313752 0.0092572
6 0.33321 0.316995 0.00822481
7 0.340538 0.320359 0.00772213
8 0.350116 0.324078 0.00765241
9 0.328195 0.324536 0.00676428
10 0.372435 0.329326 0.00771674
11 0.32555 0.328982 0.00698849
12 0.31687 0.327973 0.00645895
13 0.298822 0.325731 0.00635045
14 0.335375 0.32642 0.00591959
15 0.348203 0.327872 0.00569896
16 0.350523 0.329288 0.00551568
17 0.334499 0.329594 0.00519014
18 0.352339 0.330858 0.00505383
19 0.320926 0.330335 0.00480894
20 0.313154 0.329476 0.00464234
