1 -0.948412 -0.948412 0
2 -0.933214 -0.940813 0.00759856
3 -0.941521 -0.941049 0.00439337
4 -0.939987 -0.940784 0.0031179
5 -0.945181 -0.941663 0.00257027
6 -0.936239 -0.940759 0.00228503
7 -0.934274 -0.939833 0.00214194
8 -0.933531 -0.939045 0.00201529
9 -0.939545 -0.9391 0.00177819
10 -0.926513 -0.937842 0.00202831
11 -0.93774 -0.937832 0.0018347
12 -0.940826 -0.938082 0.00169332
13 -0.942368 -0.938412 0.00159214
14 -0.935952 -0.938236 0.00148447
15 -0.931759 -0.937804 0.00144785
16 -0.927942 -0.937188 0.00148802
17 -0.938178 -0.937246 0.00139896
18 -0.93006 -0.936847 0.00137805
19 -0.939658 -0.936995 0.00131187
20 -0.941384 -0.937214 0.00126376
