1 46.9007 46.9007 0
2 40.8172 43.859 3.04176
3 42.9605 43.5595 1.78151
4 43.392 43.5176 1.26042
5 44.7233 43.7588 1.00565
6 41.5883 43.397 0.897263
7 39.0299 42.7731 0.981972
8 39.6566 42.3836 0.935398
9 44.9558 42.6694 0.873048
10 35.2767 41.9301 1.07531
11 43.1611 42.042 0.979072
12 43.9175 42.1983 0.907329
13 43.7574 42.3182 0.843193
14 41.6012 42.267 0.782324
15 39.2787 42.0678 0.755059
16 37.5324 41.7843 0.761052
17 42.4557 41.8238 0.715974
18 38.4007 41.6337 0.701304
19 41.8463 41.6448 0.663462
20 43.2492 41.7251 0.634506
