1 0.643776 0.643776 0
2 0.50672 0.575248 0.068528
3 0.607244 0.585913 0.040977
4 0.550168 0.576977 0.0303218
5 0.598252 0.581232 0.0238695
6 0.533964 0.573354 0.0210214
7 0.51888 0.565572 0.0193959
8 0.593752 0.569095 0.0171627
9 0.636852 0.576623 0.0169051
10 0.499244 0.568885 0.0169853
11 0.53138 0.565476 0.0157376
12 0.578916 0.566596 0.01441
13 0.449604 0.557596 0.0160215
14 0.5432 0.556568 0.0148687
15 0.470752 0.550847 0.0149777
16 0.328288 0.536937 0.0197427
17 0.631324 0.542489 0.0193584
18 0.449796 0.53734 0.0189638
19 0.568096 0.538958 0.0180109
20 0.569212 0.540471 0.0171534
