1 -0.86696 -0.86696 0
2 -0.856798 -0.861879 0.00508128
3 -0.860626 -0.861461 0.00296328
4 -0.855818 -0.860051 0.002526
5 -0.850505 -0.858142 0.0027337
6 -0.851462 -0.857028 0.00249429
7 -0.859813 -0.857426 0.00214528
8 -0.862726 -0.858089 0.00197246
9 -0.860698 -0.858379 0.00176355
10 -0.858871 -0.858428 0.00157813
11 -0.864153 -0.858948 0.00151941
12 -0.861636 -0.859172 0.00140499
13 -0.868753 -0.859909 0.00148776
14 -0.858235 -0.85979 0.00138258
15 -0.857311 -0.859624 0.00129768
16 -0.858608 -0.859561 0.00121553
17 -0.859323 -0.859547 0.00114187
18 -0.864928 -0.859846 0.00111731
19 -0.863641 -0.860046 0.00107557
20 -0.860964 -0.860091 0.00102141
