1 19.192 19.192 0
2 17.9727 18.5823 0.60962
3 18.8032 18.656 0.359581
4 16.1522 18.03 0.675599
5 14.6718 17.3584 0.851458
6 16.5116 17.2173 0.709392
7 17.7797 17.2976 0.604907
8 18.3866 17.4337 0.541262
9 17.9088 17.4865 0.480257
10 19.4605 17.6839 0.472739
11 20.8166 17.9687 0.513767
12 17.7142 17.9475 0.469482
13 21.5851 18.2273 0.514586
14 18.4532 18.2434 0.476687
15 18.1831 18.2394 0.44379
16 19.0101 18.2876 0.417913
17 16.7085 18.1947 0.403401
18 20.4529 18.3202 0.400487
19 18.3617 18.3223 0.378829
20 19.2421 18.3683 0.362319
