1 0.312824 0.312824 0
2 0.312696 0.31276 6.4e-05
3 0.356488 0.327336 0.014576
4 0.194124 0.294033 0.0348614
5 0.226056 0.280438 0.0302329
6 0.202688 0.267479 0.0278795
7 0.26906 0.267705 0.0235636
8 0.287516 0.270182 0.0205564
9 0.237716 0.266574 0.0184844
10 0.315532 0.27147 0.0172426
11 0.27966 0.272215 0.0156143
12 0.245392 0.269979 0.014428
13 0.396848 0.279738 0.0164737
14 0.298168 0.281055 0.0153084
15 0.199944 0.275647 0.0152427
16 0.25598 0.274418 0.0143111
17 0.212156 0.270756 0.013933
18 0.272796 0.270869 0.0131366
19 0.293228 0.272046 0.0124816
20 0.261 0.271494 0.0118539
