1 0.398975 0.398975 0
2 0.425147 0.412061 0.0130859
3 0.418416 0.414179 0.00784652
4 0.421031 0.415892 0.00580671
5 0.436757 0.420065 0.00613558
6 0.43289 0.422203 0.00544664
7 0.415302 0.421217 0.00470764
8 0.408029 0.419568 0.00439759
9 0.410434 0.418553 0.00400891
10 0.419834 0.418681 0.00358796
11 0.403595 0.41731 0.00352332
12 0.408701 0.416592 0.00329538
13 0.398457 0.415197 0.00333691
14 0.421173 0.415624 0.00311872
15 0.417769 0.415767 0.00290689
16 0.417672 0.415886 0.00272175
17 0.412937 0.415713 0.00256252
18 0.400574 0.414872 0.00255816
19 0.406517 0.414432 0.00245941
20 0.410932 0.414257 0.00233976
