1 0.182144 0.182144 0
2 0.162904 0.172524 0.00962
3 0.151796 0.165615 0.00886493
4 0.148112 0.161239 0.0076446
5 0.107792 0.15055 0.01222
6 0.1549 0.151275 0.0100039
7 0.141812 0.149923 0.00856219
8 0.118384 0.145981 0.00839795
9 0.18236 0.150023 0.00843755
10 0.200928 0.155113 0.00910315
11 0.206752 0.159808 0.00947831
12 0.183524 0.161784 0.00887532
13 0.184792 0.163554 0.00835374
14 0.157232 0.163102 0.00774723
15 0.178976 0.164161 0.0072895
16 0.150528 0.163309 0.00687173
17 0.1637 0.163332 0.00645491
18 0.221744 0.166577 0.0068969
19 0.140328 0.165195 0.00666849
20 0.109576 0.162414 0.00691054
