1 0.40909 0.40909 0
2 0.413115 0.411102 0.00201259
3 0.423746 0.415317 0.0043718
4 0.416588 0.415635 0.0031076
5 0.428674 0.418243 0.00354902
6 0.410065 0.41688 0.00320226
7 0.413186 0.416352 0.00275738
8 0.420804 0.416908 0.00245195
9 0.414007 0.416586 0.00218632
10 0.409836 0.415911 0.00206872
11 0.410436 0.415413 0.00193629
12 0.415661 0.415434 0.0017677
13 0.413974 0.415322 0.00162992
14 0.416957 0.415439 0.00151353
15 0.419708 0.415723 0.00143749
16 0.412357 0.415513 0.001361
17 0.416134 0.415549 0.00127896
18 0.409512 0.415214 0.0012516
19 0.415586 0.415234 0.00118406
20 0.422396 0.415592 0.001179
