1 10.3256 10.3256 0
2 9.6352 9.98042 0.345221
3 9.42835 9.7964 0.271275
4 9.47272 9.71548 0.20819
5 8.37229 9.44684 0.313323
6 10.7679 9.66702 0.337529
7 10.0757 9.72541 0.291178
8 9.01854 9.63705 0.267199
9 10.222 9.70204 0.244446
10 10.0771 9.73955 0.221833
11 10.3849 9.79822 0.209058
12 9.61742 9.78316 0.191437
13 9.85538 9.78871 0.176184
14 9.63015 9.77738 0.163507
15 9.65021 9.76891 0.152453
16 9.41245 9.74663 0.144336
17 9.49978 9.73211 0.136356
18 10.5205 9.77591 0.135814
19 8.72702 9.7207 0.139827
20 8.3084 9.65009 0.150276
