1 -0.793779 -0.793779 0
2 -0.790962 -0.79237 0.0014084
3 -0.78482 -0.789854 0.00264495
4 -0.788922 -0.789621 0.0018847
5 -0.781068 -0.78791 0.00224886
6 -0.792594 -0.788691 0.00199524
7 -0.790724 -0.788981 0.00171112
8 -0.785592 -0.788558 0.00154126
9 -0.790887 -0.788816 0.00138369
10 -0.794011 -0.789336 0.00134218
11 -0.793703 -0.789733 0.00127732
12 -0.79011 -0.789764 0.00116645
13 -0.791224 -0.789877 0.00107884
14 -0.789041 -0.789817 0.00100059
15 -0.787716 -0.789677 0.000941976
16 -0.791131 -0.789768 0.00088581
17 -0.789546 -0.789755 0.000832176
18 -0.794651 -0.790027 0.000830399
19 -0.789375 -0.789992 0.000786228
20 -0.784432 -0.789714 0.000796019
