1 7.05193 7.05193 0
2 5.93487 6.4934 0.558535
3 6.26609 6.41763 0.331252
4 6.65266 6.47639 0.241488
5 6.07939 6.39699 0.20321
6 6.12764 6.3521 0.171886
7 6.08729 6.31427 0.150115
8 6.03738 6.27966 0.134532
9 6.101 6.25981 0.120295
10 5.95015 6.22884 0.111962
11 5.82575 6.1922 0.107699
12 6.13848 6.18772 0.0984175
13 5.74229 6.15346 0.096798
14 6.26137 6.16116 0.0899485
15 5.97068 6.14846 0.084695
16 5.6606 6.11797 0.0848899
17 5.97334 6.10947 0.0801928
18 6.17711 6.11322 0.0756998
19 6.95267 6.1574 0.0841383
20 5.50313 6.12469 0.0862643
