1 -0.730697 -0.730697 0
2 -0.723924 -0.727311 0.0033862
3 -0.727234 -0.727285 0.00195519
4 -0.728308 -0.727541 0.00140596
5 -0.724298 -0.726892 0.00126751
6 -0.724551 -0.726502 0.00110601
7 -0.726195 -0.726458 0.000935781
8 -0.721524 -0.725841 0.00101844
9 -0.726694 -0.725936 0.000903165
10 -0.723979 -0.72574 0.000831189
11 -0.724131 -0.725594 0.000765937
12 -0.72521 -0.725562 0.000699935
13 -0.722214 -0.725305 0.000693442
14 -0.729318 -0.725591 0.0007031
15 -0.726312 -0.725639 0.000656312
16 -0.721536 -0.725383 0.000665342
17 -0.7222 -0.725196 0.000652421
18 -0.727496 -0.725323 0.000628245
19 -0.732316 -0.725691 0.00069898
20 -0.728557 -0.725835 0.00067841
