1 0.098436 0.098436 0
2 0.118216 0.108326 0.00989
3 0.128912 0.115188 0.00892699
4 0.14738 0.123236 0.0102282
5 0.092912 0.117171 0.00997754
6 0.118368 0.117371 0.00814907
7 0.124552 0.118397 0.00696321
8 0.109784 0.11732 0.00612566
9 0.1239 0.118051 0.00545157
10 0.136944 0.11994 0.00522926
11 0.097364 0.117888 0.00515613
12 0.112092 0.117405 0.00473159
13 0.117108 0.117382 0.00435249
14 0.1287 0.118191 0.00410992
15 0.121608 0.118418 0.0038329
16 0.115188 0.118217 0.00359103
17 0.0472 0.114039 0.0053693
18 0.1208 0.114415 0.00507614
19 0.143776 0.11596 0.0050441
20 0.111032 0.115714 0.00479159
