1 0.380539 0.380539 0
2 0.38898 0.384759 0.00422042
3 0.385784 0.385101 0.00246049
4 0.384932 0.385059 0.00174034
5 0.388104 0.385668 0.00147928
6 0.38855 0.386148 0.00129985
7 0.386497 0.386198 0.0010997
8 0.391674 0.386882 0.00117283
9 0.38643 0.386832 0.00103556
10 0.389795 0.387128 0.000972459
11 0.388754 0.387276 0.000891955
12 0.387773 0.387318 0.00081529
13 0.39155 0.387643 0.000817578
14 0.382996 0.387311 0.000826525
15 0.386934 0.387286 0.000769864
16 0.392152 0.38759 0.00078172
17 0.388707 0.387656 0.00073723
18 0.38529 0.387524 0.000707385
19 0.379932 0.387125 0.000779352
20 0.384182 0.386978 0.000753859
