1 3.94237 3.94237 0
2 4.2775 4.10994 0.167562
3 4.1178 4.11256 0.0967773
4 4.22047 4.13954 0.0735579
5 4.49254 4.21014 0.0907249
6 4.1314 4.19702 0.07523
7 4.06842 4.17864 0.0661819
8 4.14894 4.17493 0.0574354
9 4.08142 4.16454 0.0517079
10 4.19158 4.16724 0.0463279
11 4.06916 4.15833 0.0428434
12 4.00928 4.14591 0.0410354
13 4.25034 4.15394 0.0385924
14 4.00389 4.14322 0.0373025
15 4.16009 4.14435 0.034745
16 4.10932 4.14216 0.0325746
17 3.76125 4.11975 0.0379252
18 4.11564 4.11952 0.0357569
19 3.98217 4.11229 0.0345866
20 4.12595 4.11298 0.0328188
