1 0.061064 0.061064 0
2 0.092028 0.076546 0.015482
3 0.08154 0.0782107 0.00909223
4 0.056084 0.072679 0.00848137
5 0.093424 0.076828 0.00777009
6 0.08138 0.0775867 0.00638946
7 0.079536 0.0778651 0.00540725
8 0.071224 0.077035 0.00475583
9 0.076552 0.0769813 0.00419459
10 0.067848 0.076068 0.00386133
11 0.089136 0.077256 0.00368922
12 0.077352 0.077264 0.00336779
13 0.064384 0.0762732 0.00325249
14 0.095632 0.077656 0.00331353
15 0.063528 0.0767141 0.00322532
16 0.080404 0.0769447 0.00302581
17 0.067172 0.0763699 0.00289981
18 0.045012 0.0746278 0.00324183
19 0.060264 0.0738718 0.00315828
20 0.0626 0.0733082 0.00304875
