1 0.351615 0.351615 0
2 0.348948 0.350282 0.0013332
3 0.349257 0.34994 0.000842063
4 0.350805 0.350156 0.000633448
5 0.351777 0.35048 0.000588082
6 0.349703 0.350351 0.000497349
7 0.351207 0.350473 0.000437785
8 0.3496 0.350364 0.000394518
9 0.347278 0.350021 0.000488474
10 0.349674 0.349986 0.000438282
11 0.353627 0.350317 0.000516439
12 0.349556 0.350254 0.000475689
13 0.349932 0.350229 0.000438269
14 0.351639 0.35033 0.000418061
15 0.35295 0.350505 0.00042659
16 0.351578 0.350572 0.000404638
17 0.354883 0.350825 0.000456924
18 0.350273 0.350795 0.000431882
19 0.351764 0.350846 0.000411691
20 0.351356 0.350871 0.000391398
