1 -0.665149 -0.665149 0
2 -0.668785 -0.666967 0.00181764
3 -0.668279 -0.667404 0.00113688
4 -0.665522 -0.666934 0.000931528
5 -0.665588 -0.666665 0.000770077
6 -0.667348 -0.666778 0.000638988
7 -0.665903 -0.666653 0.000554343
8 -0.667808 -0.666798 0.000501321
9 -0.670419 -0.6672 0.000597809
10 -0.667549 -0.667235 0.000535834
11 -0.663311 -0.666878 0.000601818
12 -0.667787 -0.666954 0.000554577
13 -0.66712 -0.666967 0.000510296
14 -0.665657 -0.666873 0.000481621
15 -0.663135 -0.666624 0.000512981
16 -0.665816 -0.666573 0.000482499
17 -0.661063 -0.666249 0.000557195
18 -0.665868 -0.666228 0.000525755
19 -0.664709 -0.666148 0.000503698
20 -0.665476 -0.666115 0.000479031
