1 3.0637 3.0637 0
2 3.29058 3.17714 0.11344
3 3.12051 3.15826 0.06816
4 3.20863 3.17086 0.0498144
5 2.96574 3.12983 0.056319
6 2.85072 3.08331 0.0654105
7 3.23177 3.10452 0.0592103
8 2.96873 3.08755 0.0540139
9 2.9808 3.07569 0.0490902
10 3.19 3.08712 0.0453713
11 3.14369 3.09226 0.0413608
12 3.11462 3.09412 0.037803
13 3.01231 3.08783 0.0353386
14 3.11997 3.09013 0.0327976
15 3.02998 3.08612 0.0307951
16 3.05583 3.08422 0.0288682
17 3.11795 3.08621 0.0271895
18 3.09246 3.08655 0.0256368
19 2.90797 3.07716 0.0260078
20 3.0868 3.07764 0.0246779
