1 0.060484 0.060484 0
2 0.058668 0.059576 0.000908
3 0.050512 0.0565547 0.00306648
4 0.079308 0.062243 0.00608759
5 0.046328 0.05906 0.00568918
6 0.054712 0.0583353 0.00470138
7 0.065964 0.0594251 0.00412014
8 0.045088 0.057633 0.00399292
9 0.05876 0.0577582 0.00352365
10 0.071856 0.059168 0.00345259
11 0.062116 0.059436 0.00313446
12 0.082104 0.061325 0.00342866
13 0.048576 0.0603443 0.00330286
14 0.065848 0.0607374 0.00308302
15 0.052508 0.0601888 0.0029221
16 0.055708 0.0599087 0.00274768
17 0.047364 0.0591708 0.00268442
18 0.057132 0.0590576 0.00253343
19 0.048764 0.0585158 0.00245686
20 0.057408 0.0584604 0.00233144
