1 -0.614882 -0.614882 0
2 -0.616965 -0.615924 0.00104184
3 -0.61553 -0.615792 0.000615626
4 -0.61421 -0.615397 0.000588193
5 -0.612543 -0.614826 0.000730386
6 -0.611534 -0.614277 0.000810329
7 -0.617639 -0.614758 0.000836472
8 -0.611174 -0.61431 0.000851737
9 -0.612847 -0.614147 0.000768536
10 -0.619261 -0.614659 0.000856764
11 -0.618666 -0.615023 0.000856345
12 -0.619186 -0.61537 0.000855258
13 -0.614956 -0.615338 0.000787368
14 -0.611909 -0.615093 0.000769009
15 -0.616298 -0.615173 0.000720403
16 -0.61597 -0.615223 0.000675712
17 -0.614779 -0.615197 0.000635258
18 -0.617263 -0.615312 0.000609821
19 -0.614727 -0.615281 0.000577653
20 -0.618292 -0.615432 0.000568315
