1 0.312181 0.312181 0
2 0.310941 0.311561 0.000620057
3 0.311585 0.311569 0.000358081
4 0.312942 0.311912 0.000426539
5 0.313518 0.312234 0.000460724
6 0.314196 0.312561 0.000498503
7 0.31058 0.312278 0.000507529
8 0.314207 0.312519 0.000501318
9 0.31363 0.312642 0.000459051
10 0.309846 0.312363 0.000496738
11 0.309892 0.312138 0.000502317
12 0.310121 0.31197 0.000488403
13 0.312168 0.311985 0.000449523
14 0.313959 0.312126 0.000439408
15 0.311174 0.312063 0.000413967
16 0.311402 0.312021 0.000389425
17 0.311939 0.312017 0.000365833
18 0.310798 0.311949 0.000351496
19 0.31225 0.311965 0.000332859
20 0.310014 0.311867 0.000330497
