1 0.057328 0.057328 0
2 0.054236 0.055782 0.001546
3 0.041652 0.051072 0.00479383
4 0.045444 0.049665 0.00367016
5 0.03574 0.04688 0.00397973
6 0.048164 0.047094 0.00325648
7 0.053644 0.0480297 0.00290694
8 0.059004 0.0494015 0.00286697
9 0.048284 0.0492773 0.00253148
10 0.056436 0.0499932 0.00237469
11 0.062976 0.0511735 0.00245089
12 0.052392 0.051275 0.00223965
13 0.052636 0.0513797 0.00206284
14 0.044076 0.050858 0.00197979
15 0.047112 0.0506083 0.00185992
16 0.057612 0.051046 0.00179402
17 0.024284 0.0494718 0.0023061
18 0.039912 0.0489407 0.00223814
19 0.04602 0.0487869 0.00212264
20 0.050624 0.0488788 0.0020158
