1 -0.566531 -0.566531 0
2 -0.568325 -0.567428 0.00089708
3 -0.571345 -0.568733 0.00140476
4 -0.567517 -0.568429 0.00103884
5 -0.568331 -0.56841 0.000804921
6 -0.569339 -0.568565 0.000675234
7 -0.565841 -0.568175 0.0006907
8 -0.571532 -0.568595 0.000730648
9 -0.567326 -0.568454 0.000659626
10 -0.568881 -0.568497 0.000591528
11 -0.571772 -0.568794 0.000612307
12 -0.57212 -0.569071 0.000623883
13 -0.574061 -0.569455 0.000690391
14 -0.564618 -0.56911 0.000726606
15 -0.575078 -0.569508 0.000784785
16 -0.570968 -0.569599 0.000739753
17 -0.568742 -0.569548 0.000696705
18 -0.570758 -0.569616 0.000660289
19 -0.569712 -0.569621 0.000624591
20 -0.569932 -0.569636 0.000592744
