1 0.277916 0.277916 0
2 0.276843 0.277379 0.000536266
3 0.275403 0.276721 0.000727818
4 0.277342 0.276876 0.000537611
5 0.27674 0.276849 0.000417314
6 0.276602 0.276808 0.000343205
7 0.278388 0.277034 0.000367577
8 0.275653 0.276861 0.000362104
9 0.277635 0.276947 0.000330733
10 0.276952 0.276948 0.000295817
11 0.275737 0.276838 0.000289311
12 0.275075 0.276691 0.00030221
13 0.274333 0.276509 0.000331909
14 0.278614 0.27666 0.000342106
15 0.273815 0.27647 0.000370685
16 0.275719 0.276423 0.000349907
17 0.276576 0.276432 0.000328804
18 0.275742 0.276394 0.000312359
19 0.276315 0.27639 0.000295491
20 0.276319 0.276386 0.00028035
