1 2.26645 2.26645 0
2 2.45055 2.3585 0.0920542
3 2.32089 2.34596 0.0546059
4 2.47265 2.37763 0.049939
5 2.3421 2.37053 0.0393302
6 2.34826 2.36682 0.0323267
7 2.27597 2.35384 0.0302468
8 2.42999 2.36336 0.0278706
9 2.36013 2.363 0.0245822
10 2.37389 2.36409 0.0220139
11 2.33963 2.36186 0.0200361
12 2.48817 2.37239 0.0211025
13 2.47464 2.38025 0.0209444
14 2.3094 2.37519 0.0200402
15 2.5564 2.38727 0.022226
16 2.60722 2.40102 0.0249242
17 2.35926 2.39856 0.0235407
18 2.32264 2.39435 0.0225916
19 2.37474 2.39331 0.0213945
20 2.43405 2.39535 0.0203985
