1 0.245917 0.245917 0
2 0.244799 0.245358 0.000559034
3 0.244772 0.245163 0.000377312
4 0.243208 0.244674 0.000556712
5 0.244199 0.244579 0.00044157
6 0.24483 0.244621 0.000362957
7 0.24392 0.244521 0.000322663
8 0.244767 0.244552 0.000281124
9 0.24399 0.244489 0.00025565
10 0.243629 0.244403 0.000244293
11 0.24422 0.244387 0.000221601
12 0.244351 0.244384 0.000202315
13 0.243731 0.244333 0.000192758
14 0.244813 0.244368 0.000181718
15 0.244907 0.244404 0.000172952
16 0.246256 0.244519 0.000198931
17 0.244 0.244489 0.00018934
18 0.244612 0.244496 0.000178643
19 0.244561 0.244499 0.000169015
20 0.244022 0.244475 0.00016211
