1 1.96947 1.96947 0
2 2.02179 1.99563 0.02616
3 1.93892 1.97673 0.0241975
4 1.80493 1.93378 0.0462329
5 1.92618 1.93226 0.035844
6 1.9611 1.93707 0.0296587
7 1.95836 1.94011 0.0252501
8 1.94551 1.94078 0.0218777
9 1.99854 1.9472 0.0203334
10 2.05679 1.95816 0.0212334
11 2.01647 1.96346 0.0199245
12 1.99454 1.96605 0.0183719
13 2.0163 1.96992 0.0173361
14 1.92884 1.96698 0.0163161
15 1.84493 1.95884 0.0172315
16 2.03694 1.96373 0.0168414
17 1.88836 1.95929 0.0164293
18 1.97609 1.96023 0.0155177
19 1.89073 1.95657 0.0151271
20 2.05028 1.96125 0.0150964
