1 0.044892 0.044892 0
2 0.024636 0.034764 0.010128
3 0.021744 0.030424 0.00728201
4 0.032204 0.030869 0.00516835
5 0.040088 0.0327128 0.00440758
6 0.03092 0.032414 0.00361115
7 0.01876 0.0304634 0.00362206
8 0.047724 0.032621 0.00380718
9 0.046132 0.0341222 0.00367794
10 0.055344 0.0362444 0.00391477
11 0.030544 0.0357262 0.00357876
12 0.047604 0.036716 0.0034136
13 0.035264 0.0366043 0.00314205
14 0.03312 0.0363554 0.0029196
15 0.022016 0.0353995 0.00288121
16 0.043112 0.0358815 0.00273789
17 0.038032 0.036008 0.00257491
18 0.038252 0.0361327 0.00243085
19 0.02926 0.0357709 0.00232763
20 0.030024 0.0354836 0.0022268
