1 -0.526402 -0.526402 0
2 -0.528237 -0.527319 0.00091744
3 -0.528171 -0.527603 0.000600954
4 -0.533316 -0.529031 0.00149011
5 -0.530962 -0.529417 0.00121709
6 -0.528946 -0.529339 0.000996846
7 -0.530319 -0.529479 0.000854048
8 -0.529474 -0.529478 0.000739627
9 -0.531539 -0.529707 0.000691291
10 -0.532475 -0.529984 0.000677422
11 -0.530179 -0.530002 0.000613007
12 -0.530696 -0.53006 0.000562579
13 -0.531481 -0.530169 0.000528926
14 -0.529038 -0.530088 0.000496304
15 -0.52856 -0.529986 0.00047313
16 -0.525182 -0.529686 0.000534814
17 -0.531121 -0.529771 0.000509408
18 -0.529741 -0.529769 0.000480277
19 -0.529265 -0.529742 0.000455069
20 -0.531144 -0.529812 0.000437372
