1 0.03512 0.03512 0
2 0.039588 0.037354 0.002234
3 0.037632 0.0374467 0.00129313
4 0.03564 0.036995 0.00101985
5 0.033388 0.0362736 0.0010698
6 0.031844 0.0355353 0.00114369
7 0.030728 0.0348486 0.00118572
8 0.034512 0.0348065 0.00102773
9 0.034704 0.0347951 0.000906443
10 0.038668 0.0351824 0.000898501
11 0.032672 0.0349542 0.000844159
12 0.030752 0.034604 0.000846442
13 0.037444 0.0348225 0.000808681
14 0.031128 0.0345586 0.000793838
15 0.040304 0.0349416 0.000832386
16 0.037612 0.0351085 0.000796312
17 0.034988 0.0351014 0.000748039
18 0.017644 0.0341316 0.00119917
19 0.031116 0.0339728 0.00114535
20 0.034792 0.0340138 0.00108735
