1 -0.489958 -0.489958 0
2 -0.49352 -0.491739 0.00178068
3 -0.496681 -0.493386 0.00194169
4 -0.494865 -0.493756 0.00142187
5 -0.493724 -0.493749 0.00110139
6 -0.492605 -0.493559 0.000919295
7 -0.494343 -0.493671 0.000784974
8 -0.496434 -0.494016 0.000762542
9 -0.498406 -0.494504 0.000830769
10 -0.495197 -0.494573 0.000746291
11 -0.492301 -0.494367 0.000705932
12 -0.492399 -0.494203 0.000664959
13 -0.493445 -0.494144 0.000614445
14 -0.494743 -0.494187 0.000570468
15 -0.49339 -0.494134 0.000533729
16 -0.494952 -0.494185 0.000501869
17 -0.492596 -0.494092 0.000480606
18 -0.495881 -0.494191 0.000463894
19 -0.49659 -0.494317 0.000456608
20 -0.494592 -0.494331 0.000433394
