1 1.5652 1.5652 0
2 1.56787 1.56653 0.00133405
3 1.62048 1.58451 0.0179992
4 1.65813 1.60292 0.0223755
5 1.63635 1.60961 0.0185774
6 1.63544 1.61391 0.0157676
7 1.55684 1.60576 0.015622
8 1.69405 1.6168 0.0174599
9 1.63991 1.61936 0.015611
10 1.65689 1.62312 0.0144583
11 1.60972 1.6219 0.0131346
12 1.60483 1.62048 0.0120743
13 1.53692 1.61405 0.0128324
14 1.65648 1.61708 0.012261
15 1.59828 1.61583 0.011483
16 1.63577 1.61707 0.0108134
17 1.58522 1.6152 0.0103289
18 1.62671 1.61584 0.00975914
19 1.60045 1.61503 0.00926666
20 1.60744 1.61465 0.00879931
