1 0.218119 0.218119 0
2 0.217211 0.217665 0.000453688
3 0.216006 0.217112 0.000611823
4 0.216729 0.217017 0.000443083
5 0.216966 0.217006 0.000343361
6 0.217294 0.217054 0.000284415
7 0.216819 0.217021 0.000242719
8 0.216105 0.216906 0.000239327
9 0.215629 0.216764 0.00025431
10 0.216743 0.216762 0.000227472
11 0.217406 0.216821 0.000213907
12 0.217361 0.216866 0.00020039
13 0.217052 0.21688 0.000184887
14 0.216622 0.216862 0.000172162
15 0.217247 0.216887 0.000162325
16 0.21683 0.216884 0.000151884
17 0.217422 0.216915 0.000146135
18 0.216234 0.216877 0.000142888
19 0.216133 0.216838 0.000140721
20 0.216769 0.216835 0.000133545
