1 1.39472 1.39472 0
2 1.45534 1.42503 0.030312
3 1.3319 1.39399 0.0356383
4 1.38794 1.39248 0.0252453
5 1.36577 1.38714 0.0202711
6 1.37573 1.38523 0.0166601
7 1.34316 1.37922 0.0153098
8 1.29827 1.3691 0.0166792
9 1.36835 1.36902 0.0147099
10 1.41085 1.3732 0.0138059
11 1.32649 1.36896 0.0131902
12 1.38694 1.37046 0.0121338
13 1.44056 1.37585 0.0123961
14 1.3706 1.37547 0.0114827
15 1.38089 1.37583 0.0106959
16 1.36307 1.37504 0.0100368
17 1.3683 1.37464 0.00943631
18 1.42609 1.3775 0.0093445
19 1.33257 1.37513 0.00914987
20 1.37479 1.37512 0.00868034
