1 0.028336 0.028336 0
2 0.01868 0.023508 0.004828
3 0.02264 0.0232187 0.00280242
4 0.039072 0.027182 0.00443112
5 0.026068 0.0269592 0.00343955
6 0.028756 0.0272587 0.0028243
7 0.028396 0.0274211 0.0023925
8 0.024796 0.027093 0.00209779
9 0.027176 0.0271022 0.0018501
10 0.027204 0.0271124 0.00165481
11 0.03114 0.0274785 0.00154096
12 0.026576 0.0274033 0.00140871
13 0.027956 0.0274458 0.00129652
14 0.022604 0.0271 0.00124917
15 0.030264 0.0273109 0.00118189
16 0.034436 0.0277562 0.00119188
17 0.033464 0.028092 0.00116883
18 0.025064 0.0279238 0.00111475
19 0.028072 0.0279316 0.00105448
20 0.029808 0.0280254 0.00100476
