1 0.193096 0.193096 0
2 0.192886 0.192991 0.000105049
3 0.192669 0.192884 0.000123232
4 0.19239 0.19276 0.00015124
5 0.192617 0.192732 0.000120624
6 0.192998 0.192776 0.000108031
7 0.192267 0.192703 0.000116766
8 0.193778 0.192838 0.000168155
9 0.192768 0.19283 0.000148499
10 0.192826 0.192829 0.000132822
11 0.192778 0.192825 0.000120234
12 0.192644 0.19281 0.000110786
13 0.192249 0.192767 0.000110659
14 0.193039 0.192786 0.000104276
15 0.193035 0.192803 9.84802e-05
16 0.193697 0.192859 0.00010775
17 0.193055 0.19287 0.000101869
18 0.192683 0.19286 9.66032e-05
19 0.193148 0.192875 9.26255e-05
20 0.192973 0.19288 8.80084e-05
