1 -0.462215 -0.462215 0
2 -0.462862 -0.462538 0.00032344
3 -0.463797 -0.462958 0.000459228
4 -0.464813 -0.463422 0.000566286
5 -0.463617 -0.463461 0.000440386
6 -0.462871 -0.463363 0.000372762
7 -0.465712 -0.463698 0.000460325
8 -0.45892 -0.463101 0.000718098
9 -0.462664 -0.463052 0.000635164
10 -0.462752 -0.463022 0.000568901
11 -0.463263 -0.463044 0.000515054
12 -0.463364 -0.463071 0.000470931
13 -0.465127 -0.463229 0.000461171
14 -0.461748 -0.463123 0.000439868
15 -0.462005 -0.463049 0.000416221
16 -0.459473 -0.462825 0.000448926
17 -0.461909 -0.462771 0.00042512
18 -0.463253 -0.462798 0.0004017
19 -0.461617 -0.462736 0.000385018
20 -0.462588 -0.462729 0.000365335
