0 48 3 26 4 9 29 25 10 46 30 34 37 23 39 22 32 15 27 11 43 35 12 45 41 8 6 47 20 13 36 2 24 16 44 5 1 21 7 42 33 18 19 38 28 31 17 14 40 49 21918.4 29291.6
0 48 3 26 4 9 29 25 10 46 30 34 37 23 39 22 32 15 27 11 43 35 12 45 41 8 6 47 20 13 36 2 24 21 44 7 16 1 5 42 33 18 19 38 28 31 17 14 40 49 20556 26000.9
0 42 12 4 15 9 39 38 48 3 26 29 25 10 46 30 23 22 32 27 11 43 35 45 24 36 1 5 47 16 44 20 8 13 2 41 6 21 7 18 19 28 31 17 14 40 49 34 33 37 18447.3 22776.9
0 42 12 4 15 9 39 38 48 3 26 29 25 10 46 30 23 22 32 27 11 43 35 45 20 44 16 47 5 1 36 24 8 13 2 41 6 21 7 18 19 28 31 17 14 40 49 34 33 37 18104.5 20899.6
0 42 12 4 15 9 39 38 48 3 26 29 25 24 45 35 43 11 27 32 22 23 30 46 10 36 1 5 47 16 44 20 17 31 28 19 18 7 21 6 41 2 13 8 14 40 49 34 33 37 17255.1 19643.8
0 42 12 4 15 9 39 38 48 3 26 29 25 24 45 35 43 11 27 32 22 23 30 46 10 36 1 5 47 19 18 7 21 6 41 2 13 8 14 40 49 34 16 44 20 17 31 28 33 37 17147.9 18873.6
0 42 12 15 39 38 9 4 26 3 48 25 27 11 43 35 45 29 24 32 22 23 30 46 10 36 1 5 47 16 44 20 17 31 28 19 18 7 21 6 41 2 13 8 14 40 49 34 33 37 15709.3 17926
0 42 12 15 39 38 9 45 29 24 32 4 26 3 48 25 27 11 43 35 22 23 30 46 10 36 1 5 47 16 44 20 17 31 28 19 18 7 21 6 41 2 13 8 14 40 49 34 33 37 14508.2 17138
0 42 12 15 39 38 9 45 29 24 32 25 27 11 43 35 22 23 30 46 10 36 1 4 26 3 48 5 47 16 44 20 17 31 28 19 18 7 21 6 41 2 13 8 14 40 49 34 33 37 13212.7 16314.4
0 42 12 15 39 38 9 45 29 24 32 25 27 11 43 35 22 23 30 46 10 36 1 4 26 3 48 5 47 16 44 20 17 31 28 6 21 7 18 19 41 2 13 8 14 40 49 34 33 37 13057.3 15125.6
0 42 12 15 39 38 9 45 29 24 32 25 27 11 43 2 41 19 18 7 21 6 28 31 17 20 44 16 47 5 48 3 26 4 1 36 10 46 30 23 22 35 13 8 14 40 49 34 33 37 12310.6 14025.1
0 42 12 15 39 38 9 5 48 3 26 4 1 36 10 46 30 23 22 35 13 8 41 19 18 7 21 6 28 31 17 20 44 16 47 45 29 24 32 25 27 11 43 2 14 40 49 34 33 37 11765.8 13453
0 42 12 15 39 38 47 16 44 20 17 31 28 19 18 7 21 6 41 2 13 8 14 40 49 5 48 3 26 35 22 23 30 46 10 36 1 4 43 11 27 25 32 24 29 45 9 34 33 37 11383.4 13019.7
0 42 12 15 39 38 20 44 16 47 13 8 14 17 31 28 19 18 7 21 6 41 2 40 49 5 48 3 26 4 1 36 10 46 30 23 22 35 43 11 27 25 32 24 29 45 9 34 33 37 11093.7 12529
0 42 12 15 39 38 47 16 44 20 17 31 28 19 18 7 21 6 41 48 3 26 35 22 23 30 46 10 36 1 4 43 2 13 8 14 40 49 5 11 27 25 32 24 29 45 9 34 33 37 10703.2 11935.5
0 42 12 15 39 38 20 44 16 47 13 8 14 17 31 28 19 18 7 21 6 41 48 3 26 35 22 23 30 46 10 36 1 4 43 2 40 49 5 11 27 25 32 24 29 45 9 34 33 37 9684.97 11669.9
0 42 12 15 39 38 18 19 28 31 17 14 8 13 47 16 44 20 7 21 6 41 48 3 26 35 22 23 30 46 10 36 1 4 43 2 40 49 5 11 27 25 32 24 29 45 9 34 33 37 9664.02 11275
0 42 12 15 39 38 20 44 16 47 13 17 31 28 6 21 7 18 19 41 8 14 48 3 26 35 22 23 30 46 10 36 1 4 43 2 40 49 5 11 27 25 32 24 29 45 9 34 33 37 9425.74 10686.2
0 42 12 15 39 38 18 19 20 44 16 47 13 17 31 28 6 21 7 41 8 14 48 3 26 35 22 23 30 2 40 49 5 46 10 36 1 4 43 11 27 25 32 24 29 45 9 34 33 37 9270.17 10193.2
0 42 12 15 39 38 18 19 28 31 17 14 8 13 47 16 44 20 7 6 21 41 48 3 26 35 22 23 30 46 1 4 10 36 43 2 40 49 5 11 27 25 32 24 29 45 9 34 33 37 9134.83 9829.48
0 42 12 7 41 8 14 48 3 26 35 15 39 17 31 28 6 21 22 23 30 2 40 49 5 46 10 36 1 4 43 11 27 25 32 24 29 45 9 34 33 37 38 18 19 20 44 16 47 13 9110.16 9742.34
0 42 12 7 41 8 14 48 3 26 35 15 39 17 31 28 6 21 22 23 30 2 40 49 5 43 4 1 36 10 46 11 27 25 32 24 29 45 9 34 33 37 38 18 19 20 44 16 47 13 8814.51 9544.91
0 42 12 16 44 20 19 18 38 37 33 34 9 45 29 24 23 30 2 40 49 5 43 4 1 36 10 46 11 27 25 32 22 21 6 28 31 17 39 15 35 26 3 48 14 8 41 7 47 13 8462.04 9428.74
0 42 12 16 44 20 19 18 38 37 33 34 9 45 29 24 23 30 2 40 49 5 43 4 1 36 10 46 11 27 25 32 22 21 6 28 31 17 15 35 26 3 48 14 8 39 41 7 47 13 8222.33 9555.17
0 42 12 16 44 20 19 18 38 37 33 29 45 9 34 24 23 30 2 40 49 5 43 4 1 36 10 46 11 27 25 32 22 21 6 28 31 17 15 35 26 3 48 14 8 39 41 7 47 13 7917.14 9396.69
0 42 23 30 2 40 49 5 43 4 1 36 10 46 11 27 25 32 22 21 6 28 31 17 15 12 16 44 20 19 18 38 37 33 29 45 9 34 24 35 26 3 48 14 8 39 41 7 47 13 7837.77 9317.31
0 9 34 24 35 26 3 48 14 42 23 30 2 40 49 5 43 4 1 36 10 46 11 27 25 32 22 21 6 28 31 17 15 12 16 44 20 19 18 38 37 33 29 45 8 39 41 7 47 13 7676.48 8788.23
0 9 34 24 35 26 3 48 14 42 23 30 2 40 49 5 43 4 1 36 10 46 11 27 25 32 22 21 6 28 31 17 15 12 16 44 20 19 18 38 37 33 29 45 8 39 41 7 47 13 7676.48 8624.3
0 9 34 24 35 26 30 2 40 49 5 43 4 1 36 10 46 11 27 25 32 22 21 6 28 31 17 15 12 16 44 20 19 18 38 37 33 29 45 8 39 41 7 47 13 3 48 14 42 23 7495.4 8264.57
0 9 34 24 35 26 3 48 14 42 23 30 2 40 49 5 43 4 1 36 10 46 11 27 25 32 22 21 6 28 31 45 29 33 37 38 18 19 20 44 16 12 15 17 8 13 47 7 41 39 7488.7 8149.44
0 9 34 24 35 26 30 2 40 49 5 43 4 1 36 10 46 11 27 25 32 22 21 6 28 31 17 15 12 16 44 20 29 33 37 38 18 19 45 41 8 39 7 47 13 3 48 14 42 23 7375.97 8023.25
0 8 39 7 47 13 9 34 24 35 26 30 2 40 49 5 43 4 1 36 10 46 11 27 25 32 22 21 6 28 31 17 15 12 16 44 20 29 33 37 38 18 19 45 41 3 48 14 42 23 7348.15 8056.82
0 9 8 39 7 47 34 24 35 26 30 2 40 49 5 43 4 1 36 10 46 11 27 25 32 22 21 6 28 31 17 15 12 16 44 20 29 33 37 38 18 19 45 41 13 3 48 14 42 23 7302.53 7860.49
0 8 39 7 47 13 9 34 24 35 26 30 2 27 11 46 10 36 1 4 43 5 49 40 25 32 22 21 6 28 31 17 15 12 16 44 20 29 33 37 38 18 19 45 41 3 48 14 42 23 7208.39 7764.47
0 9 8 39 7 47 34 24 35 26 30 2 27 11 46 10 36 1 4 43 5 49 40 25 32 22 21 6 28 31 17 15 12 16 44 20 29 33 37 38 18 19 45 41 13 3 48 14 42 23 7162.76 7600.55
0 9 8 39 7 47 34 24 26 35 30 2 27 11 46 10 36 1 4 43 5 49 40 25 32 22 21 6 28 31 17 15 12 16 44 20 29 33 37 38 18 19 45 41 13 3 48 14 42 23 7109.83 7463.47
0 9 8 39 7 47 34 31 28 6 21 22 32 25 40 49 5 43 4 1 36 10 46 11 27 2 30 35 26 24 17 15 12 16 44 20 29 33 37 38 18 19 45 41 13 3 48 14 42 23 6941.4 7497.45
0 9 8 39 7 47 34 31 28 6 21 22 32 25 40 49 5 43 4 1 36 10 46 11 27 2 30 35 26 24 17 15 3 13 41 45 19 18 38 37 33 29 20 44 16 12 48 14 42 23 6867.56 7528.07
0 9 8 39 7 47 34 31 28 6 21 22 32 25 40 49 5 43 4 36 1 10 46 11 27 2 30 35 26 24 17 15 3 13 41 45 19 18 38 37 33 29 20 44 16 12 48 14 42 23 6500.75 7533.67
0 9 8 39 7 47 34 31 28 6 21 22 32 25 40 49 5 43 4 36 1 10 46 11 27 2 30 35 26 24 17 15 3 13 41 45 19 18 38 37 33 29 20 44 16 12 48 14 42 23 6500.75 7509.44
0 9 8 39 7 47 34 31 28 6 21 22 32 25 40 49 5 43 4 36 1 10 46 11 27 2 30 35 26 24 15 17 3 13 41 45 19 18 38 37 33 29 20 44 16 12 48 14 42 23 6435.94 7393.72
0 9 8 39 7 47 34 31 28 6 21 22 32 25 40 49 5 43 4 36 1 10 46 11 27 2 30 35 26 24 15 17 3 13 41 45 19 18 38 37 33 29 20 44 16 12 48 14 42 23 6435.94 7073.86
0 9 8 39 7 47 34 31 28 6 21 22 32 25 40 49 5 43 4 36 1 10 46 11 27 2 30 35 26 24 15 17 3 13 41 45 19 20 29 33 37 38 18 44 16 12 48 14 42 23 6405.32 6919.04
0 9 8 39 7 47 34 31 28 6 21 22 32 25 40 49 5 43 4 36 1 10 46 11 27 2 30 35 26 24 15 17 3 13 41 45 19 29 33 37 38 18 20 44 16 12 48 14 42 23 6354.18 6838.45
0 9 8 39 7 47 34 31 28 6 21 22 32 25 40 49 5 43 4 36 1 10 46 11 27 2 30 35 26 24 15 17 3 13 41 45 19 37 33 29 20 38 18 44 16 12 48 14 42 23 6334.29 6665.61
0 9 8 39 7 47 34 31 28 6 21 22 32 25 40 49 5 43 4 36 1 10 46 11 27 2 30 35 26 24 15 17 3 13 41 45 19 37 33 29 20 38 18 44 16 12 48 14 42 23 6334.29 6704.45
0 9 8 39 7 47 34 31 28 6 33 29 19 45 41 13 3 17 15 24 26 35 30 2 27 11 46 10 1 36 4 43 5 49 40 25 32 22 21 37 38 18 20 44 16 12 48 14 42 23 6263.69 6704.41
0 9 8 39 7 47 34 31 28 6 37 21 22 32 25 40 49 5 43 4 36 1 10 46 11 27 2 30 35 26 24 15 17 3 13 41 45 19 29 33 38 18 20 44 16 12 48 14 42 23 6255.45 6723
0 9 8 39 7 47 34 31 28 6 37 21 22 32 25 40 49 5 43 4 36 1 10 46 11 27 2 30 35 26 24 15 17 3 13 41 45 19 29 33 38 18 20 44 16 12 48 14 42 23 6255.45 6735.72
0 9 8 39 7 47 34 31 28 6 37 21 22 32 25 40 49 5 43 4 27 36 10 1 46 11 2 30 35 26 24 15 17 3 13 41 45 19 29 33 38 18 20 44 16 12 48 14 42 23 6095.1 6830.39
0 9 8 39 7 47 34 31 28 6 37 21 22 32 25 40 49 5 43 4 27 36 10 1 46 11 2 30 35 26 24 15 17 3 13 41 45 19 29 33 20 38 18 44 16 12 48 14 42 23 6093.15 6795.49
0 9 8 39 31 34 47 7 28 6 37 21 22 32 25 40 49 5 43 4 27 36 10 1 46 11 2 30 35 26 24 15 17 3 13 41 45 19 29 33 20 38 18 44 16 12 48 14 42 23 5971.73 6805.16
0 9 8 39 31 34 47 7 28 6 37 21 22 32 25 40 49 5 43 4 27 36 10 1 46 11 2 30 35 26 24 15 17 3 13 41 45 19 29 33 20 38 18 44 16 12 48 14 42 23 5971.73 6479.13
0 9 8 39 31 34 47 7 28 6 37 21 22 32 25 40 49 5 43 4 27 36 10 1 46 11 2 30 35 26 24 15 3 17 13 41 45 19 29 33 20 38 18 44 16 12 48 14 42 23 5956.95 6377.07
0 9 8 39 31 34 47 7 28 6 37 21 22 32 25 40 49 5 43 4 27 36 10 1 46 11 2 30 35 26 24 15 3 13 41 45 19 33 29 20 38 18 44 16 12 48 14 17 42 23 5943.16 6264.85
0 9 8 39 31 34 47 7 28 6 37 21 22 32 25 40 49 5 43 4 27 36 10 1 46 11 2 30 35 26 24 15 3 13 41 45 19 29 33 20 38 18 44 16 12 48 14 17 42 23 5915.74 6264.75
0 9 8 39 31 34 47 7 28 6 37 21 22 32 25 40 49 5 43 4 27 36 10 1 46 11 2 30 35 26 24 15 3 13 41 45 19 29 33 20 38 18 44 16 12 48 14 17 42 23 5915.74 6217.16
0 9 8 39 31 34 47 7 28 6 37 21 22 32 25 40 49 5 43 4 27 36 10 1 46 11 2 30 35 26 24 15 3 13 41 45 19 29 33 20 38 18 44 16 12 48 14 17 42 23 5915.74 6199
0 9 8 39 31 34 47 7 28 6 37 21 22 32 25 40 49 5 43 4 27 36 10 1 46 11 2 30 35 26 24 15 3 13 41 45 19 29 33 20 38 18 44 16 12 48 14 17 42 23 5915.74 6212.76
0 9 8 39 31 34 47 7 28 6 37 21 22 32 25 40 49 5 43 4 27 36 10 1 46 11 2 30 35 26 24 15 3 13 41 45 19 29 33 20 38 18 44 16 12 48 14 17 42 23 5915.74 6251.4
0 9 8 39 31 34 47 7 28 6 37 21 22 32 25 40 49 5 43 4 27 36 10 1 46 11 2 30 35 26 24 15 3 13 41 45 19 44 18 38 20 33 29 16 12 48 14 17 42 23 5872.62 6248.93
0 9 8 39 31 34 47 7 28 6 37 21 22 32 25 40 49 5 43 4 27 36 10 1 46 11 2 30 35 26 24 15 3 13 41 45 29 44 18 38 20 33 19 16 12 48 14 17 42 23 5840.57 6112.58
0 9 8 39 31 34 47 7 28 6 37 21 22 32 25 40 49 5 43 4 27 36 10 1 46 11 2 30 35 26 24 15 3 13 41 45 29 44 18 38 20 33 19 16 12 48 14 17 42 23 5840.57 6218.5
0 9 8 39 31 34 47 7 28 6 37 21 22 32 25 40 49 5 43 4 27 36 10 1 46 11 2 30 35 26 24 15 3 13 41 45 29 44 18 38 20 33 19 16 12 48 14 17 42 23 5840.57 6159.9
0 9 8 39 31 34 47 7 28 6 37 21 22 32 25 40 49 5 43 4 27 36 10 1 46 11 2 30 35 26 24 15 3 13 41 45 29 44 18 38 20 33 19 16 12 48 14 17 42 23 5840.57 6196.99
0 9 8 39 31 34 47 7 28 6 37 21 22 32 40 25 49 5 43 4 27 36 10 1 46 11 2 30 35 26 24 15 3 13 41 45 29 44 18 38 20 33 19 16 12 48 14 17 42 23 5771.54 6113.41
0 9 8 39 31 34 47 7 28 6 37 41 13 3 15 24 26 35 30 2 11 46 1 10 4 27 36 43 5 49 25 40 32 22 21 45 29 44 18 38 20 33 19 16 12 48 14 17 42 23 5703.35 6077.43
0 9 8 39 31 34 47 7 28 6 37 41 13 3 15 24 26 35 30 2 11 46 1 10 4 27 36 43 5 49 25 40 32 22 21 45 29 44 18 38 20 33 19 16 12 48 14 17 42 23 5703.35 6039.7
0 9 8 39 31 34 47 7 28 6 37 41 13 3 15 24 26 35 30 2 11 46 1 10 4 27 36 43 5 49 25 40 32 22 21 45 29 44 18 38 20 33 19 16 12 48 14 17 42 23 5703.35 6183.61
0 9 8 39 31 34 47 7 28 6 37 41 13 3 15 24 26 35 30 2 11 46 1 10 4 27 36 43 5 49 25 40 32 22 21 45 29 44 18 38 20 33 19 16 12 48 14 17 42 23 5703.35 6166.82
0 9 8 39 31 29 45 21 22 32 40 25 49 5 43 36 27 4 10 1 46 11 2 30 35 26 24 15 3 13 41 34 47 7 28 6 37 44 18 38 20 33 19 16 12 48 14 17 42 23 5628.83 6229.94
0 9 8 39 31 29 45 21 22 32 40 25 49 5 43 36 27 4 10 1 46 11 2 30 35 26 24 15 3 13 41 34 47 7 28 6 37 44 18 38 20 33 19 16 12 48 14 17 42 23 5628.83 6461.37
0 9 8 39 31 37 6 28 7 47 34 41 13 3 15 24 26 35 30 2 11 46 1 10 4 27 36 43 5 49 25 40 32 22 21 45 29 44 18 38 20 33 19 16 12 48 14 17 42 23 5603.96 6310.53
0 17 42 23 14 48 12 16 19 33 20 38 18 44 29 45 21 22 32 40 25 49 5 43 36 27 4 10 1 46 11 2 30 35 26 24 15 3 13 41 34 47 7 28 6 37 31 39 8 9 5584.61 6112.74
0 17 42 23 14 48 12 16 19 33 20 38 18 44 29 45 21 22 32 40 25 49 5 43 36 27 4 10 1 46 11 2 30 35 26 24 15 3 13 41 34 47 7 28 6 37 31 39 8 9 5584.61 6258.49
0 17 42 23 14 48 12 16 19 33 20 38 18 44 29 45 21 22 32 40 25 49 5 43 36 27 4 10 1 46 11 2 30 35 26 24 15 3 13 41 34 47 7 28 6 37 31 39 8 9 5584.61 6129.48
0 17 42 23 14 48 21 22 32 40 25 49 5 43 36 27 4 10 1 46 11 2 30 35 26 24 15 3 13 41 12 16 19 33 20 38 18 44 29 45 34 47 7 28 6 37 31 39 8 9 5549.08 6314.55
0 17 42 23 14 48 21 22 32 40 25 49 5 43 36 27 4 10 1 46 11 2 30 35 26 24 15 3 13 41 12 16 19 33 20 38 18 44 29 45 34 47 7 28 6 37 31 39 8 9 5549.08 6216.86
0 17 42 23 14 3 15 24 26 35 30 2 49 25 11 46 1 10 4 27 36 43 5 40 32 22 21 45 29 44 18 38 20 33 19 16 12 48 13 41 34 47 7 28 6 37 31 39 8 9 5489.68 6106.41
0 17 42 23 14 3 15 24 26 35 30 2 49 25 11 46 1 10 4 27 36 43 5 40 32 22 21 45 29 44 18 38 20 33 19 16 12 48 13 41 34 47 7 28 6 37 31 39 8 9 5489.68 6211.12
0 17 42 23 14 3 15 24 26 35 30 2 49 25 36 27 4 10 1 46 11 43 5 40 32 22 21 45 29 44 18 38 20 33 19 16 12 48 13 41 34 47 7 28 6 37 31 39 8 9 5472.56 6130.95
0 17 23 14 3 15 24 26 35 42 30 2 49 25 11 46 1 10 4 27 36 43 5 40 32 22 21 45 29 44 18 38 20 33 19 16 12 48 13 41 34 47 7 28 6 37 31 39 8 9 5442.43 6004.07
0 17 42 23 14 3 15 24 26 35 30 2 49 25 36 27 4 10 1 46 11 43 5 40 32 22 21 16 12 48 13 41 34 47 7 45 29 44 18 38 20 33 19 28 6 37 31 39 8 9 5361.15 5967.5
0 17 42 23 14 3 15 24 26 35 30 2 49 25 36 27 4 10 1 46 11 43 5 40 32 22 21 16 12 48 13 41 34 47 7 45 29 44 18 38 20 33 19 28 6 37 31 39 8 9 5361.15 5866.4
0 17 23 14 3 15 24 26 35 42 30 2 49 25 36 27 4 10 1 46 11 43 5 40 32 22 21 16 12 48 13 41 34 47 7 45 29 44 18 38 20 33 19 28 6 37 31 39 8 9 5313.89 5692.05
0 17 23 14 3 15 24 26 35 42 30 2 49 25 36 27 4 10 1 46 11 43 5 40 32 22 21 16 12 48 13 41 34 47 7 45 29 44 18 38 20 33 19 28 6 37 31 39 8 9 5313.89 5725.65
0 17 23 14 3 15 24 26 35 42 30 2 49 25 36 27 4 10 1 46 11 43 5 40 32 22 21 16 12 48 13 41 34 47 7 45 19 33 20 38 18 44 29 28 6 37 31 39 8 9 5279.52 5652.36
0 17 23 14 3 15 24 26 35 42 30 2 49 25 36 27 4 10 1 46 11 43 5 40 32 22 21 16 12 48 13 41 34 47 7 45 19 33 20 38 18 44 29 28 6 37 31 39 8 9 5279.52 5626.69
0 17 23 14 3 15 24 26 35 42 30 2 49 25 36 27 4 10 1 46 11 43 5 40 32 22 21 16 12 48 13 41 34 47 7 45 19 29 44 18 38 20 33 28 6 37 31 39 8 9 5248.93 5525.36
0 17 23 14 3 15 24 26 35 42 30 2 49 25 36 27 4 10 1 46 11 43 5 40 32 22 21 16 12 48 13 41 34 47 7 45 19 29 44 18 38 20 33 28 6 37 31 39 8 9 5248.93 5717.59
0 17 23 14 3 15 24 26 35 42 30 2 43 11 46 1 10 4 27 36 25 49 5 40 32 22 21 16 12 48 13 41 34 47 7 45 19 29 44 18 38 20 33 28 6 37 31 39 8 9 5143.83 5467.16
0 17 23 14 3 15 24 26 35 42 30 2 43 11 46 1 10 4 27 36 25 49 5 40 32 22 21 16 12 48 13 41 34 47 7 45 19 29 44 18 38 20 33 28 6 37 31 39 8 9 5143.83 5380.34
0 17 23 14 3 15 24 26 35 42 30 2 43 11 46 1 10 4 27 36 25 49 5 40 32 22 21 16 12 48 13 41 34 47 7 45 19 29 44 18 38 20 33 28 6 37 31 39 8 9 5143.83 5420.44
0 17 23 14 3 15 24 26 35 42 30 2 43 11 46 1 10 4 27 36 25 49 5 40 32 22 21 16 12 48 13 41 34 47 7 45 19 29 44 18 38 20 33 28 6 37 31 39 8 9 5143.83 5495.9
0 17 23 14 3 15 24 26 35 42 30 2 43 11 46 1 10 4 27 36 25 49 5 40 32 22 21 16 12 48 13 41 34 47 7 45 19 29 44 18 38 20 33 28 6 37 31 39 8 9 5143.83 5466.42
0 17 23 14 15 24 3 26 35 42 30 2 43 11 46 1 10 4 27 36 25 49 5 40 32 22 21 16 12 48 13 41 34 47 7 45 19 29 44 18 38 20 33 28 6 37 31 39 8 9 5121.47 5518.89
0 17 23 14 15 24 3 26 35 42 30 2 43 11 46 1 10 4 27 36 25 49 5 40 32 22 21 16 12 48 13 41 34 47 7 45 19 29 44 18 38 20 33 28 6 37 31 39 8 9 5121.47 5670.76
0 17 23 14 3 15 24 26 35 42 30 2 43 11 46 1 10 4 27 36 25 49 5 40 32 22 48 12 16 21 13 41 34 47 7 45 19 29 44 18 38 20 33 28 6 37 31 39 8 9 5073.27 5499.66
0 17 23 14 15 24 3 26 35 42 30 2 43 11 46 1 10 4 27 36 25 49 5 40 32 22 48 12 16 21 13 41 34 47 7 45 19 29 44 18 38 20 33 28 6 37 31 39 8 9 5050.91 5502.39
0 17 23 14 15 24 3 26 35 42 30 2 43 11 46 1 10 4 27 36 25 49 5 40 32 22 48 12 16 21 13 41 34 47 7 45 19 29 44 18 38 20 33 28 6 37 31 39 8 9 5050.91 5303.26
0 23 17 15 14 24 3 26 35 42 30 2 43 11 46 1 10 4 27 36 25 49 5 40 32 22 48 12 16 21 13 41 34 47 7 45 19 29 44 18 38 20 33 28 6 37 31 39 8 9 5033.04 5277.3
0 23 17 15 14 24 3 26 35 42 30 2 43 11 46 1 10 4 27 36 25 49 5 40 32 22 48 12 16 21 13 41 34 47 7 45 19 29 44 18 38 20 33 28 6 37 31 39 8 9 5033.04 5210.94
0 23 17 3 24 14 15 26 35 42 30 2 43 11 46 1 10 4 27 36 25 49 5 40 32 22 48 12 16 21 13 41 34 47 7 45 19 29 44 18 38 20 33 28 6 37 31 39 8 9 4906.62 5190.3
0 23 17 3 24 14 15 26 35 42 30 2 43 11 46 1 10 4 27 36 25 49 5 40 32 22 48 12 16 21 13 41 34 47 7 45 19 29 44 18 38 20 33 28 6 37 31 39 8 9 4906.62 5117.66
0 23 17 3 24 14 15 26 35 42 30 2 43 11 46 1 10 4 27 36 25 49 5 40 32 22 48 12 16 21 13 41 34 47 7 45 19 29 44 18 38 20 33 28 6 37 31 39 8 9 4906.62 5230.48
0 23 17 3 24 14 15 26 35 42 30 2 43 11 46 1 10 4 27 36 25 49 5 40 32 22 48 12 41 13 21 16 34 47 7 45 19 29 44 18 38 20 33 28 6 37 31 39 8 9 4880.55 5115.4
0 23 17 3 24 14 15 26 35 42 30 2 43 11 46 1 10 4 27 36 25 49 5 40 32 22 48 12 41 13 21 16 34 47 7 45 19 29 44 18 38 20 33 28 6 37 31 39 8 9 4880.55 5253.75
0 23 17 3 24 14 26 15 35 42 30 2 43 11 46 1 10 4 27 36 25 49 5 40 32 22 48 12 41 13 21 16 34 47 7 45 19 29 44 18 38 20 33 28 6 37 31 39 8 9 4867.06 5240.41
0 23 17 3 24 14 15 26 35 42 30 2 43 11 46 1 10 4 27 36 25 49 5 40 32 22 48 12 41 13 21 16 34 47 45 7 19 29 44 18 38 20 33 28 6 37 31 39 8 9 4858.87 5119.01
0 23 17 3 24 14 26 15 35 42 30 2 43 11 46 1 10 4 27 36 25 49 5 40 32 22 48 12 41 13 21 16 34 47 45 7 19 29 44 18 38 20 33 28 6 37 31 39 8 9 4845.37 5140.63
0 23 17 3 24 14 26 15 35 42 30 2 43 11 46 1 10 4 27 36 25 49 5 40 32 22 48 12 41 13 21 16 34 47 45 7 19 29 44 18 38 20 33 28 6 37 31 39 8 9 4845.37 5174.33
0 23 17 3 24 14 26 15 35 42 30 2 43 11 46 1 10 4 27 36 25 49 5 40 32 22 48 12 41 13 21 16 34 47 45 7 19 29 44 18 38 20 33 28 6 37 31 39 8 9 4845.37 5198.39
0 23 17 3 24 14 26 15 35 42 30 2 43 11 46 1 10 4 27 36 25 49 5 40 32 22 48 12 41 13 21 16 34 47 45 7 6 28 33 20 38 18 44 29 19 37 31 39 8 9 4841.15 5239.24
0 23 17 3 24 14 26 15 35 42 30 2 43 11 46 1 10 4 27 36 25 49 5 40 32 22 48 12 41 13 21 16 34 47 45 7 6 28 33 20 38 18 44 29 19 37 31 39 8 9 4841.15 4978.32
0 23 17 3 24 14 26 15 35 42 30 2 43 11 46 1 10 4 27 36 25 49 5 40 32 22 48 12 41 13 21 16 34 47 45 7 6 28 33 20 38 18 44 29 19 37 31 39 8 9 4841.15 5060.94
0 23 17 3 24 14 26 15 35 42 30 2 43 11 46 1 10 4 27 36 25 49 5 40 32 22 48 12 41 13 21 16 34 47 45 7 6 28 44 18 38 20 33 29 19 37 31 39 8 9 4823.93 5123.31
0 23 17 3 24 14 26 15 35 42 30 2 43 11 46 1 10 4 27 36 25 49 5 40 32 22 48 12 41 13 21 16 34 47 45 7 6 28 44 18 38 20 33 29 19 37 31 39 8 9 4823.93 5062.41
0 23 17 3 24 14 26 15 35 42 30 2 43 11 46 1 10 4 27 36 25 49 5 40 32 22 48 12 41 13 21 16 34 47 45 7 6 28 44 18 38 20 33 29 19 37 31 39 8 9 4823.93 5174.2
0 23 17 3 24 14 26 15 35 42 30 2 43 11 46 1 10 4 27 36 25 49 5 40 32 22 48 12 41 13 21 16 34 47 45 7 6 28 44 18 38 20 33 29 19 37 31 39 8 9 4823.93 5106.48
0 23 17 3 24 14 26 15 35 42 30 2 43 11 46 1 10 4 27 36 25 49 5 40 32 22 48 12 41 13 21 16 34 47 45 7 6 28 44 18 38 20 33 29 19 37 31 39 8 9 4823.93 5179.19
0 23 17 3 24 14 26 15 35 42 30 2 43 11 46 1 10 4 27 36 25 49 5 40 32 22 48 12 41 13 21 16 34 47 45 7 6 28 44 18 38 20 33 29 19 37 31 39 8 9 4823.93 5141.39
0 23 17 3 24 14 26 15 35 42 30 2 43 11 46 1 10 4 27 36 25 49 5 40 32 22 48 12 41 13 21 16 34 47 45 7 6 28 44 18 38 20 33 29 19 37 31 39 8 9 4823.93 5294.31
0 23 17 3 24 14 26 15 35 42 30 2 43 11 46 1 10 4 27 36 25 49 5 40 32 22 48 12 41 13 21 16 34 47 45 7 6 44 28 18 38 20 33 29 19 37 31 39 8 9 4823.25 5176.2
0 23 17 3 24 14 26 15 35 42 30 2 43 11 46 1 10 4 27 36 25 49 5 40 32 22 48 12 41 13 21 16 34 47 45 7 6 44 28 18 38 20 33 29 19 37 31 39 8 9 4823.25 5232.32
0 23 17 3 24 14 26 15 35 42 30 2 43 11 46 1 10 4 27 36 25 49 5 40 32 22 48 12 41 13 21 16 34 47 45 7 6 28 44 18 38 20 33 29 37 19 31 39 8 9 4815.55 5122.09
0 23 17 3 24 14 26 15 35 42 30 2 43 11 46 1 10 4 27 36 25 49 5 40 32 22 48 12 41 13 21 16 34 47 45 7 6 44 28 18 38 20 33 29 37 19 31 39 8 9 4814.87 5008.36
0 41 3 24 12 13 16 47 34 21 48 14 26 22 32 40 49 43 25 11 36 46 1 10 4 27 2 30 5 15 35 42 17 23 9 31 19 29 6 20 44 18 28 38 33 37 7 45 39 8 4797.17 5107.73
0 41 3 24 12 13 16 47 34 21 48 14 26 22 32 40 49 43 25 11 36 46 1 10 4 27 2 30 5 15 35 42 17 23 9 31 19 29 6 20 44 18 28 38 33 37 7 45 39 8 4797.17 5284.38
0 41 3 24 12 13 16 47 34 21 48 14 26 22 32 40 49 43 25 11 36 46 1 10 4 27 2 30 5 15 35 42 17 23 9 31 19 29 6 20 44 18 28 38 33 37 7 45 39 8 4797.17 5401.67
0 41 3 24 12 13 16 47 34 21 48 14 26 22 32 40 49 43 25 11 36 46 1 10 4 27 2 30 5 15 35 42 17 23 9 31 19 37 33 38 28 18 44 20 6 29 7 45 39 8 4793.08 5429.21
0 41 3 24 12 13 16 47 34 21 48 14 26 22 32 40 49 43 25 11 36 46 1 10 4 27 2 30 5 15 35 42 17 23 9 31 19 37 33 44 18 28 38 20 6 29 7 45 39 8 4785.37 5323.68
0 41 3 24 12 13 16 47 34 21 48 14 26 22 32 40 49 43 25 11 36 46 1 10 4 27 2 30 5 15 35 42 17 23 9 31 19 37 33 44 18 28 38 20 6 29 7 45 39 8 4785.37 5192.75
0 41 3 24 12 13 16 9 23 17 42 35 15 5 30 2 27 4 10 1 46 36 11 25 43 49 40 32 22 26 14 48 21 34 47 31 19 37 33 38 28 18 44 20 6 29 7 45 39 8 4780.54 5194.63
0 41 3 24 12 13 16 9 23 17 42 35 15 5 30 2 27 4 10 1 46 36 11 25 43 49 40 32 22 26 14 48 21 34 47 31 19 37 33 38 28 18 44 20 6 29 7 45 39 8 4780.54 5129.63
0 41 3 24 12 13 16 9 23 17 42 35 15 5 30 2 27 4 10 1 46 36 11 25 43 49 40 32 22 26 14 48 21 34 47 31 19 37 33 38 28 18 44 20 6 29 7 45 39 8 4780.54 5357.15
0 23 17 42 35 15 5 30 2 27 4 10 1 46 36 11 25 43 49 40 32 22 26 14 48 21 34 47 16 13 12 24 3 41 9 31 19 37 33 44 18 28 38 20 6 29 7 45 39 8 4761.78 5263.47
0 23 17 42 35 15 5 30 2 27 4 10 1 46 36 11 25 43 49 40 32 22 26 14 48 21 34 47 16 13 12 24 3 41 9 31 19 37 33 44 18 28 38 20 6 29 7 45 39 8 4761.78 5271.83
0 41 3 24 12 13 16 9 8 39 45 7 29 6 20 38 28 18 44 33 37 19 31 47 34 21 48 14 26 22 32 40 49 43 25 11 36 46 1 10 4 27 2 30 5 15 35 42 17 23 4755.37 5240.56
0 41 3 24 12 13 16 9 8 39 45 7 29 6 20 38 28 18 44 33 37 19 31 47 34 21 48 14 26 22 32 40 49 43 25 11 36 46 1 10 4 27 2 30 5 15 35 42 17 23 4755.37 5379.05
0 23 17 42 35 15 5 30 2 27 4 10 1 46 36 11 25 43 49 40 32 26 22 14 48 21 34 47 16 13 12 24 3 41 9 31 19 37 33 44 18 28 38 20 6 29 7 45 39 8 4753.5 5326.2
0 23 17 42 35 15 5 30 2 27 4 10 1 46 36 11 25 43 49 40 32 26 22 14 48 21 34 47 16 13 12 24 3 41 9 31 19 37 33 44 18 28 38 20 6 29 7 45 39 8 4753.5 5626.8
0 23 17 42 35 15 5 30 2 27 4 10 1 46 36 11 25 43 49 40 32 26 22 14 48 21 34 47 16 13 12 24 3 41 9 31 19 37 33 44 18 28 38 20 6 29 7 45 39 8 4753.5 5459.25
0 23 17 42 35 15 5 30 2 27 4 10 1 46 36 11 25 43 49 40 32 26 22 14 48 21 34 47 16 13 12 24 3 41 9 31 19 37 33 44 18 28 38 20 6 29 7 45 39 8 4753.5 5563.74
0 23 17 42 35 15 5 30 2 27 4 10 1 46 36 11 25 43 49 40 32 26 22 14 48 21 34 47 16 13 12 24 3 41 9 31 19 37 33 44 18 28 38 20 6 29 7 45 39 8 4753.5 5414.39
0 23 17 42 35 15 5 30 2 27 4 10 1 46 36 11 25 43 49 40 32 26 22 14 48 21 34 47 16 13 12 24 3 41 9 31 19 37 33 44 18 28 38 20 6 29 7 45 39 8 4753.5 5272.97
0 23 17 42 35 15 5 30 2 27 4 10 1 46 36 11 25 43 49 40 32 26 22 14 48 21 34 47 16 13 12 24 3 41 9 31 19 37 33 44 18 28 38 20 6 29 7 45 39 8 4753.5 5204.58
0 23 17 42 35 15 5 30 2 27 4 10 1 46 36 11 25 43 49 40 32 26 22 14 48 21 34 47 16 13 12 24 3 41 9 31 19 37 33 44 18 28 38 20 6 29 7 45 39 8 4753.5 5255.54
0 23 17 42 35 15 5 30 2 27 4 10 1 46 36 11 25 43 49 40 32 26 22 14 48 21 34 47 16 13 12 24 3 41 9 31 19 37 33 44 18 28 38 20 6 29 7 45 39 8 4753.5 5008.5
0 23 17 42 35 15 5 30 2 27 4 10 1 46 36 11 25 43 49 40 32 26 22 14 48 21 34 47 16 13 12 24 3 41 9 31 19 37 33 44 18 28 38 20 6 29 7 45 39 8 4753.5 5140.6
0 23 17 42 35 15 5 30 2 27 4 10 1 46 36 11 25 43 49 40 32 26 22 14 48 21 34 47 16 13 12 24 3 41 9 31 19 37 33 44 18 28 38 20 6 29 7 45 39 8 4753.5 5175.18
0 23 17 42 35 15 5 30 2 27 4 10 1 46 36 11 25 43 49 40 32 26 22 14 48 21 34 47 16 13 12 24 3 41 9 31 19 37 33 44 18 28 38 20 6 29 7 45 39 8 4753.5 5179.04
0 23 17 42 35 15 5 30 2 27 4 10 1 46 36 11 25 43 49 40 32 26 22 14 48 21 34 47 16 13 12 24 3 41 9 31 19 37 33 44 18 28 38 20 6 29 7 45 39 8 4753.5 5017.98
0 23 17 42 35 15 5 30 2 27 4 10 1 46 36 11 25 43 49 40 32 26 14 22 48 21 34 47 16 13 12 24 3 41 9 31 19 37 33 44 18 28 38 20 6 29 7 45 39 8 4730.91 5041.85
0 23 17 42 35 15 5 30 2 27 4 10 1 46 36 11 25 43 49 40 32 26 14 22 48 21 34 47 16 13 12 24 3 41 9 31 19 37 33 44 18 28 38 20 6 29 7 45 39 8 4730.91 4893.6
0 23 17 42 35 15 5 30 2 27 4 10 1 46 36 11 25 43 49 40 32 26 14 22 48 21 34 47 16 13 12 24 3 41 9 31 19 37 33 44 18 28 38 20 6 29 7 45 39 8 4730.91 4915.17
0 23 17 42 35 15 5 30 2 27 4 10 1 46 36 11 25 43 49 40 32 26 14 22 48 21 34 47 16 13 12 24 3 41 9 31 19 37 33 44 18 28 38 20 6 29 7 45 39 8 4730.91 4930.74
0 23 17 42 35 15 5 30 2 27 4 10 1 46 36 11 25 43 49 40 32 26 14 22 48 21 34 47 16 13 12 24 3 41 9 31 19 37 33 44 18 28 38 20 6 29 7 45 39 8 4730.91 4925.38
0 23 17 42 35 15 5 30 2 27 4 10 1 46 36 11 25 43 49 40 32 26 14 22 48 21 34 47 16 13 12 24 3 41 9 31 19 37 33 44 18 28 38 20 6 29 7 45 39 8 4730.91 5037.32
0 8 39 45 7 29 6 20 38 28 18 44 33 37 19 31 9 41 3 24 12 13 16 47 34 21 48 22 14 26 32 40 49 43 25 11 36 46 1 10 4 27 2 30 5 15 35 42 17 23 4730.91 4893.36
0 8 39 45 7 29 6 20 38 28 18 44 33 37 19 31 9 41 3 24 12 13 16 47 34 21 48 22 14 26 32 40 49 43 25 11 36 46 1 10 4 27 2 30 5 15 35 42 17 23 4730.91 4993.16
0 23 17 42 35 15 5 30 2 27 4 10 1 46 36 11 25 43 49 40 32 26 14 22 48 21 34 47 16 13 12 24 3 41 9 31 19 37 33 44 18 28 20 38 6 29 7 45 39 8 4728.59 5123.78
0 23 17 42 35 15 5 30 2 27 4 10 1 46 36 11 25 43 49 40 32 26 14 22 48 21 34 47 16 13 12 24 3 41 9 31 19 37 33 44 18 28 20 38 6 29 7 45 39 8 4728.59 5170.41
0 23 17 42 35 15 5 30 2 27 4 10 1 46 36 11 25 43 49 40 32 26 14 22 48 21 34 47 16 13 12 24 3 41 9 31 19 37 33 44 18 28 20 38 6 29 7 45 39 8 4728.59 5241.27
0 23 17 42 35 15 5 30 2 27 4 10 1 46 36 11 25 43 49 40 32 26 14 22 48 21 34 47 16 13 12 24 3 41 9 31 19 37 33 44 18 28 20 38 6 29 7 45 39 8 4728.59 5306.09
0 23 17 42 35 15 5 30 2 27 4 10 1 46 36 11 25 43 49 40 32 26 14 22 48 21 34 47 16 13 12 24 3 41 9 31 19 37 33 44 18 28 20 38 6 29 7 45 39 8 4728.59 5221.24
0 23 17 42 35 15 5 30 2 27 4 10 1 46 36 11 25 43 49 40 32 26 14 22 48 21 34 47 16 13 12 24 3 41 9 31 19 37 33 44 18 28 20 38 6 29 7 45 39 8 4728.59 5111.11
0 23 17 42 35 15 5 30 2 27 4 10 1 46 36 11 25 43 49 40 32 26 14 22 48 21 34 47 16 13 12 24 3 41 9 31 19 37 33 44 18 28 20 38 6 29 7 45 39 8 4728.59 5027.59
0 23 17 42 35 15 5 30 2 27 4 10 1 46 36 11 25 43 49 32 40 26 14 22 48 21 34 47 16 13 12 24 3 41 9 31 19 37 33 44 18 28 20 38 6 29 7 45 39 8 4719.86 4899.43
0 23 17 42 35 15 5 30 2 27 4 10 1 46 36 11 25 43 49 32 40 26 14 22 48 21 34 47 16 13 12 24 3 41 9 31 19 37 33 44 18 28 20 38 6 29 7 45 39 8 4719.86 4889.45
0 23 17 42 35 15 5 30 2 27 4 10 1 46 36 11 25 43 49 32 40 26 14 22 48 21 34 47 16 13 12 24 3 41 9 31 19 37 33 44 18 28 20 38 6 29 7 45 39 8 4719.86 4838.49
0 23 17 42 35 15 5 30 2 27 4 10 1 46 36 11 25 43 49 32 40 26 14 22 48 21 34 47 16 13 12 24 3 41 9 31 19 37 33 44 18 28 20 38 6 29 7 45 39 8 4719.86 4986.07
0 23 17 42 35 15 5 30 2 27 4 10 1 46 36 11 25 43 49 32 40 26 14 22 48 21 34 47 16 13 12 24 3 41 9 31 19 37 33 44 18 28 20 38 6 29 7 45 39 8 4719.86 4997.69
0 8 39 45 7 29 6 38 20 28 18 44 33 37 19 31 9 41 3 24 12 13 16 47 34 21 48 22 14 26 40 32 49 43 25 11 36 46 1 10 4 27 2 30 5 15 35 42 17 23 4719.86 5010.07
0 8 39 45 7 29 6 38 20 28 18 44 33 37 19 31 9 41 3 24 12 13 16 47 34 21 48 22 14 26 40 32 49 43 25 11 36 46 1 10 4 27 2 30 5 15 35 42 17 23 4719.86 5185.7
0 8 39 45 7 29 6 38 20 28 18 44 33 37 19 31 9 41 3 24 12 13 16 47 34 21 48 22 14 26 40 32 49 43 25 11 36 46 1 10 4 27 2 30 5 15 35 42 17 23 4719.86 5291.53
0 8 39 45 7 29 6 38 20 28 18 44 33 37 19 31 9 41 3 24 12 13 16 47 34 21 48 22 14 26 40 32 49 43 25 11 36 46 1 10 4 27 2 30 5 15 35 42 17 23 4719.86 5166.98
0 8 39 45 7 29 6 38 20 28 18 44 33 37 19 31 9 41 3 24 12 13 16 47 34 21 48 22 14 26 40 32 49 43 25 11 36 46 1 10 4 27 2 30 5 15 35 42 17 23 4719.86 5158.96
0 8 39 45 7 29 6 38 20 28 18 44 33 37 19 31 9 41 3 24 12 13 16 47 34 21 48 22 14 26 40 32 49 43 25 11 36 46 1 10 4 27 2 30 5 15 35 42 17 23 4719.86 5104.92
0 8 39 45 7 29 6 38 20 28 18 44 33 37 19 31 9 41 3 24 12 13 16 47 34 21 48 22 14 26 40 32 49 43 25 11 36 46 1 10 4 27 2 30 5 15 35 42 17 23 4719.86 5025.04
0 8 39 45 7 29 6 38 20 28 18 44 33 37 19 31 9 41 3 24 12 13 16 47 34 21 48 22 14 26 40 32 49 43 25 11 36 46 1 10 4 27 2 30 5 15 35 42 17 23 4719.86 4928.83
0 8 39 45 7 29 6 38 20 28 18 44 33 37 19 31 9 41 3 24 12 13 16 47 34 21 48 22 14 26 40 32 49 43 25 11 36 46 1 10 4 27 2 30 5 15 35 42 17 23 4719.86 5004.9
0 8 39 45 7 29 6 38 20 28 18 44 33 37 19 31 9 41 3 24 12 13 16 47 34 21 48 22 14 26 40 32 49 43 25 11 36 46 1 10 4 27 2 30 5 15 35 42 17 23 4719.86 5018.97
0 8 39 45 7 29 6 38 20 28 18 44 33 37 19 31 9 41 3 24 12 13 16 47 34 21 48 22 14 26 40 32 49 43 25 11 36 46 1 10 4 27 2 30 5 15 35 42 17 23 4719.86 4944.46
0 8 39 45 7 29 6 38 20 28 18 44 33 37 19 31 9 41 3 24 12 13 16 47 34 21 48 22 14 26 40 32 49 43 25 11 36 46 1 10 4 27 2 30 5 15 35 42 17 23 4719.86 4866.46
0 8 39 45 7 29 6 38 20 28 18 44 33 37 19 31 9 41 3 24 12 13 16 47 34 21 48 22 14 26 40 32 49 43 25 11 36 46 1 10 4 27 2 30 5 15 35 42 17 23 4719.86 4885.59
0 8 39 45 7 29 6 38 20 28 18 44 33 37 19 31 9 41 3 24 12 13 16 47 34 21 48 22 14 26 40 32 49 43 25 11 36 46 1 10 4 27 2 30 5 15 35 42 17 23 4719.86 4958.77
0 8 39 45 7 29 6 38 20 28 18 44 33 37 19 31 9 41 3 24 12 13 16 47 34 21 48 22 14 26 40 32 49 43 25 11 36 46 1 10 4 27 2 30 5 15 35 42 17 23 4719.86 4857.62
0 8 39 45 7 29 6 38 20 28 18 44 33 37 19 31 9 41 3 24 12 13 16 47 34 21 48 22 14 26 40 32 49 43 25 11 36 46 1 10 4 27 2 30 5 15 35 42 17 23 4719.86 4902.07
0 8 39 45 7 29 6 38 20 18 28 44 33 37 19 31 9 41 3 24 12 13 16 47 34 21 48 22 14 26 40 32 49 43 25 11 36 46 1 10 4 27 2 30 5 15 35 42 17 23 4718.73 4919.15
0 8 39 45 7 29 6 38 20 18 28 44 33 37 19 31 9 41 3 24 12 13 16 47 34 21 48 22 14 26 40 32 49 43 25 11 36 46 1 10 4 27 2 30 5 15 35 42 17 23 4718.73 4913.81
0 8 39 45 7 29 6 38 20 18 28 44 33 37 19 31 9 41 3 24 12 13 16 47 34 21 48 22 14 26 40 32 49 43 25 11 36 46 1 10 4 27 2 30 5 15 35 42 17 23 4718.73 5003.57
0 8 39 45 7 29 6 38 20 18 28 44 33 37 19 31 9 41 3 24 12 13 16 47 34 21 48 22 14 26 40 32 49 43 25 11 36 46 1 10 4 27 2 30 5 15 35 42 17 23 4718.73 5126.29
0 8 39 45 7 29 6 38 20 18 28 44 33 37 19 31 9 41 3 24 12 13 16 47 34 21 48 22 14 26 40 32 49 43 25 11 36 46 1 10 4 27 2 30 5 15 35 42 17 23 4718.73 5054.54
0 8 39 45 7 29 6 38 20 18 28 44 33 37 19 31 9 41 3 24 12 13 16 47 34 21 48 22 14 26 40 32 49 43 25 11 36 46 1 10 4 27 2 30 5 15 35 42 17 23 4718.73 4993.97
0 8 39 45 7 29 6 38 20 18 28 44 33 37 19 31 9 41 3 24 12 13 16 47 34 21 48 22 14 26 40 32 49 43 25 11 36 46 1 10 4 27 2 30 5 15 35 42 17 23 4718.73 4911.06
0 8 39 45 7 29 6 38 20 18 28 44 33 37 19 31 9 41 3 24 12 13 16 47 34 21 48 22 14 26 40 32 49 43 25 11 36 46 1 10 4 27 2 30 5 15 35 42 17 23 4718.73 4988.82
0 8 39 45 7 29 6 38 20 18 28 44 33 37 19 31 9 41 3 24 12 13 16 47 34 21 48 22 14 26 40 32 49 43 25 11 36 46 1 10 4 27 2 30 5 15 35 42 17 23 4718.73 4916.2
0 8 39 45 7 29 6 38 20 18 28 44 33 37 19 31 9 41 3 24 12 13 16 47 34 21 48 22 14 26 40 32 49 43 25 11 36 46 1 10 4 27 2 30 5 15 35 42 17 23 4718.73 4786.38
0 8 39 45 7 29 6 38 20 18 28 44 33 37 19 31 9 41 3 24 12 13 16 47 34 21 48 22 14 26 40 32 49 43 25 11 36 46 1 10 4 27 2 30 5 15 35 42 17 23 4718.73 4895.4
0 8 39 45 7 29 6 38 20 18 28 44 33 37 19 31 9 41 3 24 12 13 16 47 34 21 48 22 14 26 40 32 49 43 25 11 36 46 1 10 4 27 2 30 5 15 35 42 17 23 4718.73 4936.74
0 8 39 45 7 29 6 38 20 18 28 44 33 37 19 31 9 41 3 24 12 13 16 47 34 21 48 22 14 26 40 32 49 43 25 11 36 46 1 10 4 27 2 30 5 15 35 42 17 23 4718.73 5002.77
0 8 39 45 7 29 6 38 20 18 28 44 33 37 19 31 9 41 3 24 12 13 16 47 34 21 48 22 14 26 40 32 49 43 25 11 36 46 1 10 4 27 2 30 5 15 35 42 17 23 4718.73 4965.74
0 8 39 45 7 29 6 38 20 18 28 44 33 37 19 31 9 41 3 24 12 13 16 47 34 21 48 22 14 26 40 32 49 43 25 11 36 46 1 10 4 27 2 30 5 15 35 42 17 23 4718.73 4949.15
0 8 39 45 7 29 6 38 20 18 28 44 33 37 19 31 9 41 3 24 12 13 16 47 34 21 48 22 14 26 40 32 49 43 25 11 36 46 1 10 4 27 2 30 5 15 35 42 17 23 4718.73 4956.39
0 8 39 45 7 29 6 38 20 18 28 44 33 37 19 31 9 41 3 24 12 13 16 47 34 21 48 22 14 26 40 32 49 43 25 11 36 46 1 10 4 27 2 30 5 15 35 42 17 23 4718.73 4925.87
0 8 39 45 7 29 6 38 20 18 28 44 33 37 19 31 9 41 3 24 12 13 16 47 34 21 48 22 14 26 40 32 49 43 25 11 36 46 1 10 4 27 2 30 5 15 35 42 17 23 4718.73 5024.93
0 8 39 45 7 29 6 38 20 18 28 44 33 37 19 31 9 41 3 24 12 13 16 47 34 21 48 22 14 26 40 32 49 43 25 11 36 46 1 10 4 27 2 30 5 15 35 42 17 23 4718.73 5011.43
0 8 39 45 7 29 6 38 20 18 28 44 33 37 19 31 9 41 3 24 12 13 16 47 34 21 48 22 14 26 40 32 49 43 25 11 36 46 1 10 4 27 2 30 5 15 35 42 17 23 4718.73 4832.13
0 8 39 45 7 29 6 38 20 18 28 44 33 37 19 31 9 41 3 24 12 13 16 47 34 21 48 22 14 26 40 32 49 43 25 11 36 46 1 10 4 27 2 30 5 15 35 42 17 23 4718.73 4821.22
0 8 39 45 7 29 6 38 20 18 28 44 33 37 19 31 9 41 3 24 12 13 16 47 34 21 48 22 14 26 40 32 49 43 25 11 36 46 1 10 4 27 2 30 5 15 35 42 17 23 4718.73 4924.73
0 8 39 45 7 29 6 38 20 18 28 44 33 37 19 31 9 41 3 24 12 13 16 47 34 21 48 22 14 26 40 32 49 43 25 11 36 46 1 10 4 27 2 30 5 15 35 42 17 23 4718.73 4927.15
0 8 39 45 7 29 6 38 20 18 28 44 33 37 19 31 9 41 3 24 12 13 16 47 34 21 48 22 14 26 40 32 49 43 25 11 36 46 1 10 4 27 2 30 5 15 35 42 17 23 4718.73 5016.58
0 8 39 45 7 29 6 38 20 18 28 44 33 37 19 31 9 41 3 24 12 13 16 47 34 21 48 22 14 26 40 32 49 43 25 11 36 46 1 10 4 27 2 30 5 15 35 42 17 23 4718.73 4968.57
0 8 39 45 7 29 6 38 20 18 28 44 33 37 19 31 9 41 3 24 12 13 16 47 34 21 48 22 14 26 40 32 49 43 25 11 36 46 1 10 4 27 2 30 5 15 35 42 17 23 4718.73 5060.01
0 8 39 45 7 29 6 38 20 18 28 44 33 37 19 31 9 41 3 24 12 13 16 47 34 21 48 22 14 26 40 32 49 43 25 11 36 46 1 10 4 27 2 30 5 15 35 42 17 23 4718.73 5009.69
0 8 39 45 7 29 6 38 20 18 28 44 33 37 19 31 9 41 3 24 12 13 16 47 34 21 48 22 14 26 40 32 49 43 25 11 36 46 1 10 4 27 2 30 5 15 35 42 17 23 4718.73 4937.16
0 8 39 45 7 29 6 38 20 18 28 44 33 37 19 31 9 41 3 24 12 13 16 47 34 21 48 22 14 26 40 32 49 43 25 11 36 46 1 10 4 27 2 30 5 15 35 42 17 23 4718.73 4951.05
0 8 39 45 7 29 6 38 20 18 28 44 33 37 19 31 9 41 3 24 12 13 16 47 34 21 48 22 14 26 40 32 49 43 25 11 36 46 1 10 4 27 2 30 5 15 35 42 17 23 4718.73 4955.53
0 8 39 45 7 29 6 38 20 18 28 44 33 37 19 31 9 41 3 24 12 13 16 47 34 21 48 22 14 26 40 32 49 43 25 11 36 46 1 10 4 27 2 30 5 15 35 42 17 23 4718.73 4955.79
0 8 39 45 7 29 6 38 20 18 28 44 33 37 19 31 9 41 3 24 12 13 16 47 34 21 48 22 14 26 40 32 49 43 25 11 36 46 1 10 4 27 2 30 5 15 35 42 17 23 4718.73 4968.14
0 8 39 45 7 29 6 38 20 18 28 44 33 37 19 31 9 41 3 24 12 13 16 47 34 21 48 22 14 26 40 32 49 43 25 11 36 46 1 10 4 27 2 30 5 15 35 42 17 23 4718.73 5148.62
0 8 39 45 7 29 6 38 20 18 28 44 33 37 19 31 9 41 3 24 12 13 16 47 34 21 48 22 14 26 40 32 49 43 25 11 36 46 1 10 4 27 2 30 5 15 35 42 17 23 4718.73 5173.54
0 8 39 45 7 29 6 38 20 18 28 44 33 37 19 31 9 41 3 24 12 13 16 47 34 21 48 22 14 26 40 32 49 43 25 11 36 46 1 10 4 27 2 30 5 15 35 42 17 23 4718.73 5019.34
0 8 39 45 7 29 6 38 20 18 28 44 33 37 19 31 9 41 3 24 12 13 16 47 34 21 48 22 14 26 40 32 49 43 25 11 36 46 1 10 4 27 2 30 5 15 35 42 17 23 4718.73 5016.39
0 8 39 45 7 29 6 38 20 18 28 44 33 37 19 31 9 41 3 24 12 13 16 47 34 21 48 22 14 26 40 32 49 43 25 11 36 46 1 10 4 27 2 30 5 15 35 42 17 23 4718.73 5099.81
0 8 39 45 7 29 6 38 20 18 28 44 33 37 19 31 9 41 3 24 12 13 16 47 34 21 48 22 14 26 40 32 49 43 25 11 36 46 1 10 4 27 2 30 5 15 35 42 17 23 4718.73 4931.21
0 8 39 45 7 29 6 38 20 18 28 44 33 37 19 31 9 41 3 24 12 13 16 47 34 21 48 22 14 26 40 32 49 43 25 11 36 46 1 10 4 27 2 30 5 15 35 42 17 23 4718.73 4963.07
0 8 39 45 7 29 6 38 20 18 28 44 33 37 19 31 9 41 3 24 12 13 16 47 34 21 48 22 14 26 40 32 49 43 25 11 36 46 1 10 4 27 2 30 5 15 35 42 17 23 4718.73 4915.73
0 8 39 45 7 29 6 38 20 18 28 44 33 37 19 31 9 41 3 24 12 13 16 47 34 21 48 22 14 26 40 32 49 43 25 11 36 46 1 10 4 27 2 30 5 15 35 42 17 23 4718.73 4895.41
0 8 39 45 7 29 6 38 20 18 28 44 33 37 19 31 9 41 3 24 12 13 16 47 34 21 48 22 14 26 40 32 49 43 25 11 36 46 1 10 4 27 2 30 5 15 35 42 17 23 4718.73 4885.2
0 8 39 45 7 29 6 38 20 18 28 44 33 37 19 31 9 41 3 24 12 13 16 47 34 21 48 22 14 26 40 32 49 43 25 11 36 46 1 10 4 27 2 30 5 15 35 42 17 23 4718.73 4866.7
0 8 39 45 7 29 6 38 20 18 28 44 33 37 19 31 9 41 3 24 12 13 16 47 34 21 48 22 14 26 40 32 49 43 25 11 36 46 1 10 4 27 2 30 5 15 35 42 17 23 4718.73 4917.65
0 8 39 45 7 29 6 38 20 18 28 44 33 37 19 31 9 41 3 24 12 13 16 47 34 21 48 22 14 26 40 32 49 43 25 11 36 46 1 10 4 27 2 30 5 15 35 42 17 23 4718.73 4953.35
0 8 39 45 7 29 6 38 20 18 28 44 33 37 19 31 9 41 3 24 12 13 16 47 34 21 48 22 14 26 40 32 49 43 25 11 36 46 1 10 4 27 2 30 5 15 35 42 17 23 4718.73 5042.09
0 8 39 45 7 29 6 38 20 18 28 44 33 37 19 31 9 41 3 24 12 13 16 47 34 21 48 22 14 26 40 32 49 43 25 11 36 46 1 10 4 27 2 30 5 15 35 42 17 23 4718.73 5103.01
0 8 39 45 7 29 6 38 20 18 28 44 33 37 19 31 9 41 3 24 12 13 16 47 34 21 48 22 14 26 40 32 49 43 25 11 36 46 1 10 4 27 2 30 5 15 35 42 17 23 4718.73 5069.47
0 8 39 45 7 29 6 38 20 18 28 44 33 37 19 31 9 41 3 24 12 13 16 47 34 21 48 22 14 26 40 32 49 43 25 11 36 46 1 10 4 27 2 30 5 15 35 42 17 23 4718.73 5073.46
0 8 39 45 7 29 6 38 20 18 28 44 33 37 19 31 9 41 3 24 12 13 16 47 34 21 48 22 14 26 40 32 49 43 25 11 36 46 1 10 4 27 2 30 5 15 35 42 17 23 4718.73 4990.41
0 8 39 45 7 29 6 38 20 18 28 44 33 37 19 31 9 41 3 24 12 13 16 47 34 21 48 22 14 26 40 32 49 43 25 11 36 46 1 10 4 27 2 30 5 15 35 42 17 23 4718.73 5054.87
0 8 39 45 7 29 6 38 20 18 28 44 33 37 19 31 9 41 3 24 12 13 16 47 34 21 48 22 14 26 40 32 49 43 25 11 36 46 1 10 4 27 2 30 5 15 35 42 17 23 4718.73 5002.69
0 8 39 45 7 29 6 38 20 18 28 44 33 37 19 31 9 41 3 24 12 13 16 47 34 21 48 22 14 26 40 32 49 43 25 11 36 46 1 10 4 27 2 30 5 15 35 42 17 23 4718.73 4978.04
0 8 39 45 7 29 6 38 20 18 28 44 33 37 19 31 9 41 3 24 12 13 16 47 34 21 48 22 14 26 40 32 49 43 25 11 36 46 1 10 4 27 2 30 5 15 35 42 17 23 4718.73 4917.67
0 8 39 45 7 29 6 38 20 18 28 44 33 37 19 31 9 41 3 24 12 13 16 47 34 21 48 22 14 26 40 32 49 43 25 11 36 46 1 10 4 27 2 30 5 15 35 42 17 23 4718.73 4962.14
0 8 39 45 7 29 6 38 20 18 28 44 33 37 19 31 9 41 3 24 12 13 16 47 34 21 48 22 14 26 40 32 49 43 25 11 36 46 1 10 4 27 2 30 5 15 35 42 17 23 4718.73 4969.63
0 8 39 45 7 29 6 38 20 18 28 44 33 37 19 31 9 41 3 24 12 13 16 47 34 21 48 22 14 26 40 32 49 43 25 11 36 46 1 10 4 27 2 30 5 15 35 42 17 23 4718.73 5098.82
0 8 39 45 7 29 6 38 20 18 28 44 33 37 19 31 9 41 3 24 12 13 16 47 34 21 48 22 14 26 40 32 49 43 25 11 36 46 1 10 4 27 2 30 5 15 35 42 17 23 4718.73 5175.1
0 8 39 45 7 29 6 38 20 18 28 44 33 37 19 31 9 41 3 24 12 13 16 47 34 21 48 22 14 26 40 32 49 43 25 11 36 46 1 10 4 27 2 30 5 15 35 42 17 23 4718.73 5060.41
0 8 39 45 7 29 6 38 20 18 28 44 33 37 19 31 9 41 3 24 12 13 16 47 34 21 48 22 14 26 40 32 49 43 25 11 36 46 1 10 4 27 2 30 5 15 35 42 17 23 4718.73 5076.47
0 8 39 45 7 29 6 38 20 18 28 44 33 37 19 31 9 41 3 24 12 13 16 47 34 21 48 22 14 26 40 32 49 43 25 11 36 46 1 10 4 27 2 30 5 15 35 42 17 23 4718.73 4993.64
0 8 39 45 7 29 6 38 20 18 28 44 33 37 19 31 9 41 3 24 12 13 16 47 34 21 48 22 14 26 40 32 49 43 25 11 36 46 1 10 4 27 2 30 5 15 35 42 17 23 4718.73 4918.25
0 8 39 45 7 29 6 38 20 18 28 44 33 37 19 31 9 41 3 24 12 13 16 47 34 21 48 22 14 26 40 32 49 43 25 11 36 46 1 10 4 27 2 30 5 15 35 42 17 23 4718.73 4898.86
0 8 39 45 7 29 6 38 20 18 28 44 33 37 19 31 9 41 3 24 12 13 16 47 34 21 48 22 14 26 40 32 49 43 25 11 36 46 1 10 4 27 2 30 5 15 35 42 17 23 4718.73 4830.15
0 8 39 45 7 29 6 38 20 18 28 44 33 37 19 31 47 34 21 48 22 14 15 26 40 32 49 43 25 11 36 46 1 10 4 27 2 30 5 35 42 17 23 3 24 12 13 16 41 9 4638.18 4829.5
0 8 39 45 7 29 6 38 20 18 28 44 33 37 19 31 47 34 21 48 22 14 15 26 40 32 49 43 25 11 36 46 1 10 4 27 2 30 5 35 42 17 23 3 24 12 13 16 41 9 4638.18 4820.93
0 8 39 45 7 29 6 38 20 18 28 44 33 37 19 31 47 34 21 48 22 14 15 26 40 32 49 43 25 11 36 46 1 10 4 27 2 30 5 35 42 17 23 3 24 12 13 16 41 9 4638.18 4788.51
0 8 39 45 7 29 6 38 20 18 28 44 33 37 19 31 47 34 21 48 22 14 15 26 40 32 49 43 25 11 36 46 1 10 4 27 2 30 5 35 42 17 23 3 24 12 13 16 41 9 4638.18 4843.93
0 8 39 45 7 29 6 38 20 18 28 44 33 37 19 31 47 34 21 48 22 14 15 26 40 32 49 43 25 11 36 46 1 10 4 27 2 30 5 35 42 17 23 3 24 12 13 16 41 9 4638.18 4950.45
0 8 39 45 7 29 6 38 20 18 28 44 33 37 19 31 47 34 21 48 22 14 15 26 40 32 49 43 25 11 36 46 1 10 4 27 2 30 5 35 42 17 23 3 24 12 13 16 41 9 4638.18 4929.36
0 8 39 45 7 29 6 38 20 18 28 44 33 37 19 31 47 34 21 48 22 14 15 26 40 32 49 43 25 11 36 46 1 10 4 27 2 30 5 35 42 17 23 3 24 12 13 16 41 9 4638.18 5096.44
0 8 39 45 7 29 6 38 20 18 28 44 33 37 19 31 47 34 21 48 22 14 15 26 40 32 49 43 25 11 36 46 1 10 4 27 2 30 5 35 42 17 23 3 24 12 13 16 41 9 4638.18 5095.52
0 8 39 45 7 29 6 38 20 18 28 44 33 37 19 31 47 34 21 48 22 14 15 26 40 32 49 43 25 11 36 46 1 10 4 27 2 30 5 35 42 17 23 3 24 12 13 16 41 9 4638.18 5028.13
0 8 39 45 7 29 6 38 20 18 28 44 33 37 19 31 47 34 21 48 22 14 15 26 40 32 49 43 25 11 36 46 1 10 4 27 2 30 5 35 42 17 23 3 24 12 13 16 41 9 4638.18 4989.4
0 8 39 45 7 29 6 38 20 18 28 44 33 37 19 31 47 34 21 48 22 14 15 26 40 32 49 43 25 11 36 46 1 10 4 27 2 30 5 35 42 17 23 3 24 12 13 16 41 9 4638.18 4870.86
0 8 39 45 7 29 6 38 20 18 28 44 33 37 19 31 47 34 21 48 22 14 15 26 40 32 49 43 25 11 36 46 1 10 4 27 2 30 5 35 42 17 23 3 24 12 13 16 41 9 4638.18 4732.43
0 8 39 45 7 29 6 38 20 18 28 44 33 37 19 31 47 34 21 48 22 14 15 26 40 32 49 43 25 11 36 46 1 10 4 27 2 30 5 35 42 17 23 3 24 12 13 16 41 9 4638.18 4814.52
0 8 39 45 7 29 6 38 20 18 28 44 33 37 19 31 47 34 21 48 22 14 15 26 40 32 49 43 25 11 36 46 1 10 4 27 2 30 5 35 42 17 23 3 24 12 13 16 41 9 4638.18 4774.46
0 8 39 45 7 29 6 38 20 18 28 44 33 37 19 31 47 34 21 48 22 14 15 26 40 32 49 43 25 11 36 46 1 10 4 27 2 30 5 35 42 17 23 3 24 12 13 16 41 9 4638.18 4961.3
0 8 39 45 7 29 6 38 20 18 28 44 33 37 19 31 47 34 21 48 22 14 15 26 40 32 49 43 25 11 36 46 1 10 4 27 2 30 5 35 42 17 23 3 24 12 13 16 41 9 4638.18 4891.74
0 8 39 31 19 37 33 44 28 18 20 38 6 29 7 45 47 34 21 48 22 14 15 26 40 32 49 43 25 11 36 46 1 10 4 27 2 30 5 35 42 17 23 3 24 12 13 16 41 9 4624.33 4890.78
0 8 39 31 19 37 33 44 28 18 20 38 6 29 7 45 47 34 21 48 22 14 15 26 40 32 49 43 25 11 36 46 1 10 4 27 2 30 5 35 42 17 23 3 24 12 13 16 41 9 4624.33 4895.48
0 8 39 31 19 37 33 44 28 18 20 38 6 29 7 45 47 34 21 48 22 14 15 26 40 32 49 43 25 11 36 46 1 10 4 27 2 30 5 35 42 17 23 3 24 12 13 16 41 9 4624.33 4932.03
0 8 39 31 19 37 33 44 28 18 20 38 6 29 7 45 47 34 21 48 22 14 15 26 40 32 49 43 25 11 36 46 1 10 4 27 2 30 5 35 42 17 23 3 24 12 13 16 41 9 4624.33 4893.86
0 8 39 31 19 37 33 44 28 18 20 38 6 29 7 45 47 34 21 48 22 14 15 26 40 32 49 43 25 11 36 46 1 10 4 27 2 30 5 35 42 17 23 3 24 12 13 16 41 9 4624.33 4961.86
0 8 39 31 19 37 33 44 28 18 20 38 6 29 7 45 47 34 21 48 22 14 15 26 40 32 49 43 25 11 36 46 1 10 4 27 2 30 5 35 42 17 23 3 24 12 13 16 41 9 4624.33 4951.61
0 8 39 31 19 37 33 44 28 18 20 38 6 29 7 45 47 34 21 48 22 14 15 26 40 32 49 43 25 11 36 46 1 10 4 27 2 30 5 35 42 17 23 3 24 12 13 16 41 9 4624.33 4941.34
0 8 39 31 19 37 33 44 28 18 20 38 6 29 7 45 47 34 21 48 22 14 15 26 40 32 49 43 25 11 36 46 1 10 4 27 2 30 5 35 42 17 23 3 24 12 13 16 41 9 4624.33 4808.43
0 8 39 31 19 37 33 44 28 18 20 38 6 29 7 45 47 34 21 48 22 14 15 26 40 32 49 43 25 11 36 46 1 10 4 27 2 30 5 35 42 17 23 3 24 12 13 16 41 9 4624.33 4728.97
0 8 39 31 19 37 33 44 28 18 20 38 6 29 7 45 47 34 21 48 22 14 15 26 40 32 49 43 25 11 36 46 1 10 4 27 2 30 5 35 42 17 23 3 24 12 13 16 41 9 4624.33 4769.25
0 8 39 31 19 37 33 44 28 18 20 38 6 29 7 45 47 34 21 48 22 14 15 26 40 32 49 43 25 11 36 46 1 10 4 27 2 30 5 35 42 17 23 3 24 12 13 16 41 9 4624.33 4751.83
0 8 39 31 19 37 33 44 28 18 20 38 6 29 7 45 47 34 21 48 22 14 15 26 40 32 49 43 25 11 36 46 1 10 4 27 2 30 5 35 42 17 23 3 24 12 13 16 41 9 4624.33 4883.02
0 8 39 31 19 37 33 44 28 18 20 38 6 29 7 45 47 34 21 48 22 14 15 26 40 32 49 43 25 11 36 46 1 10 4 27 2 30 5 35 42 17 23 3 24 12 13 16 41 9 4624.33 4870.58
0 8 39 31 19 37 33 44 28 18 20 38 6 29 7 45 47 34 21 48 22 14 15 26 40 32 49 43 25 11 36 46 1 10 4 27 2 30 5 35 42 17 23 3 24 12 13 16 41 9 4624.33 4863.04
0 8 39 31 19 37 33 44 28 18 20 38 6 29 7 45 47 34 21 48 22 14 15 26 40 32 49 43 25 11 36 46 1 10 4 27 2 30 5 35 42 17 23 3 24 12 13 16 41 9 4624.33 4922.56
0 8 39 31 19 37 33 44 28 18 20 38 6 29 7 45 47 34 21 48 22 14 15 26 40 32 49 43 25 11 36 46 1 10 4 27 2 30 5 35 42 17 23 3 24 12 13 16 41 9 4624.33 4922.8
0 8 39 31 19 37 33 44 28 18 20 38 6 29 7 45 47 34 21 48 22 14 15 26 40 32 49 43 25 11 36 46 1 10 4 27 2 30 5 35 42 17 23 3 24 12 13 16 41 9 4624.33 5001.9
0 8 39 31 19 37 33 44 28 18 20 38 6 29 7 45 47 34 21 48 22 14 15 26 40 32 49 43 25 11 36 46 1 10 4 27 2 30 5 35 42 17 23 3 24 12 13 16 41 9 4624.33 4881.56
0 8 39 31 19 37 33 44 28 18 20 38 6 29 7 45 47 34 21 48 22 14 15 26 40 32 49 43 25 11 36 46 1 10 4 27 2 30 5 35 42 17 23 3 24 12 13 16 41 9 4624.33 4929.67
0 8 39 31 19 37 33 44 28 18 20 38 6 29 7 45 47 34 21 48 22 14 15 26 40 32 49 43 25 11 36 46 1 10 4 27 2 30 5 35 42 17 23 3 24 12 13 16 41 9 4624.33 4770.49
0 9 41 16 13 12 24 3 23 17 42 35 5 30 2 27 4 10 1 46 36 11 25 43 49 32 40 26 15 14 22 48 21 34 47 45 7 29 6 38 20 18 28 44 33 37 19 31 39 8 4624.33 4845.23
0 9 41 16 13 12 24 3 23 17 42 35 5 30 2 27 4 10 1 46 36 11 25 43 49 32 40 26 15 14 22 48 21 34 47 45 7 29 6 38 20 18 28 44 33 37 19 31 39 8 4624.33 4951.7
0 9 41 16 13 12 24 3 23 17 42 35 5 30 2 27 4 10 1 46 36 11 25 43 49 32 40 26 15 14 22 48 21 34 47 45 7 29 6 38 20 18 28 44 33 37 19 31 39 8 4624.33 5089.81
0 9 41 16 13 12 24 3 23 17 42 35 5 30 2 27 4 10 1 46 36 11 25 43 49 32 40 26 15 14 22 48 21 34 47 45 7 29 6 38 20 18 28 44 33 37 19 31 39 8 4624.33 5145.89
0 9 41 16 13 12 24 3 23 17 42 35 5 30 2 27 4 10 1 46 36 11 25 43 49 32 40 26 15 14 22 48 21 34 47 45 7 29 6 38 20 18 28 44 33 37 19 31 39 8 4624.33 5119.53
0 9 41 16 13 12 24 3 23 17 42 35 5 30 2 27 4 10 1 46 36 11 25 43 49 32 40 26 15 14 22 48 21 34 47 45 7 29 6 38 20 18 28 44 33 37 19 31 39 8 4624.33 5020.68
0 9 41 16 13 12 24 3 23 17 42 35 5 30 2 27 4 10 1 46 36 11 25 43 49 32 40 26 15 14 22 48 21 34 47 45 7 29 6 38 20 18 28 44 33 37 19 31 39 8 4624.33 4952.54
0 9 41 16 13 12 24 3 23 17 42 35 5 30 2 27 4 10 1 46 36 11 25 43 49 32 40 26 15 14 22 48 21 34 47 45 7 29 6 38 20 18 28 44 33 37 19 31 39 8 4624.33 5067.93
0 9 41 16 13 12 24 3 23 17 42 35 5 30 2 27 4 10 1 46 36 11 25 43 49 32 40 26 15 14 22 48 21 34 47 45 7 29 6 38 20 18 28 44 33 37 19 31 39 8 4624.33 4892.31
0 9 41 16 13 12 24 3 23 17 42 35 5 30 2 27 4 10 1 46 36 11 25 43 49 32 40 26 15 14 22 48 21 34 47 45 7 29 6 38 20 18 28 44 33 37 19 31 39 8 4624.33 4960.26
0 9 41 16 13 12 24 3 23 17 42 35 5 30 2 27 4 10 1 46 36 11 25 43 49 32 40 26 15 14 22 48 21 34 47 45 7 29 6 38 20 18 28 44 33 37 19 31 39 8 4624.33 5004.95
0 9 41 16 13 12 24 3 23 17 42 35 5 30 2 27 4 10 1 46 36 11 25 43 49 32 40 26 15 14 22 48 21 34 47 45 7 29 6 38 20 18 28 44 33 37 19 31 39 8 4624.33 4986.47
0 9 41 16 13 12 24 3 23 17 42 35 5 30 2 27 4 10 1 46 36 11 25 43 49 32 40 26 15 14 22 48 21 34 47 45 7 29 6 38 20 18 28 44 33 37 19 31 39 8 4624.33 4900.7
0 9 41 16 13 12 24 3 23 17 42 35 5 30 2 27 4 10 1 46 36 11 25 43 49 32 40 26 15 14 22 48 21 34 47 45 7 29 6 38 20 18 28 44 33 37 19 31 39 8 4624.33 4759.05
0 9 41 16 13 12 24 3 23 17 42 35 5 30 2 27 4 10 1 46 36 11 25 43 49 32 40 26 15 14 22 48 21 34 47 45 7 29 6 38 20 18 28 44 33 37 19 31 39 8 4624.33 4838.35
0 9 41 16 13 12 24 3 23 17 42 35 5 30 2 27 4 10 1 46 36 11 25 43 49 32 40 26 15 14 22 48 21 34 47 45 7 29 6 38 20 18 28 44 33 37 19 31 39 8 4624.33 4796.65
0 9 41 16 13 12 24 3 23 17 42 35 5 30 2 27 4 10 1 46 36 11 25 43 49 32 40 26 15 14 22 48 21 34 47 45 7 29 6 38 20 18 28 44 33 37 19 31 39 8 4624.33 4925.84
0 9 41 16 13 12 24 3 23 17 42 35 5 30 2 27 4 10 1 46 36 11 25 43 49 32 40 26 15 14 22 48 21 34 47 45 7 29 6 38 20 18 28 44 33 37 19 31 39 8 4624.33 4844.11
0 9 41 16 13 12 24 3 23 17 42 35 5 30 2 27 4 10 1 46 36 11 25 43 49 32 40 26 15 14 22 48 21 34 47 45 7 29 6 38 20 18 28 44 33 37 19 31 39 8 4624.33 4804.65
0 9 41 16 13 12 24 3 23 17 42 35 5 30 2 27 4 10 1 46 36 11 25 43 49 32 40 26 15 14 22 48 21 34 47 45 7 29 6 38 20 18 28 44 33 37 19 31 39 8 4624.33 4873.68
0 9 41 16 13 12 24 3 23 17 42 35 5 30 2 27 4 10 1 46 36 11 25 43 49 32 40 26 15 14 22 48 21 34 47 45 7 29 6 38 20 18 28 44 33 37 19 31 39 8 4624.33 4841.37
0 9 41 16 13 12 24 3 23 17 42 35 5 30 2 27 4 10 1 46 36 11 25 43 49 32 40 26 15 14 22 48 21 34 47 45 7 29 6 38 20 18 28 44 33 37 19 31 39 8 4624.33 4780.26
0 9 41 16 13 12 24 3 23 17 42 35 5 30 2 27 4 10 1 46 36 11 25 43 49 32 40 26 15 14 22 48 21 34 47 45 7 29 6 38 20 18 28 44 33 37 19 31 39 8 4624.33 4875.71
0 9 41 16 13 12 24 3 23 17 42 35 5 30 2 27 4 10 1 46 36 11 25 43 49 32 40 26 15 14 22 48 21 34 47 45 7 29 6 38 20 18 28 44 33 37 19 31 39 8 4624.33 4844.82
0 9 41 16 13 12 24 3 23 17 42 35 5 30 2 27 4 10 1 46 36 11 25 43 49 32 40 26 15 14 22 48 21 34 47 45 7 29 6 38 20 18 28 44 33 37 19 31 39 8 4624.33 4929.75
0 9 41 16 13 12 24 3 23 17 42 35 5 30 2 27 4 10 1 46 36 11 25 43 49 32 40 26 15 14 22 48 21 34 47 45 7 29 6 38 20 18 28 44 33 37 19 31 39 8 4624.33 4795.59
0 9 41 16 13 12 24 3 23 17 42 35 5 30 2 27 4 10 1 46 36 11 25 43 49 32 40 26 15 14 22 48 21 34 47 45 7 29 6 38 20 18 28 44 33 37 19 31 39 8 4624.33 5080.09
0 9 41 16 13 12 24 3 23 17 42 35 5 30 2 27 4 10 1 46 36 11 25 43 49 32 40 26 15 14 22 48 21 34 47 45 7 29 6 38 20 18 28 44 33 37 19 31 39 8 4624.33 5010.82
0 9 41 16 13 12 24 3 23 17 42 35 5 30 2 27 4 10 1 46 36 11 25 43 49 32 40 26 15 14 22 48 21 34 47 45 7 29 6 38 20 18 28 44 33 37 19 31 39 8 4624.33 4880.48
0 9 41 16 13 12 24 3 23 17 42 35 5 30 2 27 4 10 1 46 36 11 25 43 49 32 40 26 15 14 22 48 21 34 47 45 7 29 6 38 20 18 28 44 33 37 19 31 39 8 4624.33 4881.26
0 9 41 16 13 12 24 3 23 17 42 35 5 30 2 27 4 10 1 46 36 11 25 43 49 32 40 26 15 14 22 48 21 34 47 45 7 29 6 38 20 18 28 44 33 37 19 31 39 8 4624.33 4771.21
0 9 41 16 13 12 24 3 23 17 42 35 5 30 2 27 4 10 1 46 36 11 25 43 49 32 40 26 15 14 22 48 21 34 47 45 7 29 6 38 20 18 28 44 33 37 19 31 39 8 4624.33 4709.58
0 9 41 16 13 12 24 3 23 17 42 35 5 30 2 27 4 10 1 46 36 11 25 43 49 32 40 26 15 14 22 48 21 34 47 45 7 29 6 38 20 18 28 44 33 37 19 31 39 8 4624.33 4718.55
0 9 41 16 13 12 24 3 23 17 42 35 5 30 2 27 4 10 1 46 36 11 25 43 49 32 40 26 15 14 22 48 21 34 47 45 7 29 6 38 20 18 28 44 33 37 19 31 39 8 4624.33 4877.56
0 9 41 16 13 12 24 3 23 17 42 35 5 30 2 27 4 10 1 46 36 11 25 43 49 32 40 26 15 14 22 48 21 34 47 45 7 29 6 38 20 18 28 44 33 37 19 31 39 8 4624.33 4821.55
0 9 41 16 13 12 24 3 23 17 42 35 5 30 2 27 4 10 1 46 36 11 25 43 49 32 40 26 15 14 22 48 21 34 47 45 7 29 6 38 20 18 28 44 33 37 19 31 39 8 4624.33 4868.8
0 9 41 16 13 12 24 3 23 17 42 35 5 30 2 27 4 10 1 46 36 11 25 43 49 32 40 26 15 14 22 48 21 34 47 45 7 29 6 38 20 18 28 44 33 37 19 31 39 8 4624.33 4796.46
0 9 41 16 13 12 24 3 23 17 42 35 5 30 2 27 4 10 1 46 36 11 25 43 49 32 40 26 15 14 22 48 21 34 47 45 7 29 6 38 20 18 28 44 33 37 19 31 39 8 4624.33 4818.18
0 9 41 16 13 12 24 3 23 17 42 35 5 30 2 27 4 10 1 46 36 11 25 43 49 32 40 26 15 14 22 48 21 34 47 45 7 29 6 38 20 18 28 44 33 37 19 31 39 8 4624.33 4859.16
0 9 41 16 13 12 24 3 23 17 42 35 5 30 2 27 4 10 1 46 36 11 25 43 49 32 40 26 15 14 22 48 21 34 47 45 7 29 6 38 20 18 28 44 33 37 19 31 39 8 4624.33 4843.38
0 9 41 16 13 12 24 3 23 17 42 35 5 30 2 27 4 10 1 46 36 11 25 43 49 32 40 26 15 14 22 48 21 34 47 45 7 29 6 38 20 18 28 44 33 37 19 31 39 8 4624.33 4752.57
0 9 41 16 13 12 24 3 23 17 42 35 5 30 2 27 4 10 1 46 36 11 25 43 49 32 40 26 15 14 22 48 21 34 47 45 7 29 6 38 20 18 28 44 33 37 19 31 39 8 4624.33 4748.9
0 9 41 16 13 12 24 3 23 17 42 35 5 30 2 27 4 10 1 46 36 11 25 43 49 32 40 26 15 14 22 48 21 34 47 45 7 29 6 38 20 18 28 44 33 37 19 31 39 8 4624.33 4794.56
0 9 41 16 13 12 24 3 23 17 42 35 5 30 2 27 4 10 1 46 36 11 25 43 49 32 40 26 15 14 22 48 21 34 47 45 7 29 6 38 20 18 28 44 33 37 19 31 39 8 4624.33 4751.85
0 9 41 16 13 12 24 3 23 17 42 35 5 30 2 27 4 10 1 46 36 11 25 43 49 32 40 26 15 14 22 48 21 34 47 45 7 29 6 38 20 18 28 44 33 37 19 31 39 8 4624.33 4757.14
0 9 41 16 13 12 24 3 23 17 42 35 5 30 2 27 4 10 1 46 36 11 25 43 49 32 40 26 15 14 22 48 21 34 47 45 7 29 6 38 20 18 28 44 33 37 19 31 39 8 4624.33 4830.52
0 9 41 16 13 12 24 3 23 17 42 35 5 30 2 27 4 10 1 46 36 11 25 43 49 32 40 26 15 14 22 48 21 34 47 45 7 29 6 38 20 18 28 44 33 37 19 31 39 8 4624.33 4772.27
0 9 41 16 13 12 24 3 23 17 42 35 5 30 2 27 4 10 1 46 36 11 25 43 49 32 40 26 15 14 22 48 21 34 47 45 7 29 6 38 20 18 28 44 33 37 19 31 39 8 4624.33 4794.73
0 9 41 16 13 12 24 3 23 17 42 35 5 30 2 27 4 10 1 46 36 11 25 43 49 32 40 26 15 14 22 48 21 34 47 45 7 29 6 38 20 18 28 44 33 37 19 31 39 8 4624.33 4762.84
0 9 41 16 13 12 24 3 23 17 42 35 5 30 2 27 4 10 1 46 36 11 25 43 49 32 40 26 15 14 22 48 21 34 47 45 7 29 6 38 20 18 28 44 33 37 19 31 39 8 4624.33 4744.22
0 9 41 16 13 12 24 3 23 17 42 35 5 30 2 27 4 10 1 46 36 11 25 43 49 32 40 26 15 14 22 48 21 34 47 45 7 29 6 38 20 18 28 44 33 37 19 31 39 8 4624.33 4797.29
0 9 41 16 13 12 24 3 23 17 42 35 5 30 2 27 4 10 1 46 36 11 25 43 49 32 40 26 15 14 22 48 21 34 47 45 7 29 6 38 20 18 28 44 33 37 19 31 39 8 4624.33 4785.95
0 9 41 16 13 12 24 3 23 17 42 35 5 30 2 27 4 10 1 46 36 11 25 43 49 32 40 26 15 14 22 48 21 34 47 45 7 29 6 38 20 18 28 44 33 37 19 31 39 8 4624.33 4888.1
0 9 41 16 13 12 24 3 23 17 42 35 5 30 2 27 4 10 1 46 36 11 25 43 49 32 40 26 15 14 22 48 21 34 47 45 7 29 6 38 20 18 28 44 33 37 19 31 39 8 4624.33 4929.63
0 9 41 16 13 12 24 3 23 17 42 35 5 30 2 27 4 10 1 46 36 11 25 43 49 32 40 26 15 14 22 48 21 34 47 45 7 29 6 38 20 18 28 44 33 37 19 31 39 8 4624.33 4944.61
0 9 41 16 13 12 24 3 23 17 42 35 5 30 2 27 4 10 1 46 36 11 25 43 49 32 40 26 15 14 22 48 21 34 47 45 7 29 6 38 20 18 28 44 33 37 19 31 39 8 4624.33 4829.23
0 9 41 16 13 12 24 3 23 17 42 35 5 30 2 27 4 10 1 46 36 11 25 43 49 32 40 26 15 14 22 48 21 34 47 45 7 29 6 38 20 18 28 44 33 37 19 31 39 8 4624.33 4897.3
0 9 41 16 13 12 24 3 23 17 42 35 5 30 2 27 4 10 1 46 36 11 25 43 49 32 40 26 15 14 22 48 21 34 47 45 7 29 6 38 20 18 28 44 33 37 19 31 39 8 4624.33 4951.19
0 9 41 16 13 12 24 3 23 17 42 35 5 30 2 27 4 10 1 46 36 11 25 43 49 32 40 26 15 14 22 48 21 34 47 45 7 29 6 38 20 18 28 44 33 37 19 31 39 8 4624.33 4982.47
0 9 41 16 13 12 24 3 23 17 42 35 5 30 2 27 4 10 1 46 36 11 25 43 49 32 40 26 15 14 22 48 21 34 47 45 7 29 6 38 20 18 28 44 33 37 19 31 39 8 4624.33 4967.38
0 9 41 16 13 12 24 3 23 17 42 35 5 30 2 27 4 10 1 46 36 11 25 43 49 32 40 26 15 14 22 48 21 34 47 45 7 29 6 38 20 18 28 44 33 37 19 31 39 8 4624.33 4943.64
0 9 41 16 13 12 24 3 23 17 42 35 5 30 2 27 4 10 1 46 36 11 25 43 49 32 40 26 15 14 22 48 21 34 47 45 7 29 6 38 20 18 28 44 33 37 19 31 39 8 4624.33 5022.09
0 9 41 16 13 12 24 3 23 17 42 35 5 30 2 27 4 10 1 46 36 11 25 43 49 32 40 26 15 14 22 48 21 34 47 45 7 29 6 38 20 18 28 44 33 37 19 31 39 8 4624.33 4914.6
0 9 41 16 13 12 24 3 23 17 42 35 5 30 2 27 4 10 1 46 36 11 25 43 49 32 40 26 15 14 22 48 21 34 47 45 7 29 6 38 20 18 28 44 33 37 19 31 39 8 4624.33 4875.91
0 9 41 16 13 12 24 3 23 17 42 35 5 30 2 27 4 10 1 46 36 11 25 43 49 32 40 26 15 14 22 48 21 34 47 45 7 29 6 38 20 18 28 44 33 37 19 31 39 8 4624.33 4847.28
0 9 41 16 13 12 24 3 23 17 42 35 5 30 2 27 4 10 1 46 36 11 25 43 49 32 40 26 15 14 22 48 21 34 47 45 7 29 6 38 20 18 28 44 33 37 19 31 39 8 4624.33 4725.95
0 9 41 16 13 12 24 3 23 17 42 35 5 30 2 27 4 10 1 46 36 11 25 43 49 32 40 26 15 14 22 48 21 34 47 45 7 29 6 38 20 18 28 44 33 37 19 31 39 8 4624.33 4878.52
0 9 41 16 13 12 24 3 23 17 42 35 5 30 2 27 4 10 1 46 36 11 25 43 49 32 40 26 15 14 22 48 21 34 47 45 7 29 6 38 20 18 28 44 33 37 19 31 39 8 4624.33 4803.15
0 9 41 16 13 12 24 3 23 17 42 35 5 30 2 27 4 10 1 46 36 11 25 43 49 32 40 26 15 14 22 48 21 34 47 45 7 29 6 38 20 18 28 44 33 37 19 31 39 8 4624.33 4778.88
0 9 41 16 13 12 24 3 23 17 42 35 5 30 2 27 4 10 1 46 36 11 25 43 49 32 40 26 15 14 22 48 21 34 47 45 7 29 6 38 20 18 28 44 33 37 19 31 39 8 4624.33 4829.64
0 9 41 16 13 12 24 3 23 17 42 35 5 30 2 27 4 10 1 46 36 11 25 43 49 32 40 26 15 14 22 48 21 34 47 45 7 29 6 38 20 18 28 44 33 37 19 31 39 8 4624.33 4778.95
0 9 41 16 13 12 24 3 23 17 42 35 5 30 2 27 4 10 1 46 36 11 25 43 49 32 40 26 15 14 22 48 21 34 47 19 37 33 44 28 18 20 38 6 29 7 45 31 39 8 4622.57 4853.27
0 9 41 16 13 12 24 3 23 17 42 35 5 30 2 27 4 10 1 46 36 11 25 43 49 32 40 26 15 14 22 48 21 34 47 19 37 33 44 28 18 20 38 6 29 7 45 31 39 8 4622.57 4923.93
0 9 41 16 13 12 24 3 23 17 42 35 5 30 2 27 4 10 1 46 36 11 25 43 49 32 40 26 15 14 22 48 21 34 47 19 37 33 44 28 18 20 38 6 29 7 45 31 39 8 4622.57 4872
0 9 41 16 13 12 24 3 23 17 42 35 5 30 2 27 4 10 1 46 36 11 25 43 49 32 40 26 15 14 22 48 21 34 47 19 37 33 44 28 18 20 38 6 29 7 45 31 39 8 4622.57 4803.21
0 9 41 16 13 12 24 3 23 17 42 35 5 30 2 27 4 10 1 46 36 11 25 43 49 32 40 26 15 14 22 48 21 34 47 19 37 33 44 28 18 20 38 6 29 7 45 31 39 8 4622.57 4816.87
0 9 41 16 13 12 24 3 23 17 42 35 5 30 2 27 4 10 1 46 36 11 25 43 49 32 40 26 15 14 22 48 21 34 47 19 37 33 44 28 18 20 38 6 29 7 45 31 39 8 4622.57 4844.98
0 9 41 16 13 12 24 3 23 17 42 35 5 30 2 27 4 10 1 46 36 11 25 43 49 32 40 26 15 14 22 48 21 34 47 19 37 33 44 28 18 20 38 6 29 7 45 31 39 8 4622.57 4910.95
0 9 41 16 13 12 24 3 23 17 42 35 5 30 2 27 4 10 1 46 36 11 25 43 49 32 40 26 15 14 22 48 21 34 47 19 37 33 44 28 18 20 38 6 29 7 45 31 39 8 4622.57 4836.07
0 9 41 16 13 12 24 3 23 17 42 35 5 30 2 27 4 10 1 46 36 11 25 43 49 32 40 26 15 14 22 48 21 34 47 19 37 33 44 28 18 20 38 6 29 7 45 31 39 8 4622.57 4776.35
0 9 41 16 13 12 24 3 23 17 42 35 5 30 2 27 4 10 1 46 36 11 25 43 49 32 40 26 15 14 22 48 21 34 47 19 37 33 44 28 18 20 38 6 29 7 45 31 39 8 4622.57 4781.6
0 9 41 16 13 12 24 3 23 17 42 35 5 30 2 27 4 10 1 46 36 11 25 43 49 32 40 26 15 14 22 48 21 34 47 19 37 33 44 28 18 20 38 6 29 7 45 31 39 8 4622.57 4880.54
0 9 41 16 13 12 24 3 23 17 42 35 5 30 2 27 4 10 1 46 36 11 25 43 49 32 40 26 15 14 22 48 21 34 47 19 37 33 44 28 18 20 38 6 29 7 45 31 39 8 4622.57 4820.57
0 9 41 16 13 12 24 3 23 17 42 35 5 30 2 27 4 10 1 46 36 11 25 43 49 32 40 26 15 14 22 48 21 34 47 19 37 33 44 28 18 20 38 6 29 7 45 31 39 8 4622.57 4891.58
0 9 41 16 13 12 24 3 23 17 42 35 5 30 2 27 4 10 1 46 36 11 25 43 49 32 40 26 15 14 22 48 21 34 47 19 37 33 44 28 18 20 38 6 29 7 45 31 39 8 4622.57 4845.27
0 9 41 16 13 12 24 3 23 17 42 35 5 30 2 27 4 10 1 46 36 11 25 43 49 32 40 26 15 14 22 48 21 34 47 19 37 33 44 28 18 20 38 6 29 7 45 31 39 8 4622.57 4888.83
0 9 41 16 13 12 24 3 23 17 42 35 5 30 2 27 4 10 1 46 36 11 25 43 49 32 40 26 15 14 22 48 21 34 47 19 37 33 44 28 18 20 38 6 29 7 45 31 39 8 4622.57 4861.03
0 9 41 16 13 12 24 3 23 17 42 35 5 30 2 27 4 10 1 46 36 11 25 43 49 32 40 26 15 14 22 48 21 34 47 19 37 33 44 28 18 20 38 6 29 7 45 31 39 8 4622.57 4736.4
0 9 41 16 13 12 24 3 23 17 42 35 5 30 2 27 4 10 1 46 36 11 25 43 49 32 40 26 15 14 22 48 21 34 47 19 37 33 44 28 18 20 38 6 29 7 45 31 39 8 4622.57 4961.24
0 9 41 16 13 12 24 3 23 17 42 35 5 30 2 27 4 10 1 46 36 11 25 43 49 32 40 26 15 14 22 48 21 34 47 19 37 33 44 28 18 20 38 6 29 7 45 31 39 8 4622.57 5082.97
0 8 9 39 31 45 19 7 29 6 38 20 18 28 44 33 37 47 34 21 48 22 14 15 26 40 32 49 43 25 11 36 46 1 10 4 27 2 30 5 35 42 17 23 3 24 12 13 16 41 4614.38 4990.63
0 8 9 39 31 45 19 7 29 6 38 20 18 28 44 33 37 47 34 21 48 22 14 15 26 40 32 49 43 25 11 36 46 1 10 4 27 2 30 5 35 42 17 23 3 24 12 13 16 41 4614.38 5191.83
0 8 9 39 31 45 19 7 29 6 38 20 18 28 44 33 37 47 34 21 48 22 14 15 26 40 32 49 43 25 11 36 46 1 10 4 27 2 30 5 35 42 17 23 3 24 12 13 16 41 4614.38 5110.18
0 8 9 39 31 45 19 7 29 6 38 20 18 28 44 33 37 47 34 21 48 22 14 15 26 40 32 49 43 25 11 36 46 1 10 4 27 2 30 5 35 42 17 23 3 24 12 13 16 41 4614.38 5204.3
0 8 9 39 31 45 19 7 29 6 38 20 18 28 44 33 37 47 34 21 48 22 14 15 26 40 32 49 43 25 11 36 46 1 10 4 27 2 30 5 35 42 17 23 3 24 12 13 16 41 4614.38 5047.45
0 8 9 39 31 45 19 7 29 6 38 20 18 28 44 33 37 47 34 21 48 22 14 15 26 40 32 49 43 25 11 36 46 1 10 4 27 2 30 5 35 42 17 23 3 24 12 13 16 41 4614.38 5048.9
0 41 16 13 12 24 3 23 17 42 35 5 30 2 27 4 10 1 46 36 11 25 43 49 32 40 26 15 14 22 48 21 34 47 37 33 44 28 18 20 38 6 29 7 19 45 31 39 9 8 4614.38 4949.49
0 41 16 13 12 24 3 23 17 42 35 5 30 2 27 4 10 1 46 36 11 25 43 49 32 40 26 15 14 22 48 21 34 47 37 33 44 28 18 20 38 6 29 7 19 45 31 39 9 8 4614.38 4960.89
0 41 16 13 12 24 3 23 17 42 35 5 30 2 27 4 10 1 46 36 11 25 43 49 32 40 26 15 14 22 48 21 34 47 37 33 44 28 18 20 38 6 29 7 19 45 31 39 9 8 4614.38 5178.21
0 41 16 13 12 24 3 23 17 42 35 5 30 2 27 4 10 1 46 36 11 25 43 49 32 40 26 15 14 22 48 21 34 47 37 33 44 28 18 20 38 6 29 7 19 45 31 39 9 8 4614.38 5088.09
0 41 16 13 12 24 3 23 17 42 35 5 30 2 27 4 10 1 46 36 11 25 43 49 32 40 26 15 14 22 48 21 34 47 37 33 44 28 18 20 38 6 29 7 19 45 31 39 9 8 4614.38 5074.3
0 41 16 13 12 24 3 23 17 42 35 5 30 2 27 4 10 1 46 36 11 25 43 49 32 40 26 15 14 22 48 21 34 47 37 33 44 28 18 20 38 6 29 7 19 45 31 39 9 8 4614.38 5111.16
0 41 16 13 12 24 3 23 17 42 35 5 30 2 27 4 10 1 46 36 11 25 43 49 32 40 26 15 14 22 48 21 34 47 37 33 44 28 18 20 38 6 29 7 19 45 31 39 9 8 4614.38 5084.29
0 41 16 13 12 24 3 23 17 42 35 5 30 2 27 4 10 1 46 36 11 25 43 49 32 40 26 15 14 22 48 21 34 47 37 33 44 28 18 20 38 6 29 7 19 45 31 39 9 8 4614.38 5012.4
0 41 16 13 12 24 3 23 17 42 35 5 30 2 27 4 10 1 46 36 11 25 43 49 32 40 26 15 14 22 48 21 34 47 37 33 44 28 18 20 38 6 29 7 19 45 31 39 9 8 4614.38 4980.45
0 41 16 13 12 24 3 23 17 42 35 5 30 2 27 4 10 1 46 36 11 25 43 49 32 40 26 15 14 22 48 21 34 47 37 33 44 28 18 20 38 6 29 7 19 45 31 39 9 8 4614.38 4926.91
0 41 16 13 12 24 3 23 17 42 35 5 30 2 27 4 10 1 46 36 11 25 43 49 32 40 26 15 14 22 48 21 34 47 37 33 44 28 18 20 38 6 29 7 19 45 31 39 9 8 4614.38 4934.95
0 41 16 13 12 24 3 23 17 42 35 5 30 2 27 4 10 1 46 36 11 25 43 49 32 40 26 15 14 22 48 21 34 47 37 33 44 28 18 20 38 6 29 7 19 45 31 39 9 8 4614.38 4854.91
0 41 16 13 12 24 3 23 17 42 35 5 30 2 27 4 10 1 46 36 11 25 43 49 32 40 26 15 14 22 48 21 34 47 37 33 44 28 18 20 38 6 29 7 19 45 31 39 9 8 4614.38 4934.23
0 41 16 13 12 24 3 23 17 42 35 5 30 2 27 4 10 1 46 36 11 25 43 49 32 40 26 15 14 22 48 21 34 47 37 33 44 28 18 20 38 6 29 7 19 45 31 39 9 8 4614.38 5055.68
0 41 16 13 12 24 3 23 17 42 35 5 30 2 27 4 10 1 46 36 11 25 43 49 32 40 26 15 14 22 48 21 34 47 37 33 44 28 18 20 38 6 29 7 19 45 31 39 9 8 4614.38 4961.18
0 41 16 13 12 24 3 23 17 42 35 5 30 2 27 4 10 1 46 36 11 25 43 49 32 40 26 15 14 22 48 21 34 47 37 33 44 28 18 20 38 6 29 7 19 45 31 39 9 8 4614.38 4923.69
0 41 16 13 12 24 3 23 17 42 35 5 30 2 27 4 10 1 46 36 11 25 43 49 32 40 26 15 14 22 48 21 34 47 37 33 44 28 18 20 38 6 29 7 19 45 31 39 9 8 4614.38 4888.72
0 41 16 13 12 24 3 23 17 42 35 5 30 2 27 4 10 1 46 36 11 25 43 49 32 40 26 15 14 22 48 21 34 47 37 33 44 28 18 20 38 6 29 7 19 45 31 39 9 8 4614.38 4989.91
0 41 16 13 12 24 3 23 17 42 35 5 30 2 27 4 10 1 46 36 11 25 43 49 32 40 26 15 14 22 48 21 34 47 37 33 44 28 18 20 38 6 29 7 19 45 31 39 9 8 4614.38 5027.23
0 41 16 13 12 24 3 23 17 42 35 5 30 2 27 4 10 1 46 36 11 25 43 49 32 40 26 15 14 22 48 21 34 47 37 33 44 28 18 20 38 6 29 7 19 45 31 39 9 8 4614.38 4991.6
0 41 16 13 12 24 3 23 17 42 35 5 30 2 27 4 10 1 46 36 11 25 43 49 32 40 26 15 14 22 48 21 34 47 37 33 44 28 18 20 38 6 29 7 19 45 31 39 9 8 4614.38 4880.18
0 41 16 13 12 24 3 23 17 42 35 5 30 2 27 4 10 1 46 36 11 25 43 49 32 40 26 15 14 22 48 21 34 47 37 33 44 28 18 20 38 6 29 7 19 45 31 39 9 8 4614.38 4868.31
0 41 16 13 12 24 3 23 17 42 35 5 30 2 27 4 10 1 46 36 11 25 43 49 32 40 26 15 14 22 48 21 34 47 37 33 44 28 18 20 38 6 29 7 19 45 31 39 9 8 4614.38 4867.38
0 41 16 13 12 24 3 23 17 42 35 5 30 2 27 4 10 1 46 36 11 25 43 49 32 40 26 15 14 22 48 21 34 47 37 33 44 28 18 20 38 6 29 7 19 45 31 39 9 8 4614.38 4902.63
0 41 16 13 12 24 3 23 17 42 35 5 30 2 27 4 10 1 46 36 11 25 43 49 32 40 26 15 14 22 48 21 34 47 37 33 44 28 18 20 38 6 29 7 19 45 31 39 9 8 4614.38 4962.83
0 41 16 13 12 24 3 23 17 42 35 5 30 2 27 4 10 1 46 36 11 25 43 49 32 40 26 15 14 22 48 21 34 47 37 33 44 28 18 20 38 6 29 7 19 45 31 39 9 8 4614.38 4916.41
0 41 16 13 12 24 3 23 17 42 35 5 30 2 27 4 10 1 46 36 11 25 43 49 32 40 26 15 14 22 48 21 34 47 37 33 44 28 18 20 38 6 29 7 19 45 31 39 9 8 4614.38 4970.19
0 41 16 13 12 24 3 23 17 42 35 5 30 2 27 4 10 1 46 36 11 25 43 49 32 40 26 15 14 22 48 21 34 47 37 33 44 28 18 20 38 6 29 7 19 45 31 39 9 8 4614.38 5010.06
0 41 16 13 12 24 3 23 17 42 35 5 30 2 27 4 10 1 46 36 11 25 43 49 32 40 26 15 14 22 48 21 34 47 37 33 44 28 18 20 38 6 29 7 19 45 31 39 9 8 4614.38 4959.41
0 41 16 13 12 24 3 23 17 42 35 5 30 2 27 4 10 1 46 36 11 25 43 49 32 40 26 15 14 22 48 21 34 47 37 33 44 28 18 20 38 6 29 7 19 45 31 39 9 8 4614.38 4993.86
0 41 16 13 12 24 3 23 17 42 35 5 30 2 27 4 10 1 46 36 11 25 43 49 32 40 26 15 14 22 48 21 34 47 37 33 44 28 18 20 38 6 29 7 19 45 31 39 9 8 4614.38 4951.85
0 41 16 13 12 24 3 23 17 42 35 5 30 2 27 4 10 1 46 36 11 25 43 49 32 40 26 15 14 22 48 21 34 47 37 33 44 28 18 20 38 6 29 7 19 45 31 39 9 8 4614.38 4945.74
0 41 16 13 12 24 3 23 17 42 35 5 30 2 27 4 10 1 46 36 11 25 43 49 32 40 26 15 14 22 48 21 34 47 37 33 44 28 18 20 38 6 29 7 19 45 31 39 9 8 4614.38 4807.73
0 41 16 13 12 24 3 23 17 42 35 5 30 2 27 4 10 1 46 36 11 25 43 49 32 40 26 15 14 22 48 21 34 47 37 33 44 28 18 20 38 6 29 7 19 45 31 39 9 8 4614.38 4796.63
0 41 16 13 12 24 3 23 17 42 35 5 30 2 27 4 10 1 46 36 11 25 43 49 32 40 26 15 14 22 48 21 34 47 37 33 44 28 18 20 38 6 29 7 19 45 31 39 9 8 4614.38 4864.19
0 41 16 13 12 24 3 23 17 42 35 5 30 2 27 4 10 1 46 36 11 25 43 49 32 40 26 15 14 22 48 21 34 47 37 33 44 28 18 20 38 6 29 7 19 45 31 39 9 8 4614.38 4856.9
0 41 16 13 12 24 3 23 17 42 35 5 30 2 27 4 10 1 46 36 11 25 43 49 32 40 26 15 14 22 48 21 34 47 37 33 44 28 18 20 38 6 29 7 19 45 31 39 9 8 4614.38 4856.11
0 41 16 13 12 24 3 23 17 42 35 5 30 2 27 4 10 1 46 36 11 25 43 49 32 40 26 15 14 22 48 21 34 47 37 33 44 28 18 20 38 6 29 7 19 45 31 39 9 8 4614.38 4942.23
0 41 16 13 12 24 3 23 17 42 35 5 30 2 27 4 10 1 46 36 11 25 43 49 32 40 26 15 14 22 48 21 34 47 37 33 44 28 18 20 38 6 29 7 19 45 31 39 9 8 4614.38 4903.74
0 41 16 13 12 24 3 23 17 42 35 5 30 2 27 4 10 1 46 36 11 25 43 49 32 40 26 15 14 22 48 21 34 47 37 33 44 28 18 20 38 6 29 7 19 45 31 39 9 8 4614.38 5043.93
0 41 16 13 12 24 3 23 17 42 35 5 30 2 27 4 10 1 46 36 11 25 43 49 32 40 26 15 14 22 48 21 34 47 37 33 44 28 18 20 38 6 29 7 19 45 31 39 9 8 4614.38 4941.48
0 41 16 13 12 24 3 23 17 42 35 5 30 2 27 4 10 1 46 36 11 25 43 49 32 40 26 15 14 22 48 21 34 47 37 33 44 28 18 20 38 6 29 7 19 45 31 39 9 8 4614.38 4832.77
0 41 16 13 12 24 3 23 17 42 35 5 30 2 27 4 10 1 46 36 11 25 43 49 32 40 26 15 14 22 48 21 34 47 37 33 44 28 18 20 38 6 29 7 19 45 31 39 9 8 4614.38 4817.63
0 41 16 13 12 24 3 23 17 42 35 5 30 2 27 4 10 1 46 36 11 25 43 49 32 40 26 15 14 22 48 21 34 47 37 33 44 28 18 20 38 6 29 7 19 45 31 39 9 8 4614.38 4914.95
0 41 16 13 12 24 3 23 17 42 35 5 30 2 27 4 10 1 46 36 11 25 43 49 32 40 26 15 14 22 48 21 34 47 37 33 44 28 18 20 38 6 29 7 19 45 31 39 9 8 4614.38 4882.31
0 41 16 13 12 24 3 23 17 42 35 5 30 2 27 4 10 1 46 36 11 25 43 49 32 40 26 15 14 22 48 21 34 47 37 33 44 28 18 20 38 6 29 7 19 45 31 39 9 8 4614.38 4827.99
0 41 16 13 12 24 3 23 17 42 35 5 30 2 27 4 10 1 46 36 11 25 43 49 32 40 26 15 14 22 48 21 34 47 37 33 44 28 18 20 38 6 29 7 19 45 31 39 9 8 4614.38 5026.07
0 41 16 13 12 24 3 23 17 42 35 5 30 2 27 4 10 1 46 36 11 25 43 49 32 40 26 15 14 22 48 21 34 47 37 33 44 28 18 20 38 6 29 7 19 45 31 39 9 8 4614.38 4851.25
0 41 16 13 12 24 3 23 17 42 35 30 2 27 4 10 1 46 36 11 25 43 5 49 32 40 26 15 14 22 48 21 34 47 37 33 44 28 18 20 38 6 29 7 19 45 31 39 9 8 4594.84 4827.95
0 41 16 13 12 24 3 23 17 42 35 30 2 27 4 10 1 46 36 11 25 43 5 49 32 40 26 15 14 22 48 21 34 47 37 33 44 28 18 20 38 6 29 7 19 45 31 39 9 8 4594.84 4897.15
0 41 16 13 12 24 3 23 17 42 35 30 2 27 4 10 1 46 36 11 25 43 5 49 32 40 26 15 14 22 48 21 34 47 37 33 44 28 18 20 38 6 29 7 19 45 31 39 9 8 4594.84 4889.78
0 41 16 13 12 24 3 23 17 42 35 30 2 27 4 10 1 46 36 11 25 43 5 49 32 40 26 15 14 22 48 21 34 47 37 33 44 28 18 20 38 6 29 7 19 45 31 39 9 8 4594.84 4962.56
0 41 16 13 12 24 3 23 17 42 35 30 2 27 4 10 1 46 36 11 25 43 5 49 32 40 26 15 14 22 48 21 34 47 37 33 44 28 18 20 38 6 29 7 19 45 31 39 9 8 4594.84 4882.32
0 41 16 13 12 24 3 23 17 42 35 30 2 27 4 10 1 46 36 11 25 43 5 49 32 40 26 15 14 22 48 21 34 47 37 33 44 28 18 20 38 6 29 7 19 45 31 39 9 8 4594.84 4871.13
0 41 16 13 12 24 3 23 17 42 35 30 2 27 4 10 1 46 36 11 25 43 5 49 32 40 26 15 14 22 48 21 34 47 37 33 44 28 18 20 38 6 29 7 19 45 31 39 9 8 4594.84 4869.59
0 41 16 13 12 24 3 23 17 42 35 30 2 27 4 10 1 46 36 11 25 43 5 49 32 40 26 15 14 22 48 21 34 47 37 33 44 28 18 20 38 6 29 7 19 45 31 39 9 8 4594.84 4876.06
0 41 16 13 12 24 3 23 17 42 35 30 2 27 4 10 1 46 36 11 25 43 5 49 32 40 26 15 14 22 48 21 34 47 37 33 44 28 18 20 38 6 29 7 19 45 31 39 9 8 4594.84 4921.6
0 41 16 13 12 24 3 23 17 42 35 30 2 27 4 10 1 46 36 11 25 43 5 49 32 40 26 15 14 22 48 21 34 47 37 33 44 28 18 20 38 6 29 7 19 45 31 39 9 8 4594.84 4935.8
0 41 16 13 12 24 3 23 17 42 35 30 2 27 4 10 1 46 36 11 25 43 5 49 32 40 26 15 14 22 48 21 34 47 37 33 44 28 18 20 38 6 29 7 19 45 31 39 9 8 4594.84 4909.84
0 41 16 13 12 24 3 23 17 42 35 30 2 27 4 10 1 46 36 11 25 43 5 49 32 40 26 15 14 22 48 21 34 47 37 33 44 28 18 20 38 6 29 7 19 45 31 39 9 8 4594.84 4952.68
0 41 16 13 12 24 3 23 17 42 35 30 2 27 4 10 1 46 36 11 25 43 5 49 32 40 26 15 14 22 48 21 34 47 37 33 44 28 18 20 38 6 29 7 19 45 31 39 9 8 4594.84 4932.37
0 41 16 13 12 24 3 23 17 42 35 30 2 27 4 10 1 46 36 11 25 43 5 49 32 40 26 15 14 22 48 21 34 47 37 33 44 28 18 20 38 6 29 7 19 45 31 39 9 8 4594.84 4955.13
0 41 16 13 12 24 3 23 17 42 35 30 2 27 4 10 1 46 36 11 25 43 5 49 32 40 26 15 14 22 48 21 34 47 37 33 44 28 18 20 38 6 29 7 19 45 31 39 9 8 4594.84 4897.78
0 41 16 13 12 24 3 23 17 42 35 30 2 27 4 10 1 46 36 11 25 43 5 49 32 40 26 15 14 22 48 21 34 47 37 33 44 28 18 20 38 6 29 7 19 45 31 39 9 8 4594.84 4925.03
0 41 16 13 12 24 3 23 17 42 35 30 2 27 4 10 1 46 36 11 25 43 5 49 32 40 26 15 14 22 48 21 34 47 37 33 44 28 18 20 38 6 29 7 19 45 31 39 9 8 4594.84 4771.93
0 41 16 13 12 24 3 23 17 42 35 30 2 27 4 10 1 46 36 11 25 43 5 49 32 40 26 15 14 22 48 21 34 47 37 33 44 28 18 20 38 6 29 7 19 45 31 39 9 8 4594.84 4862.9
0 41 16 13 12 24 3 23 17 42 35 30 2 27 4 10 1 46 36 11 25 43 5 49 32 40 26 15 14 22 48 21 34 47 37 33 44 28 18 20 38 6 29 7 19 45 31 39 9 8 4594.84 4939.45
0 41 16 13 12 24 3 23 17 42 35 30 2 27 4 10 1 46 36 11 25 43 5 49 32 40 26 15 14 22 48 21 34 47 37 33 44 28 18 20 38 6 29 7 19 45 31 39 9 8 4594.84 4805.82
0 41 16 13 12 24 3 23 17 42 35 30 2 27 4 10 1 46 36 11 25 43 5 49 32 40 26 15 14 22 48 21 34 47 37 33 44 28 18 20 38 6 29 7 19 45 31 39 9 8 4594.84 4735.31
0 41 16 13 12 24 3 23 17 42 35 30 2 27 4 10 1 46 36 11 25 43 5 49 32 40 26 15 14 22 48 21 34 47 37 33 44 28 18 20 38 6 29 7 19 45 31 39 9 8 4594.84 4874.88
0 41 16 13 12 24 3 23 17 42 35 30 2 27 4 10 1 46 36 11 25 43 5 49 32 40 26 15 14 22 48 21 34 47 37 33 44 28 18 20 38 6 29 7 19 45 31 39 9 8 4594.84 4815.06
0 41 16 13 12 24 3 23 17 42 35 30 2 27 4 10 1 46 36 11 25 43 5 49 32 40 26 15 14 22 48 21 34 47 37 33 44 28 18 20 38 6 29 7 19 45 31 39 9 8 4594.84 4910.85
0 41 16 13 12 24 3 23 17 42 35 30 2 27 4 10 1 46 36 11 25 43 5 49 32 40 26 15 14 22 48 21 34 47 37 33 44 28 18 20 38 6 29 7 19 45 31 39 9 8 4594.84 4862.07
0 41 16 13 12 24 3 23 17 42 35 30 2 27 4 10 1 46 36 11 25 43 5 49 32 40 26 15 14 22 48 21 34 47 37 33 44 28 18 20 38 6 29 7 19 45 31 39 9 8 4594.84 4815.37
0 41 16 13 12 24 3 23 17 42 35 30 2 27 4 10 1 46 36 11 25 43 5 49 32 40 26 15 14 22 48 21 34 47 37 33 44 28 18 20 38 6 29 7 19 45 31 39 9 8 4594.84 4813.55
0 41 16 13 12 24 3 23 17 42 35 30 2 27 4 10 1 46 36 11 25 43 5 49 32 40 26 15 14 22 48 21 34 47 37 33 44 28 18 20 38 6 29 7 19 45 31 39 9 8 4594.84 4809.07
0 41 16 13 12 24 3 23 17 42 35 30 2 27 4 10 1 46 36 11 25 43 5 49 32 40 26 15 14 22 48 21 34 47 37 33 44 28 18 20 38 6 29 7 19 45 31 39 9 8 4594.84 4893.5
0 41 16 13 12 24 3 23 17 42 35 30 2 27 4 10 1 46 36 11 25 43 5 49 32 40 26 15 14 22 48 21 34 47 37 33 44 28 18 20 38 6 29 7 19 45 31 39 9 8 4594.84 4863.61
0 41 16 13 12 24 3 23 17 42 35 30 2 27 4 10 1 46 36 11 25 43 5 49 32 40 26 15 14 22 48 21 34 47 37 33 44 28 18 20 38 6 29 7 19 45 31 39 9 8 4594.84 4727.83
0 41 16 13 12 24 3 23 17 42 35 30 2 27 4 10 1 46 36 11 25 43 5 49 32 40 26 15 14 22 48 21 34 47 37 33 44 28 18 20 38 6 29 7 19 45 31 39 9 8 4594.84 4744.67
0 41 16 13 12 24 3 23 17 42 35 30 2 27 4 10 1 46 36 11 25 43 5 49 32 40 26 15 14 22 48 21 34 47 37 33 44 28 18 20 38 6 29 7 19 45 31 39 9 8 4594.84 4836.48
0 41 16 13 12 24 3 23 17 42 35 30 2 27 4 10 1 46 36 11 25 43 5 49 32 40 26 15 14 22 48 21 34 47 37 33 44 28 18 20 38 6 29 7 19 45 31 39 9 8 4594.84 4889.79
0 41 16 13 12 24 3 23 17 42 35 30 2 27 4 10 1 46 36 11 25 43 5 49 32 40 26 15 14 22 48 21 34 47 37 33 44 28 18 20 38 6 29 7 19 45 31 39 9 8 4594.84 4860.23
0 41 16 13 12 24 3 23 17 42 35 30 2 27 4 10 1 46 36 11 25 43 5 49 32 40 26 15 14 22 48 21 34 47 37 33 44 28 18 20 38 6 29 7 19 45 31 39 9 8 4594.84 4893.42
0 41 16 13 12 24 3 23 17 42 35 30 2 27 4 10 1 46 36 11 25 43 5 49 32 40 26 15 14 22 48 21 34 47 37 33 44 28 18 20 38 6 29 7 19 45 31 39 9 8 4594.84 4970.02
0 41 16 13 12 24 3 23 17 42 35 30 2 27 4 10 1 46 36 11 25 43 5 49 32 40 26 15 14 22 48 21 34 47 37 33 44 28 18 20 38 6 29 7 19 45 31 39 9 8 4594.84 4913.24
0 41 16 13 12 24 3 23 17 42 35 30 2 27 4 10 1 46 36 11 25 43 5 49 32 40 26 15 14 22 48 21 34 47 37 33 44 28 18 20 38 6 29 7 19 45 31 39 9 8 4594.84 4804.7
0 41 16 13 12 24 3 23 17 42 35 30 2 27 4 10 1 46 36 11 25 43 5 49 32 40 26 15 14 22 48 21 34 47 37 33 44 28 18 20 38 6 29 7 19 45 31 39 9 8 4594.84 4793.9
0 41 16 13 12 24 3 23 17 42 35 30 2 27 4 10 1 46 36 11 25 43 5 49 32 40 26 15 14 22 48 21 34 47 37 33 44 28 18 20 38 6 29 7 19 45 31 39 9 8 4594.84 4742.69
0 41 16 13 12 24 3 23 17 42 35 30 2 27 4 10 1 46 36 11 25 43 5 49 32 40 26 15 14 22 48 21 34 47 37 33 44 28 18 20 38 6 29 7 19 45 31 39 9 8 4594.84 4849.07
0 41 16 13 12 24 3 23 17 42 35 30 2 27 4 10 1 46 36 11 25 43 5 49 32 40 26 15 14 22 48 21 34 47 37 33 44 28 18 20 38 6 29 7 19 45 31 39 9 8 4594.84 4896.06
0 41 16 13 12 24 3 23 17 42 35 30 2 27 4 10 1 46 36 11 25 43 5 49 32 40 26 15 14 22 48 21 34 47 37 33 44 28 18 20 38 6 29 7 19 45 31 39 9 8 4594.84 4870.98
0 41 16 13 12 24 3 23 17 42 35 30 2 27 4 10 1 46 36 11 25 43 5 49 32 40 26 15 14 22 48 21 34 47 37 33 44 28 18 20 38 6 29 7 19 45 31 39 9 8 4594.84 4844.34
0 41 16 13 12 24 3 23 17 42 35 30 2 27 4 10 1 46 36 11 25 43 5 49 32 40 26 15 14 22 48 21 34 47 37 33 44 28 18 20 38 6 29 7 19 45 31 39 9 8 4594.84 4798.17
0 41 16 13 12 24 3 23 17 42 35 30 2 27 4 10 1 46 36 11 25 43 5 49 32 40 26 15 14 22 48 21 34 47 37 33 44 28 18 20 38 6 29 7 19 45 31 39 9 8 4594.84 4773.99
0 41 16 13 12 24 3 23 17 42 35 30 2 27 4 10 1 46 36 11 25 43 5 49 32 40 26 15 14 22 48 21 34 47 37 33 44 28 18 20 38 6 29 7 19 45 31 39 9 8 4594.84 4839.13
0 41 16 13 12 24 3 23 17 42 35 30 2 27 4 10 1 46 36 11 25 43 5 49 32 40 26 15 14 22 48 21 34 47 37 33 44 28 18 20 38 6 29 7 19 45 31 39 9 8 4594.84 4870.81
0 41 16 13 12 24 3 23 17 42 35 30 2 27 4 10 1 46 36 11 25 43 5 49 32 40 26 15 14 22 48 21 34 47 37 33 44 28 18 20 38 6 29 7 19 45 31 39 9 8 4594.84 4852.59
0 41 16 13 12 24 3 23 17 42 35 30 2 27 4 10 1 46 36 11 25 43 5 49 32 40 26 15 14 22 48 21 34 47 37 33 44 28 18 20 38 6 29 7 19 45 31 39 9 8 4594.84 4883.37
0 41 16 13 12 24 3 23 17 42 35 30 2 27 4 10 1 46 36 11 25 43 5 49 32 40 26 15 14 22 48 21 34 47 37 33 44 28 18 20 38 6 29 7 19 45 31 39 9 8 4594.84 4828.09
0 41 16 13 12 24 3 23 17 42 35 30 2 27 4 10 1 46 36 11 25 43 5 49 32 40 26 15 14 22 48 21 34 47 37 33 44 28 18 20 38 6 29 7 19 45 31 39 9 8 4594.84 5012.33
0 41 16 13 12 24 3 23 17 42 35 30 2 27 4 10 1 46 36 11 25 43 5 49 32 40 26 15 14 22 48 21 34 47 37 33 44 28 18 20 38 6 29 7 19 45 31 39 9 8 4594.84 4885.42
0 41 16 13 12 24 3 23 17 42 35 30 2 27 4 10 1 46 36 11 25 43 5 49 32 40 26 15 14 22 48 21 34 47 37 33 44 28 18 20 38 6 29 7 19 45 31 39 9 8 4594.84 4900.5
0 41 16 13 12 24 3 23 17 42 35 30 2 27 4 10 1 46 36 11 25 43 5 49 32 40 26 15 14 22 48 21 34 47 37 33 44 28 18 20 38 6 29 7 19 45 31 39 9 8 4594.84 4838.03
0 41 16 13 12 24 3 23 17 42 35 30 2 27 4 10 1 46 36 11 25 43 5 49 32 40 26 15 14 22 48 21 34 47 37 33 44 28 18 20 38 6 29 7 19 45 31 39 9 8 4594.84 4852.47
0 41 16 13 12 24 3 23 17 42 35 30 2 27 4 10 1 46 36 11 25 43 5 49 32 40 26 15 14 22 48 21 34 47 37 33 44 28 18 20 38 6 29 7 19 45 31 39 9 8 4594.84 4766.94
0 41 16 13 12 24 3 23 17 42 35 30 2 27 4 10 1 46 36 11 25 43 5 49 32 40 26 15 14 22 48 21 34 47 37 33 44 28 18 20 38 6 29 7 19 45 31 39 9 8 4594.84 4720.9
0 41 16 13 12 24 3 23 17 42 35 30 2 27 4 10 1 46 36 11 25 43 5 49 32 40 26 15 14 22 48 21 34 47 37 33 44 28 18 20 38 6 29 7 19 45 31 39 9 8 4594.84 4702.45
0 41 16 13 12 24 3 23 17 42 35 30 2 27 4 10 1 46 36 11 25 43 5 49 32 40 26 15 14 22 48 21 34 47 37 33 44 28 18 20 38 6 29 7 19 45 31 39 9 8 4594.84 4795.32
0 41 16 13 12 24 3 23 17 42 35 30 2 27 4 10 1 46 36 11 25 43 5 49 32 40 26 15 14 22 48 21 34 47 37 33 44 28 18 20 38 6 29 7 19 45 31 39 9 8 4594.84 4716.03
0 41 16 13 12 24 3 23 17 42 35 30 2 27 4 10 1 46 36 11 25 43 5 49 32 40 26 15 14 22 48 21 34 47 37 33 44 28 18 20 38 6 29 7 19 45 31 39 9 8 4594.84 4772.62
0 41 16 13 12 24 3 23 17 42 35 30 2 27 4 10 1 46 36 11 25 43 5 49 32 40 26 15 14 22 48 21 34 47 37 33 44 28 18 20 38 6 29 7 19 45 31 39 9 8 4594.84 4796.34
0 41 16 13 12 24 3 23 17 42 35 30 2 27 4 10 1 46 36 11 25 43 5 49 32 40 26 15 14 22 48 21 34 47 37 33 44 28 18 20 38 6 29 7 19 45 31 39 9 8 4594.84 4847.79
0 41 16 13 12 24 3 23 17 42 35 30 2 27 4 10 1 46 36 11 25 43 5 49 32 40 26 15 14 22 48 21 34 47 37 33 44 28 18 20 38 6 29 7 19 45 31 39 9 8 4594.84 4911.83
0 41 16 13 12 24 3 23 17 42 35 30 2 27 4 10 1 46 36 11 25 43 5 49 32 40 26 15 14 22 48 21 34 47 37 33 44 28 18 20 38 6 29 7 19 45 31 39 9 8 4594.84 4882.23
0 41 16 13 12 24 3 23 17 42 35 30 2 27 4 10 1 46 36 11 25 43 5 49 32 40 26 15 14 22 48 21 34 47 37 33 44 28 18 20 38 6 29 7 19 45 31 39 9 8 4594.84 4749.9
