0 26 21 9 31 5 12 22 8 23 25 2 32 13 10 1 29 4 27 15 16 18 24 6 19 3 33 30 11 14 17 7 20 28 37.101 50.9197
0 26 21 9 31 5 12 22 8 23 25 4 27 15 16 2 32 13 10 1 29 18 24 6 19 3 33 30 11 14 17 7 20 28 30.5832 45.1014
0 26 21 9 31 5 2 23 32 16 22 15 25 12 4 27 8 13 10 1 29 18 24 6 19 3 33 30 11 14 17 7 20 28 29.5683 39.5109
0 13 19 3 33 30 11 14 26 21 9 31 10 1 29 18 24 6 5 12 22 8 23 25 4 27 15 16 2 32 17 7 20 28 26.4896 34.2741
0 26 15 16 2 32 13 10 21 9 31 5 12 22 8 23 25 4 27 1 29 18 24 6 19 3 33 30 11 7 20 28 14 17 24.2997 30.8635
0 13 19 3 33 30 11 14 26 21 9 31 10 22 8 23 5 12 25 1 29 18 24 6 4 27 15 16 2 32 17 7 20 28 20.7848 28.3981
0 13 19 3 33 30 10 22 8 23 11 14 26 21 9 31 5 12 25 1 29 18 24 6 4 27 15 16 2 32 17 7 20 28 19.6331 26.0127
0 13 19 3 33 30 21 9 31 10 22 8 23 5 12 25 1 29 18 24 6 4 27 15 16 2 32 17 11 14 26 7 20 28 16.3028 23.5827
0 13 19 3 33 30 21 9 31 10 22 8 23 5 12 25 1 29 18 6 24 4 27 15 16 2 32 17 11 14 26 7 20 28 15.1399 20.9045
0 13 19 3 33 30 10 31 9 21 17 32 2 16 15 27 4 6 24 18 29 1 25 12 5 23 8 22 11 14 26 7 20 28 14.2601 18.976
0 13 19 3 33 30 21 9 31 10 23 5 12 25 1 29 18 6 24 4 27 15 16 2 32 17 8 22 11 14 26 7 20 28 12.993 16.9961
0 13 19 3 33 30 10 31 9 21 17 32 2 16 15 27 4 25 1 29 18 6 24 12 5 23 8 22 11 14 26 7 20 28 11.9745 16.0324
0 13 19 3 21 9 31 23 10 33 30 5 12 25 29 18 24 6 4 27 1 15 16 2 32 17 8 22 11 14 26 7 20 28 11.703 14.371
0 13 19 3 21 9 31 23 10 33 30 5 12 24 6 18 29 1 25 4 27 15 16 2 32 17 8 22 11 14 26 7 20 28 10.4868 13.3254
0 13 19 3 21 9 31 23 10 33 30 5 12 24 6 18 29 25 4 27 1 15 16 2 32 17 8 22 11 14 26 7 20 28 9.41736 12.6938
0 28 20 7 26 14 11 22 3 21 9 31 23 10 33 30 5 12 24 6 18 29 25 4 27 1 15 16 2 32 17 8 19 13 9.14432 11.8373
0 28 20 7 26 14 11 22 3 21 9 31 23 10 33 30 5 6 24 12 18 29 25 4 27 1 15 16 2 32 17 8 19 13 8.40049 10.846
0 28 20 7 26 14 11 3 21 9 31 23 10 33 30 5 12 24 6 18 29 25 4 27 1 15 22 16 2 32 17 8 19 13 7.3267 9.90683
0 28 20 7 26 14 11 3 21 9 23 31 10 33 30 5 6 24 12 18 29 25 4 27 1 15 22 16 2 32 17 8 19 13 6.32646 9.56645
0 28 20 7 26 14 11 3 21 23 9 31 10 33 30 5 6 24 12 18 29 25 4 27 1 15 22 16 2 32 17 8 19 13 6.10345 9.04276
0 28 20 7 26 14 11 3 21 23 9 31 10 33 30 5 6 12 24 18 29 25 4 27 1 15 22 16 2 32 17 8 19 13 6.04049 7.98277
0 28 20 7 26 14 11 3 21 23 9 31 10 33 30 5 6 18 12 24 29 25 4 27 1 15 22 16 2 32 17 8 19 13 5.2831 7.51801
0 28 20 7 26 14 11 3 21 23 9 31 10 33 30 5 6 18 12 24 29 25 4 27 1 15 22 16 2 32 17 8 19 13 5.2831 6.63614
0 28 20 7 26 14 11 3 21 23 9 30 33 5 10 31 6 18 12 24 29 25 4 27 1 15 22 16 2 32 17 8 19 13 5.05629 5.89071
0 28 20 7 26 14 11 3 21 23 9 30 33 5 10 31 6 18 12 24 29 25 4 27 1 15 22 16 2 32 17 8 19 13 5.05629 5.69765
0 28 20 7 26 14 16 2 32 17 8 19 13 11 3 21 23 9 31 10 33 30 5 6 18 12 24 29 25 4 27 1 15 22 4.46767 5.52168
0 28 20 1 27 4 25 29 24 12 18 6 5 30 33 10 31 9 23 21 3 11 13 19 8 17 32 2 16 14 26 7 15 22 3.97994 5.37121
0 28 20 1 27 4 25 29 24 12 18 6 5 30 33 10 31 9 23 21 3 11 13 19 8 17 32 2 16 14 26 7 15 22 3.97994 5.52733
0 28 20 1 27 4 25 29 24 12 18 6 5 30 33 10 31 9 23 21 11 3 2 32 17 8 19 13 16 14 26 7 15 22 3.79766 5.73137
0 28 20 1 27 4 25 29 24 12 18 6 5 30 33 10 31 9 23 21 3 11 8 17 32 2 19 13 16 14 26 7 15 22 3.71503 5.57069
0 28 20 1 27 4 25 29 24 12 18 6 5 30 33 31 10 9 23 21 3 11 2 32 17 8 19 13 16 14 26 7 15 22 3.55662 4.87076
0 28 20 1 27 4 25 29 24 12 18 6 5 30 33 31 10 9 23 21 3 11 8 17 32 2 19 13 16 14 26 7 15 22 3.50059 4.25732
0 28 20 1 27 4 29 25 24 12 18 6 5 30 33 31 10 9 23 21 3 11 2 32 17 8 19 13 16 14 26 7 15 22 3.42617 3.93511
0 28 20 1 27 4 29 25 24 12 18 6 5 30 33 31 10 9 23 21 32 17 8 3 11 2 19 13 16 14 26 7 15 22 3.08177 3.85643
0 28 20 1 27 4 29 25 24 12 18 6 5 30 33 31 10 9 23 21 32 17 8 3 11 2 19 13 16 14 22 15 7 26 3.03385 3.66418
0 28 20 1 27 4 29 25 24 12 18 6 5 30 33 31 10 9 23 21 8 17 32 3 11 2 19 13 16 14 22 15 7 26 3.00782 3.40725
0 28 20 1 27 4 29 25 24 12 18 6 5 30 33 31 10 9 23 21 8 32 17 3 11 2 19 13 16 14 22 15 7 26 2.93405 3.33123
0 22 14 16 13 19 2 11 3 17 32 8 21 23 9 10 31 33 30 5 6 18 12 24 25 29 4 27 1 20 28 15 7 26 2.82825 3.17833
0 22 14 16 13 19 2 11 3 17 32 8 21 23 9 10 31 33 30 5 6 18 12 24 25 29 4 27 1 20 28 15 7 26 2.82825 3.1474
0 22 14 16 13 19 2 11 3 17 32 8 21 23 9 10 31 33 30 5 6 18 12 24 25 29 4 1 27 20 28 15 7 26 2.81599 3.33895
0 22 14 16 13 19 2 11 3 17 32 8 21 23 9 10 31 33 30 5 6 18 12 24 25 29 4 1 27 20 28 15 7 26 2.81599 3.80755
0 22 15 7 28 20 1 27 4 29 25 24 12 18 6 33 30 5 31 10 9 23 21 8 32 17 3 11 2 19 13 16 14 26 2.72746 3.62261
0 22 28 15 7 20 1 27 4 29 25 24 12 18 6 33 30 5 31 10 9 23 21 8 32 17 3 11 2 19 13 16 14 26 2.63012 3.64829
0 22 28 15 7 20 1 27 4 29 25 24 12 18 6 33 30 5 31 10 9 23 21 8 32 17 3 11 2 19 13 16 14 26 2.63012 3.94046
0 22 26 14 16 13 19 2 11 3 17 32 8 21 23 9 10 31 5 30 33 6 18 12 24 25 29 4 27 1 20 7 15 28 2.61319 3.76254
0 22 14 16 13 19 2 11 3 17 32 8 21 23 9 10 31 5 30 33 6 18 12 24 25 29 4 27 1 20 7 15 28 26 2.56228 4.19622
0 22 14 16 13 19 2 11 3 17 32 8 21 23 9 10 31 5 30 33 6 18 12 24 25 29 4 27 1 20 7 15 28 26 2.56228 3.9449
0 22 14 16 13 19 2 11 3 17 32 8 21 23 9 10 31 5 30 33 6 18 12 24 25 29 4 27 1 20 15 7 28 26 2.54854 3.71534
0 22 14 16 13 19 2 11 3 17 32 8 21 23 9 10 30 5 31 33 6 18 12 24 25 29 4 27 1 20 7 15 28 26 2.53151 3.55424
0 22 14 16 13 19 2 11 3 17 32 8 21 23 9 10 5 31 30 33 6 18 12 24 25 29 4 27 1 20 15 7 28 26 2.50602 3.38814
0 22 14 16 13 19 2 11 3 17 32 8 21 23 9 10 5 31 30 33 6 18 12 24 25 29 4 27 1 20 15 7 28 26 2.50602 3.2344
0 22 14 16 13 19 2 11 3 17 32 8 21 23 9 10 5 30 31 33 6 18 12 24 25 29 4 27 1 20 15 7 28 26 2.48516 3.02173
0 22 14 16 13 19 2 11 3 17 32 8 21 23 9 10 5 30 31 33 6 18 12 24 25 29 4 27 1 20 15 7 28 26 2.48516 2.90546
0 22 14 16 13 19 2 11 3 17 32 8 21 23 9 10 5 30 31 33 6 18 12 24 25 29 4 27 1 20 15 7 28 26 2.48516 2.65214
0 22 14 16 13 19 2 11 3 17 32 8 21 23 9 10 5 30 31 33 6 18 12 24 25 29 4 27 1 20 15 7 28 26 2.48516 2.81943
0 22 14 16 13 19 2 11 3 17 32 8 21 23 9 10 5 30 31 33 6 18 12 24 25 29 4 1 27 20 15 7 28 26 2.4729 2.73316
0 22 14 16 13 19 2 11 3 17 32 8 21 23 9 10 5 30 31 33 6 18 12 24 25 29 4 1 27 20 15 7 28 26 2.4729 2.60375
0 22 14 16 13 19 2 11 3 17 32 8 21 23 9 10 5 30 31 33 6 18 12 24 25 29 4 1 27 20 15 7 28 26 2.4729 2.49795
0 22 14 16 13 19 2 11 3 17 32 8 21 23 9 10 5 30 31 33 6 18 12 24 25 29 4 1 27 20 15 7 28 26 2.4729 2.52177
0 22 14 16 13 19 2 11 3 17 32 8 21 23 9 10 5 30 31 33 6 18 12 24 25 29 4 1 27 20 15 7 28 26 2.4729 2.49908
0 22 14 16 13 19 2 11 3 17 32 8 21 23 9 10 5 30 31 33 6 18 12 24 25 29 4 1 27 20 15 7 28 26 2.4729 2.65094
0 22 14 16 13 19 2 11 3 17 32 8 21 23 9 10 5 30 31 33 6 18 12 24 25 29 4 1 27 20 15 7 28 26 2.4729 2.70293
0 22 14 16 13 19 2 11 3 17 32 8 21 23 9 10 5 30 31 33 6 18 12 24 25 29 4 1 27 20 15 7 28 26 2.4729 2.68388
0 22 14 16 13 19 2 11 3 17 32 8 21 23 9 10 5 30 31 33 6 18 12 24 25 29 4 1 27 20 15 7 28 26 2.4729 2.50541
0 22 14 16 13 19 2 11 3 17 32 8 21 23 9 10 5 30 31 33 6 18 12 24 25 29 4 1 27 20 15 7 28 26 2.4729 2.56431
0 22 14 16 13 19 2 11 3 17 32 8 21 23 9 10 5 30 31 33 6 18 12 24 25 29 4 1 27 20 15 7 28 26 2.4729 2.59732
0 22 14 16 13 19 2 11 3 17 32 8 21 23 9 10 5 30 31 33 6 18 12 24 25 29 4 1 27 20 15 7 28 26 2.4729 2.55412
0 22 14 16 13 19 2 11 3 17 32 8 21 23 9 10 5 30 31 33 6 18 12 24 25 29 4 1 27 20 15 7 28 26 2.4729 2.53819
0 22 14 16 13 19 2 11 3 17 32 8 21 23 9 10 5 30 31 33 6 18 12 24 25 29 4 1 27 20 15 7 28 26 2.4729 2.52617
0 22 14 16 13 19 2 11 3 17 32 8 21 23 9 10 5 30 31 33 6 18 12 24 25 29 4 1 27 20 15 7 28 26 2.4729 2.4918
0 22 14 16 13 19 2 11 3 17 32 8 21 23 9 10 5 30 31 33 6 18 12 24 25 29 4 1 27 20 15 7 28 26 2.4729 2.49315
0 22 14 16 13 19 2 11 3 17 32 8 21 23 9 10 5 30 31 33 6 18 12 24 25 29 4 1 27 20 15 7 28 26 2.4729 2.48579
0 22 14 16 13 19 2 11 3 17 32 8 21 23 9 10 5 30 31 33 6 18 12 24 25 29 4 1 27 20 15 7 28 26 2.4729 2.56726
0 22 14 16 13 19 2 11 3 17 32 8 21 23 9 10 5 30 31 33 6 18 12 24 25 29 4 1 27 20 15 7 28 26 2.4729 2.60126
0 22 14 16 13 19 2 11 3 17 32 8 21 23 9 10 5 30 31 33 6 18 12 24 25 29 4 1 27 20 15 7 28 26 2.4729 2.49377
0 22 14 16 13 19 2 11 3 17 32 8 21 23 9 10 5 30 31 33 6 18 12 24 25 29 4 1 27 20 15 7 28 26 2.4729 2.5482
0 22 14 16 13 19 2 11 3 17 32 8 21 23 9 10 5 30 31 33 6 18 12 24 25 29 4 1 27 20 15 7 28 26 2.4729 2.59383
0 22 14 16 13 19 2 11 3 17 32 8 21 23 9 10 5 30 31 33 6 18 12 24 25 29 4 1 27 20 15 7 28 26 2.4729 2.61986
0 22 14 16 13 19 2 11 3 17 32 8 21 23 9 10 5 30 31 33 6 18 12 24 25 29 4 1 27 20 15 7 28 26 2.4729 2.59146
0 22 14 16 13 19 2 11 3 17 32 8 21 23 9 10 5 30 31 33 6 18 12 24 25 29 4 1 27 20 15 7 28 26 2.4729 2.58057
0 22 14 16 13 19 2 11 3 17 32 8 21 23 9 10 5 30 31 33 6 18 12 24 25 29 4 1 27 20 15 7 28 26 2.4729 2.5757
0 22 14 16 13 19 2 11 3 17 32 8 21 23 9 10 5 30 31 33 6 18 12 24 25 29 4 1 27 20 15 7 28 26 2.4729 2.52156
0 22 14 16 13 19 2 11 3 17 32 8 21 23 9 10 5 30 31 33 6 18 12 24 25 29 4 1 27 20 15 7 28 26 2.4729 2.50495
0 22 14 16 13 19 2 11 3 17 32 8 21 23 9 10 5 30 31 33 6 18 12 24 25 29 4 1 27 20 15 7 28 26 2.4729 2.54711
0 22 14 16 13 19 2 11 3 17 32 8 21 23 9 10 5 30 31 33 6 18 12 24 25 29 4 1 27 20 15 7 28 26 2.4729 2.4734
0 22 14 16 13 19 2 11 3 17 32 8 21 23 9 10 5 30 31 33 6 18 12 24 25 29 4 1 27 20 15 7 28 26 2.4729 2.50881
0 22 14 16 13 19 2 11 3 17 32 8 21 23 9 10 5 30 31 33 6 18 12 24 25 29 4 1 27 20 15 7 28 26 2.4729 2.48342
0 22 14 16 13 19 2 11 3 17 32 8 21 23 9 10 5 30 31 33 6 18 12 24 25 29 4 1 27 20 15 7 28 26 2.4729 2.52234
0 22 14 16 13 19 2 11 3 17 32 8 21 23 9 10 5 30 31 33 6 18 12 24 25 29 4 1 27 20 15 7 28 26 2.4729 2.57674
0 22 14 16 13 19 2 11 3 17 32 8 21 23 9 10 5 30 31 33 6 18 12 24 25 29 4 1 27 20 15 7 28 26 2.4729 2.49928
0 22 14 16 13 19 2 11 3 17 32 8 21 23 9 10 5 30 31 33 6 18 12 24 25 29 4 1 27 20 15 7 28 26 2.4729 2.48489
0 22 14 16 13 19 2 11 3 17 32 8 21 23 9 10 5 30 31 33 6 18 12 24 25 29 4 1 27 20 15 7 28 26 2.4729 2.51222
0 22 14 16 13 19 2 11 3 17 32 8 21 23 9 10 5 30 31 33 6 18 12 24 25 29 4 1 27 20 15 7 28 26 2.4729 2.61129
0 22 14 16 13 19 2 11 3 17 32 8 21 23 9 10 5 30 31 33 6 18 12 24 25 29 4 1 27 20 15 7 28 26 2.4729 2.57624
0 22 14 16 13 19 2 11 3 17 32 8 21 23 9 10 5 30 31 33 6 18 12 24 25 29 4 1 27 20 15 7 28 26 2.4729 2.49846
0 22 14 16 13 19 2 11 3 17 32 8 21 23 9 10 5 30 31 33 6 18 12 24 25 29 4 1 27 20 15 7 28 26 2.4729 2.52921
0 22 14 16 13 19 2 11 3 17 32 8 21 23 9 10 5 30 31 33 6 18 12 24 25 29 4 1 27 20 15 7 28 26 2.4729 2.52576
0 22 14 16 13 19 2 11 3 17 32 8 21 23 9 10 5 30 31 33 6 18 12 24 25 29 4 1 27 20 15 7 28 26 2.4729 2.47819
0 22 14 16 13 19 2 11 3 17 32 8 21 23 9 10 5 30 31 33 6 18 12 24 25 29 4 1 27 20 15 7 28 26 2.4729 2.62516
0 22 14 16 13 19 2 11 3 17 32 8 21 23 9 10 5 30 31 33 6 18 12 24 25 29 4 1 27 20 15 7 28 26 2.4729 2.66589
0 22 14 16 13 19 2 11 3 17 32 8 21 23 9 10 5 30 31 33 6 18 12 24 25 29 4 1 27 20 15 7 28 26 2.4729 2.54157
0 22 14 16 13 19 2 11 3 17 32 8 21 23 9 10 5 30 31 33 6 18 12 24 25 29 4 1 27 20 15 7 28 26 2.4729 2.63402
0 22 14 16 13 19 2 11 3 17 32 8 21 23 9 10 5 30 31 33 6 18 12 24 25 29 4 1 27 20 15 7 28 26 2.4729 2.5018
0 22 14 16 13 19 2 11 3 17 32 8 21 23 9 10 5 30 31 33 6 18 12 24 25 29 4 1 27 20 15 7 28 26 2.4729 2.64907
0 22 14 16 13 19 2 11 3 17 32 8 21 23 9 10 5 30 31 33 6 18 12 24 25 29 4 1 27 20 15 7 28 26 2.4729 2.65665
0 22 14 16 13 19 2 11 3 17 32 8 21 23 9 10 5 30 31 33 6 18 12 24 25 29 4 1 27 20 15 7 28 26 2.4729 2.60298
0 22 14 16 13 19 2 11 3 17 32 8 21 23 9 10 5 30 31 33 6 18 12 24 25 29 4 1 27 20 15 7 28 26 2.4729 2.58139
0 22 14 16 13 19 2 11 3 17 32 8 21 23 9 10 5 30 31 33 6 18 12 24 25 29 4 1 27 20 15 7 28 26 2.4729 2.51489
0 22 14 16 13 19 2 11 3 17 32 8 21 23 9 10 5 30 31 33 6 18 12 24 25 29 4 1 27 20 15 7 28 26 2.4729 2.61159
0 22 14 16 13 19 2 11 3 17 32 8 21 23 9 10 5 30 31 33 6 18 12 24 25 29 4 1 27 20 15 7 28 26 2.4729 2.55833
0 22 14 16 13 19 2 11 3 17 32 8 21 23 9 10 5 30 31 33 6 18 12 24 25 29 4 1 27 20 15 7 28 26 2.4729 2.50826
0 22 14 16 13 19 2 11 3 17 32 8 21 23 9 10 5 30 31 33 6 18 12 24 25 29 4 1 27 20 15 7 28 26 2.4729 2.60435
0 22 14 16 13 19 2 11 3 17 32 8 21 23 9 10 5 30 31 33 6 18 12 24 25 29 4 1 27 20 15 7 28 26 2.4729 2.57789
0 22 14 16 13 19 2 11 3 17 32 8 21 23 9 10 5 30 31 33 6 18 12 24 25 29 4 1 27 20 15 7 28 26 2.4729 2.53557
0 22 14 16 13 19 2 11 3 17 32 8 21 23 9 10 5 30 31 33 6 18 12 24 25 29 4 1 27 20 15 7 28 26 2.4729 2.51795
0 22 14 16 13 19 2 11 3 17 32 8 21 23 9 10 5 30 31 33 6 18 12 24 25 29 4 1 27 20 15 7 28 26 2.4729 2.63558
0 22 14 16 13 19 2 11 3 17 32 8 21 23 9 10 5 30 31 33 6 18 12 24 25 29 4 1 27 20 15 7 28 26 2.4729 2.56545
0 22 14 16 13 19 2 11 3 17 32 8 21 23 9 10 5 30 31 33 6 18 12 24 25 29 4 1 27 20 15 7 28 26 2.4729 2.64543
0 22 14 16 13 19 2 11 3 17 32 8 21 23 9 10 5 30 31 33 6 18 12 24 25 29 4 1 27 20 15 7 28 26 2.4729 2.65243
0 22 14 16 13 19 2 11 3 17 32 8 21 23 9 10 5 30 31 33 6 18 12 24 25 29 4 1 27 20 15 7 28 26 2.4729 2.58266
0 22 14 16 13 19 2 11 3 17 32 8 21 23 9 10 5 30 31 33 6 18 12 24 25 29 4 1 27 20 15 7 28 26 2.4729 2.5171
0 22 14 16 13 19 2 11 3 17 32 8 21 23 9 10 5 30 31 33 6 18 12 24 25 29 4 1 27 20 15 7 28 26 2.4729 2.53853
0 22 14 16 13 19 2 11 3 17 32 8 21 23 9 10 5 30 31 33 6 18 12 24 25 29 4 1 27 20 15 7 28 26 2.4729 2.50474
0 22 14 16 13 19 2 11 3 17 32 8 21 23 9 10 5 30 31 33 6 18 12 24 25 29 4 1 27 20 15 7 28 26 2.4729 2.55858
0 22 14 16 13 19 2 11 3 17 32 8 21 23 9 10 5 30 31 33 6 18 12 24 25 29 4 1 27 20 15 7 28 26 2.4729 2.5134
0 22 14 16 13 19 2 11 3 17 32 8 21 23 9 10 5 30 31 33 6 18 12 24 25 29 4 1 27 20 15 7 28 26 2.4729 2.62019
0 22 14 16 13 19 2 11 3 17 32 8 21 23 9 10 5 30 31 33 6 18 12 24 25 29 4 1 27 20 15 7 28 26 2.4729 2.56395
0 22 14 16 13 19 2 11 3 17 32 8 21 23 9 10 5 30 31 33 6 18 12 24 25 29 4 1 27 20 15 7 28 26 2.4729 2.68
0 22 14 16 13 19 2 11 3 17 32 8 21 23 9 10 5 30 31 33 6 18 12 24 25 29 4 1 27 20 15 7 28 26 2.4729 2.48846
0 22 14 16 13 19 2 11 3 17 32 8 21 23 9 10 5 30 31 33 6 18 12 24 25 29 4 1 27 20 15 7 28 26 2.4729 2.55879
0 22 14 16 13 19 2 11 3 17 32 8 21 23 9 10 5 30 31 33 6 18 12 24 25 29 4 1 27 20 15 7 28 26 2.4729 2.50548
0 22 14 16 13 19 2 11 3 17 32 8 21 23 9 10 5 30 31 33 6 18 12 24 25 29 4 1 27 20 15 7 28 26 2.4729 2.49352
0 22 14 16 13 19 2 11 3 17 32 8 21 23 9 10 5 30 31 33 6 18 12 24 25 29 4 1 27 20 15 7 28 26 2.4729 2.54969
0 22 14 16 13 19 2 11 3 17 32 8 21 23 9 10 5 30 31 33 6 18 12 24 25 29 4 1 27 20 15 7 28 26 2.4729 2.48892
0 22 14 16 13 19 2 11 3 17 32 8 21 23 9 10 5 30 31 33 6 18 12 24 25 29 4 1 27 20 15 7 28 26 2.4729 2.60877
0 22 14 16 13 19 2 11 3 17 32 8 21 23 9 10 5 30 31 33 6 18 12 24 25 29 4 1 27 20 15 7 28 26 2.4729 2.53667
0 22 14 16 13 19 2 11 3 17 32 8 21 23 9 10 5 30 31 33 6 18 12 24 25 29 4 1 27 20 15 7 28 26 2.4729 2.65177
0 22 14 16 13 19 2 11 3 17 32 8 21 23 9 10 5 30 31 33 6 18 12 24 25 29 4 1 27 20 15 7 28 26 2.4729 2.6843
0 22 14 16 13 19 2 11 3 17 32 8 21 23 9 10 5 30 31 33 6 18 12 24 25 29 4 1 27 20 15 7 28 26 2.4729 2.61339
0 22 14 16 13 19 2 11 3 17 32 8 21 23 9 10 5 30 31 33 6 18 12 24 25 29 4 1 27 20 15 7 28 26 2.4729 2.53595
0 22 14 16 13 19 2 11 3 17 32 8 21 23 9 10 5 30 31 33 6 18 12 24 25 29 4 1 27 20 15 7 28 26 2.4729 2.57087
0 22 14 16 13 19 2 11 3 17 32 8 21 23 9 10 5 30 31 33 6 18 12 24 25 29 4 1 27 20 15 7 28 26 2.4729 2.58299
0 22 14 16 13 19 2 11 3 17 32 8 21 23 9 10 5 30 31 33 6 18 12 24 25 29 4 1 27 20 15 7 28 26 2.4729 2.5411
0 22 14 16 13 19 2 11 3 17 32 8 21 23 9 10 5 30 31 33 6 18 12 24 25 29 4 1 27 20 15 7 28 26 2.4729 2.5282
0 22 14 16 13 19 2 11 3 17 32 8 21 23 9 10 5 30 31 33 6 18 12 24 25 29 4 1 27 20 15 7 28 26 2.4729 2.544
0 22 14 16 13 19 2 11 3 17 32 8 21 23 9 10 5 30 31 33 6 18 12 24 25 29 4 1 27 20 15 7 28 26 2.4729 2.70176
0 22 14 16 13 19 2 11 3 17 32 8 21 23 9 10 5 30 31 33 6 18 12 24 25 29 4 1 27 20 15 7 28 26 2.4729 2.58571
0 22 14 16 13 19 2 11 3 17 32 8 21 23 9 10 5 30 31 33 6 18 12 24 25 29 4 1 27 20 15 7 28 26 2.4729 2.55941
0 22 14 16 13 19 2 11 3 17 32 8 21 23 9 10 5 30 31 33 6 18 12 24 25 29 4 1 27 20 15 7 28 26 2.4729 2.52422
0 22 14 16 13 19 2 11 3 17 32 8 21 23 9 10 5 30 31 33 6 18 12 24 25 29 4 1 27 20 15 7 28 26 2.4729 2.61565
0 22 14 16 13 19 2 11 3 17 32 8 21 23 9 10 5 30 31 33 6 18 12 24 25 29 4 1 27 20 15 7 28 26 2.4729 2.53866
0 22 14 16 13 19 2 11 3 17 32 8 21 23 9 10 5 30 31 33 6 18 12 24 25 29 4 1 27 20 15 7 28 26 2.4729 2.49005
0 22 14 16 13 19 2 11 3 17 32 8 21 23 9 10 5 30 31 33 6 18 12 24 25 29 4 1 27 20 15 7 28 26 2.4729 2.5179
0 22 14 16 13 19 2 11 3 17 32 8 21 23 9 10 5 30 31 33 6 18 12 24 25 29 4 1 27 20 15 7 28 26 2.4729 2.49594
0 22 14 16 13 19 2 11 3 17 32 8 21 23 9 10 5 30 31 33 6 18 12 24 25 29 4 1 27 20 15 7 28 26 2.4729 2.59593
0 22 14 16 13 19 2 11 3 17 32 8 21 23 9 10 5 30 31 33 6 18 12 24 25 29 4 1 27 20 15 7 28 26 2.4729 2.66764
0 22 14 16 13 19 2 11 3 17 32 8 21 23 9 10 5 30 31 33 6 18 12 24 25 29 4 1 27 20 15 7 28 26 2.4729 2.69721
0 22 14 16 13 19 2 11 3 17 32 8 21 23 9 10 5 30 31 33 6 18 12 24 25 29 4 1 27 20 15 7 28 26 2.4729 2.57917
0 22 14 16 13 19 2 11 3 17 32 8 21 23 9 10 5 30 31 33 6 18 12 24 25 29 4 1 27 20 15 7 28 26 2.4729 2.55846
0 22 14 16 13 19 2 11 3 17 32 8 21 23 9 10 5 30 31 33 6 18 12 24 25 29 4 1 27 20 15 7 28 26 2.4729 2.53313
0 22 14 16 13 19 2 11 3 17 32 8 21 23 9 10 5 30 31 33 6 18 12 24 25 29 4 1 27 20 15 7 28 26 2.4729 2.51793
0 22 14 16 13 19 2 11 3 17 32 8 21 23 9 10 5 30 31 33 6 18 12 24 25 29 4 1 27 20 15 7 28 26 2.4729 2.51808
0 22 14 16 13 19 2 11 3 17 32 8 21 23 9 10 5 30 31 33 6 18 12 24 25 29 4 1 27 20 15 7 28 26 2.4729 2.66537
0 22 14 16 13 19 2 11 3 17 32 8 21 23 9 10 5 30 31 33 6 18 12 24 25 29 4 1 27 20 15 7 28 26 2.4729 2.51219
0 22 14 16 13 19 2 11 3 17 32 8 21 23 9 10 5 30 31 33 6 18 12 24 25 29 4 1 27 20 15 7 28 26 2.4729 2.49797
0 22 14 16 13 19 2 11 3 17 32 8 21 23 9 10 5 30 31 33 6 18 12 24 25 29 4 1 27 20 15 7 28 26 2.4729 2.50161
0 22 14 16 13 19 2 11 3 17 32 8 21 23 9 10 5 30 31 33 6 18 12 24 25 29 4 1 27 20 15 7 28 26 2.4729 2.54877
0 22 14 16 13 19 2 11 3 17 32 8 21 23 9 10 5 30 31 33 6 18 12 24 25 29 4 1 27 20 15 7 28 26 2.4729 2.54551
0 22 14 16 13 19 2 11 3 17 32 8 21 23 9 10 5 30 31 33 6 18 12 24 25 29 4 1 27 20 15 7 28 26 2.4729 2.61692
0 22 14 16 13 19 2 11 3 17 32 8 21 23 9 10 5 30 31 33 6 18 12 24 25 29 4 1 27 20 15 7 28 26 2.4729 2.55099
0 22 14 16 13 19 2 11 3 17 32 8 21 23 9 10 5 30 31 33 6 18 12 24 25 29 4 1 27 20 15 7 28 26 2.4729 2.5474
0 22 14 16 13 19 2 11 3 17 32 8 21 23 9 10 5 30 31 33 6 18 12 24 25 29 4 1 27 20 15 7 28 26 2.4729 2.55335
0 22 14 16 13 19 2 11 3 17 32 8 21 23 9 10 5 30 31 33 6 18 12 24 25 29 4 1 27 20 15 7 28 26 2.4729 2.65569
0 22 14 16 13 19 2 11 3 17 32 8 21 23 9 10 5 30 31 33 6 18 12 24 25 29 4 1 27 20 15 7 28 26 2.4729 2.68114
0 22 14 16 13 19 2 11 3 17 32 8 21 23 9 10 5 30 31 33 6 18 12 24 25 29 4 1 27 20 15 7 28 26 2.4729 2.61209
0 22 14 16 13 19 2 11 3 17 32 8 21 23 9 10 5 30 31 33 6 18 12 24 25 29 4 1 27 20 15 7 28 26 2.4729 2.70641
0 22 14 16 13 19 2 11 3 17 32 8 21 23 9 10 5 30 31 33 6 18 12 24 25 29 4 1 27 20 15 7 28 26 2.4729 2.75575
0 22 14 16 13 19 2 11 3 17 32 8 21 23 9 10 5 30 31 33 6 18 12 24 25 29 4 1 27 20 15 7 28 26 2.4729 2.55484
0 22 14 16 13 19 2 11 3 17 32 8 21 23 9 10 5 30 31 33 6 18 12 24 25 29 4 1 27 20 15 7 28 26 2.4729 2.5036
0 22 14 16 13 19 2 11 3 17 32 8 21 23 9 10 5 30 31 33 6 18 12 24 25 29 4 1 27 20 15 7 28 26 2.4729 2.6363
0 22 14 16 13 19 2 11 3 17 32 8 21 23 9 10 5 30 31 33 6 18 12 24 25 29 4 1 27 20 15 7 28 26 2.4729 2.51371
0 22 14 16 13 19 2 11 3 17 32 8 21 23 9 10 5 30 31 33 6 18 12 24 25 29 4 1 27 20 15 7 28 26 2.4729 2.4734
0 22 14 16 13 19 2 11 3 17 32 8 21 23 9 10 5 30 31 33 6 18 12 24 25 29 4 1 27 20 15 7 28 26 2.4729 2.50369
0 22 14 16 13 19 2 11 3 17 32 8 21 23 9 10 5 30 31 33 6 18 12 24 25 29 4 1 27 20 15 7 28 26 2.4729 2.47389
0 22 14 16 13 19 2 11 3 17 32 8 21 23 9 10 5 30 31 33 6 18 12 24 25 29 4 1 27 20 15 7 28 26 2.4729 2.52379
0 22 14 16 13 19 2 11 3 17 32 8 21 23 9 10 5 30 31 33 6 18 12 24 25 29 4 1 27 20 15 7 28 26 2.4729 2.48292
0 22 14 16 13 19 2 11 3 17 32 8 21 23 9 10 5 30 31 33 6 18 12 24 25 29 4 1 27 20 15 7 28 26 2.4729 2.47389
0 22 14 16 13 19 2 11 3 17 32 8 21 23 9 10 5 30 31 33 6 18 12 24 25 29 4 1 27 20 15 7 28 26 2.4729 2.48138
0 22 14 16 13 19 2 11 3 17 32 8 21 23 9 10 5 30 31 33 6 18 12 24 25 29 4 1 27 20 15 7 28 26 2.4729 2.48795
0 22 14 16 13 19 2 11 3 17 32 8 21 23 9 10 5 30 31 33 6 18 12 24 25 29 4 1 27 20 15 7 28 26 2.4729 2.49908
0 22 14 16 13 19 2 11 3 17 32 8 21 23 9 10 5 30 31 33 6 18 12 24 25 29 4 1 27 20 15 7 28 26 2.4729 2.49534
0 22 14 16 13 19 2 11 3 17 32 8 21 23 9 10 5 30 31 33 6 18 12 24 25 29 4 1 27 20 15 7 28 26 2.4729 2.47647
0 22 14 16 13 19 2 11 3 17 32 8 21 23 9 10 5 30 31 33 6 18 12 24 25 29 4 1 27 20 15 7 28 26 2.4729 2.49182
0 22 14 16 13 19 2 11 3 17 32 8 21 23 9 10 5 30 31 33 6 18 12 24 25 29 4 1 27 20 15 7 28 26 2.4729 2.53084
0 22 14 16 13 19 2 11 3 17 32 8 21 23 9 10 5 30 31 33 6 18 12 24 25 29 4 1 27 20 15 7 28 26 2.4729 2.58368
0 22 14 16 13 19 2 11 3 17 32 8 21 23 9 10 5 30 31 33 6 18 12 24 25 29 4 1 27 20 15 7 28 26 2.4729 2.49829
0 22 14 16 13 19 2 11 3 17 32 8 21 23 9 10 5 30 31 33 6 18 12 24 25 29 4 1 27 20 15 7 28 26 2.4729 2.5744
0 22 14 16 13 19 2 11 3 17 32 8 21 23 9 10 5 30 31 33 6 18 12 24 25 29 4 1 27 20 15 7 28 26 2.4729 2.62671
0 22 14 16 13 19 2 11 3 17 32 8 21 23 9 10 5 30 31 33 6 18 12 24 25 29 4 1 27 20 15 7 28 26 2.4729 2.59732
0 22 14 16 13 19 2 11 3 17 32 8 21 23 9 10 5 30 31 33 6 18 12 24 25 29 4 1 27 20 15 7 28 26 2.4729 2.60053
0 22 14 16 13 19 2 11 3 17 32 8 21 23 9 10 5 30 31 33 6 18 12 24 25 29 4 1 27 20 15 7 28 26 2.4729 2.5902
0 22 14 16 13 19 2 11 3 17 32 8 21 23 9 10 5 30 31 33 6 18 12 24 25 29 4 1 27 20 15 7 28 26 2.4729 2.66905
0 22 14 16 13 19 2 11 3 17 32 8 21 23 9 10 5 30 31 33 6 18 12 24 25 29 4 1 27 20 15 7 28 26 2.4729 2.5052
0 22 14 16 13 19 2 11 3 17 32 8 21 23 9 10 5 30 31 33 6 18 12 24 25 29 4 1 27 20 15 7 28 26 2.4729 2.5545
0 22 14 16 13 19 2 11 3 17 32 8 21 23 9 10 5 30 31 33 6 18 12 24 25 29 4 1 27 20 15 7 28 26 2.4729 2.55434
0 22 14 16 13 19 2 11 3 17 32 8 21 23 9 10 5 30 31 33 6 18 12 24 25 29 4 1 27 20 15 7 28 26 2.4729 2.65548
0 22 14 16 13 19 2 11 3 17 32 8 21 23 9 10 5 30 31 33 6 18 12 24 25 29 4 1 27 20 15 7 28 26 2.4729 2.65705
0 22 14 16 13 19 2 11 3 17 32 8 21 23 9 10 5 30 31 33 6 18 12 24 25 29 4 1 27 20 15 7 28 26 2.4729 2.55888
0 22 14 16 13 19 2 11 3 17 32 8 21 23 9 10 5 30 31 33 6 18 12 24 25 29 4 1 27 20 15 7 28 26 2.4729 2.50769
0 22 14 16 13 19 2 11 3 17 32 8 21 23 9 10 5 30 31 33 6 18 12 24 25 29 4 1 27 20 15 7 28 26 2.4729 2.49034
0 22 14 16 13 19 2 11 3 17 32 8 21 23 9 10 5 30 31 33 6 18 12 24 25 29 4 1 27 20 15 7 28 26 2.4729 2.48189
0 22 14 16 13 19 2 11 3 17 32 8 21 23 9 10 5 30 31 33 6 18 12 24 25 29 4 1 27 20 15 7 28 26 2.4729 2.51295
0 22 14 16 13 19 2 11 3 17 32 8 21 23 9 10 5 30 31 33 6 18 12 24 25 29 4 1 27 20 15 7 28 26 2.4729 2.58529
0 22 14 16 13 19 2 11 3 17 32 8 21 23 9 10 5 30 31 33 6 18 12 24 25 29 4 1 27 20 15 7 28 26 2.4729 2.51814
0 22 14 16 13 19 2 11 3 17 32 8 21 23 9 10 5 30 31 33 6 18 12 24 25 29 4 1 27 20 15 7 28 26 2.4729 2.54617
0 22 14 16 13 19 2 11 3 17 32 8 21 23 9 10 5 30 31 33 6 18 12 24 25 29 4 1 27 20 15 7 28 26 2.4729 2.61173
0 22 14 16 13 19 2 11 3 17 32 8 21 23 9 10 5 30 31 33 6 18 12 24 25 29 4 1 27 20 15 7 28 26 2.4729 2.52667
0 22 14 16 13 19 2 11 3 17 32 8 21 23 9 10 5 30 31 33 6 18 12 24 25 29 4 1 27 20 15 7 28 26 2.4729 2.47709
0 22 14 16 13 19 2 11 3 17 32 8 21 23 9 10 5 30 31 33 6 18 12 24 25 29 4 1 27 20 15 7 28 26 2.4729 2.607
0 22 14 16 13 19 2 11 3 17 32 8 21 23 9 10 5 30 31 33 6 18 12 24 25 29 4 1 27 20 15 7 28 26 2.4729 2.60392
0 22 14 16 13 19 2 11 3 17 32 8 21 23 9 10 5 30 31 33 6 18 12 24 25 29 4 1 27 20 15 7 28 26 2.4729 2.67933
0 22 14 16 13 19 2 11 3 17 32 8 21 23 9 10 5 30 31 33 6 18 12 24 25 29 4 1 27 20 15 7 28 26 2.4729 2.63871
0 22 14 16 13 19 2 11 3 17 32 8 21 23 9 10 5 30 31 33 6 18 12 24 25 29 4 1 27 20 15 7 28 26 2.4729 2.62768
0 22 14 16 13 19 2 11 3 17 32 8 21 23 9 10 5 30 31 33 6 18 12 24 25 29 4 1 27 20 15 7 28 26 2.4729 2.56168
0 22 14 16 13 19 2 11 3 17 32 8 21 23 9 10 5 30 31 33 6 18 12 24 25 29 4 1 27 20 15 7 28 26 2.4729 2.66754
0 22 14 16 13 19 2 11 3 17 32 8 21 23 9 10 5 30 31 33 6 18 12 24 25 29 4 1 27 20 15 7 28 26 2.4729 2.5818
0 22 14 16 13 19 2 11 3 17 32 8 21 23 9 10 5 30 31 33 6 18 12 24 25 29 4 1 27 20 15 7 28 26 2.4729 2.57748
0 22 14 16 13 19 2 11 3 17 32 8 21 23 9 10 5 30 31 33 6 18 12 24 25 29 4 1 27 20 15 7 28 26 2.4729 2.68497
0 22 14 16 13 19 2 11 3 17 32 8 21 23 9 10 5 30 31 33 6 18 12 24 25 29 4 1 27 20 15 7 28 26 2.4729 2.68494
0 22 14 16 13 19 2 11 3 17 32 8 21 23 9 10 5 30 31 33 6 18 12 24 25 29 4 1 27 20 15 7 28 26 2.4729 2.49661
0 22 14 16 13 19 2 11 3 17 32 8 21 23 9 10 5 30 31 33 6 18 12 24 25 29 4 1 27 20 15 7 28 26 2.4729 2.5541
0 22 14 16 13 19 2 11 3 17 32 8 21 23 9 10 5 30 31 33 6 18 12 24 25 29 4 1 27 20 15 7 28 26 2.4729 2.59607
0 22 14 16 13 19 2 11 3 17 32 8 21 23 9 10 5 30 31 33 6 18 12 24 25 29 4 1 27 20 15 7 28 26 2.4729 2.57475
0 22 14 16 13 19 2 11 3 17 32 8 21 23 9 10 5 30 31 33 6 18 12 24 25 29 4 1 27 20 15 7 28 26 2.4729 2.60391
0 22 14 16 13 19 2 11 3 17 32 8 21 23 9 10 5 30 31 33 6 18 12 24 25 29 4 1 27 20 15 7 28 26 2.4729 2.55648
0 22 14 16 13 19 2 11 3 17 32 8 21 23 9 10 5 30 31 33 6 18 12 24 25 29 4 1 27 20 15 7 28 26 2.4729 2.55812
0 22 14 16 13 19 2 11 3 17 32 8 21 23 9 10 5 30 31 33 6 18 12 24 25 29 4 1 27 20 15 7 28 26 2.4729 2.57001
0 22 14 16 13 19 2 11 3 17 32 8 21 23 9 10 5 30 31 33 6 18 12 24 25 29 4 1 27 20 15 7 28 26 2.4729 2.6162
0 22 14 16 13 19 2 11 3 17 32 8 21 23 9 10 5 30 31 33 6 18 12 24 25 29 4 1 27 20 15 7 28 26 2.4729 2.64245
0 22 14 16 13 19 2 11 3 17 32 8 21 23 9 10 5 30 31 33 6 18 12 24 25 29 4 1 27 20 15 7 28 26 2.4729 2.67778
0 22 14 16 13 19 2 11 3 17 32 8 21 23 9 10 5 30 31 33 6 18 12 24 25 29 4 1 27 20 15 7 28 26 2.4729 2.69252
0 22 14 16 13 19 2 11 3 17 32 8 21 23 9 10 5 30 31 33 6 18 12 24 25 29 4 1 27 20 15 7 28 26 2.4729 2.61287
0 22 14 16 13 19 2 11 3 17 32 8 21 23 9 10 5 30 31 33 6 18 12 24 25 29 4 1 27 20 15 7 28 26 2.4729 2.57073
0 22 14 16 13 19 2 11 3 17 32 8 21 23 9 10 5 30 31 33 6 18 12 24 25 29 4 1 27 20 15 7 28 26 2.4729 2.71465
0 22 14 16 13 19 2 11 3 17 32 8 21 23 9 10 5 30 31 33 6 18 12 24 25 29 4 1 27 20 15 7 28 26 2.4729 2.56008
0 22 14 16 13 19 2 11 3 17 32 8 21 23 9 10 5 30 31 33 6 18 12 24 25 29 4 1 27 20 15 7 28 26 2.4729 2.48527
0 22 14 16 13 19 2 11 3 17 32 8 21 23 9 10 5 30 31 33 6 18 12 24 25 29 4 1 27 20 15 7 28 26 2.4729 2.51056
0 22 14 16 13 19 2 11 3 17 32 8 21 23 9 10 5 30 31 33 6 18 12 24 25 29 4 1 27 20 15 7 28 26 2.4729 2.62061
0 22 14 16 13 19 2 11 3 17 32 8 21 23 9 10 5 30 31 33 6 18 12 24 25 29 4 1 27 20 15 7 28 26 2.4729 2.5495
0 22 14 16 13 19 2 11 3 17 32 8 21 23 9 10 5 30 31 33 6 18 12 24 25 29 4 1 27 20 15 7 28 26 2.4729 2.56285
0 22 14 16 13 19 2 11 3 17 32 8 21 23 9 10 5 30 31 33 6 18 12 24 25 29 4 1 27 20 15 7 28 26 2.4729 2.52857
0 22 14 16 13 19 2 11 3 17 32 8 21 23 9 10 5 30 31 33 6 18 12 24 25 29 4 1 27 20 15 7 28 26 2.4729 2.74423
0 22 14 16 13 19 2 11 3 17 32 8 21 23 9 10 5 30 31 33 6 18 12 24 25 29 4 1 27 20 15 7 28 26 2.4729 2.57342
0 22 14 16 13 19 2 11 3 17 32 8 21 23 9 10 5 30 31 33 6 18 12 24 25 29 4 1 27 20 15 7 28 26 2.4729 2.5927
0 22 14 16 13 19 2 11 3 17 32 8 21 23 9 10 5 30 31 33 6 18 12 24 25 29 4 1 27 20 15 7 28 26 2.4729 2.57843
0 22 14 16 13 19 2 11 3 17 32 8 21 23 9 10 5 30 31 33 6 18 12 24 25 29 4 1 27 20 15 7 28 26 2.4729 2.66449
0 22 14 16 13 19 2 11 3 17 32 8 21 23 9 10 5 30 31 33 6 18 12 24 25 29 4 1 27 20 15 7 28 26 2.4729 2.61167
0 22 14 16 13 19 2 11 3 17 32 8 21 23 9 10 5 30 31 33 6 18 12 24 25 29 4 1 27 20 15 7 28 26 2.4729 2.64629
0 22 14 16 13 19 2 11 3 17 32 8 21 23 9 10 5 30 31 33 6 18 12 24 25 29 4 1 27 20 15 7 28 26 2.4729 2.57855
0 22 14 16 13 19 2 11 3 17 32 8 21 23 9 10 5 30 31 33 6 18 12 24 25 29 4 1 27 20 15 7 28 26 2.4729 2.51219
0 22 14 16 13 19 2 11 3 17 32 8 21 23 9 10 5 30 31 33 6 18 12 24 25 29 4 1 27 20 15 7 28 26 2.4729 2.56236
0 22 14 16 13 19 2 11 3 17 32 8 21 23 9 10 5 30 31 33 6 18 12 24 25 29 4 1 27 20 15 7 28 26 2.4729 2.61222
0 22 14 16 13 19 2 11 3 17 32 8 21 23 9 10 5 30 31 33 6 18 12 24 25 29 4 1 27 20 15 7 28 26 2.4729 2.71275
0 22 14 16 13 19 2 11 3 17 32 8 21 23 9 10 5 30 31 33 6 18 12 24 25 29 4 1 27 20 15 7 28 26 2.4729 2.67689
0 22 14 16 13 19 2 11 3 17 32 8 21 23 9 10 5 30 31 33 6 18 12 24 25 29 4 1 27 20 15 7 28 26 2.4729 2.60394
0 22 14 16 13 19 2 11 3 17 32 8 21 23 9 10 5 30 31 33 6 18 12 24 25 29 4 1 27 20 15 7 28 26 2.4729 2.58435
0 22 14 16 13 19 2 11 3 17 32 8 21 23 9 10 5 30 31 33 6 18 12 24 25 29 4 1 27 20 15 7 28 26 2.4729 2.50268
0 22 14 16 13 19 2 11 3 17 32 8 21 23 9 10 5 30 31 33 6 18 12 24 25 29 4 1 27 20 15 7 28 26 2.4729 2.49748
0 22 14 16 13 19 2 11 3 17 32 8 21 23 9 10 5 30 31 33 6 18 12 24 25 29 4 1 27 20 15 7 28 26 2.4729 2.49586
0 22 14 16 13 19 2 11 3 17 32 8 21 23 9 10 5 30 31 33 6 18 12 24 25 29 4 1 27 20 15 7 28 26 2.4729 2.51765
0 22 14 16 13 19 2 11 3 17 32 8 21 23 9 10 5 30 31 33 6 18 12 24 25 29 4 1 27 20 15 7 28 26 2.4729 2.4987
0 22 14 16 13 19 2 11 3 17 32 8 21 23 9 10 5 30 31 33 6 18 12 24 25 29 4 1 27 20 15 7 28 26 2.4729 2.49701
0 22 14 16 13 19 2 11 3 17 32 8 21 23 9 10 5 30 31 33 6 18 12 24 25 29 4 1 27 20 15 7 28 26 2.4729 2.5421
0 22 14 16 13 19 2 11 3 17 32 8 21 23 9 10 5 30 31 33 6 18 12 24 25 29 4 1 27 20 15 7 28 26 2.4729 2.6458
0 22 14 16 13 19 2 11 3 17 32 8 21 23 9 10 5 30 31 33 6 18 12 24 25 29 4 1 27 20 15 7 28 26 2.4729 2.5934
0 22 14 16 13 19 2 11 3 17 32 8 21 23 9 10 5 30 31 33 6 18 12 24 25 29 4 1 27 20 15 7 28 26 2.4729 2.60353
0 22 14 16 13 19 2 11 3 17 32 8 21 23 9 10 5 30 31 33 6 18 12 24 25 29 4 1 27 20 15 7 28 26 2.4729 2.56723
0 22 14 16 13 19 2 11 3 17 32 8 21 23 9 10 5 30 31 33 6 18 12 24 25 29 4 1 27 20 15 7 28 26 2.4729 2.52198
0 22 14 16 13 19 2 11 3 17 32 8 21 23 9 10 5 30 31 33 6 18 12 24 25 29 4 1 27 20 15 7 28 26 2.4729 2.62881
0 22 14 16 13 19 2 11 3 17 32 8 21 23 9 10 5 30 31 33 6 18 12 24 25 29 4 1 27 20 15 7 28 26 2.4729 2.56658
0 22 14 16 13 19 2 11 3 17 32 8 21 23 9 10 5 30 31 33 6 18 12 24 25 29 4 1 27 20 15 7 28 26 2.4729 2.57121
0 22 14 16 13 19 2 11 3 17 32 8 21 23 9 10 5 30 31 33 6 18 12 24 25 29 4 1 27 20 15 7 28 26 2.4729 2.60637
0 22 14 16 13 19 2 11 3 17 32 8 21 23 9 10 5 30 31 33 6 18 12 24 25 29 4 1 27 20 15 7 28 26 2.4729 2.57335
0 22 14 16 13 19 2 11 3 17 32 8 21 23 9 10 5 30 31 33 6 18 12 24 25 29 4 1 27 20 15 7 28 26 2.4729 2.50903
0 22 14 16 13 19 2 11 3 17 32 8 21 23 9 10 5 30 31 33 6 18 12 24 25 29 4 1 27 20 15 7 28 26 2.4729 2.47857
0 22 14 16 13 19 2 11 3 17 32 8 21 23 9 10 5 30 31 33 6 18 12 24 25 29 4 1 27 20 15 7 28 26 2.4729 2.47326
0 22 14 16 13 19 2 11 3 17 32 8 21 23 9 10 5 30 31 33 6 18 12 24 25 29 4 1 27 20 15 7 28 26 2.4729 2.4782
0 22 14 16 13 19 2 11 3 17 32 8 21 23 9 10 5 30 31 33 6 18 12 24 25 29 4 1 27 20 15 7 28 26 2.4729 2.56499
0 22 14 16 13 19 2 11 3 17 32 8 21 23 9 10 5 30 31 33 6 18 12 24 25 29 4 1 27 20 15 7 28 26 2.4729 2.51221
0 22 14 16 13 19 2 11 3 17 32 8 21 23 9 10 5 30 31 33 6 18 12 24 25 29 4 1 27 20 15 7 28 26 2.4729 2.48018
0 22 14 16 13 19 2 11 3 17 32 8 21 23 9 10 5 30 31 33 6 18 12 24 25 29 4 1 27 20 15 7 28 26 2.4729 2.4729
0 22 14 16 13 19 2 11 3 17 32 8 21 23 9 10 5 30 31 33 6 18 12 24 25 29 4 1 27 20 15 7 28 26 2.4729 2.47826
0 22 14 16 13 19 2 11 3 17 32 8 21 23 9 10 5 30 31 33 6 18 12 24 25 29 4 1 27 20 15 7 28 26 2.4729 2.54876
0 22 14 16 13 19 2 11 3 17 32 8 21 23 9 10 5 30 31 33 6 18 12 24 25 29 4 1 27 20 15 7 28 26 2.4729 2.51895
0 22 14 16 13 19 2 11 3 17 32 8 21 23 9 10 5 30 31 33 6 18 12 24 25 29 4 1 27 20 15 7 28 26 2.4729 2.50689
0 22 14 16 13 19 2 11 3 17 32 8 21 23 9 10 5 30 31 33 6 18 12 24 25 29 4 1 27 20 15 7 28 26 2.4729 2.56099
0 22 14 16 13 19 2 11 3 17 32 8 21 23 9 10 5 30 31 33 6 18 12 24 25 29 4 1 27 20 15 7 28 26 2.4729 2.61656
0 22 14 16 13 19 2 11 3 17 32 8 21 23 9 10 5 30 31 33 6 18 12 24 25 29 4 1 27 20 15 7 28 26 2.4729 2.68413
0 22 14 16 13 19 2 11 3 17 32 8 21 23 9 10 5 30 31 33 6 18 12 24 25 29 4 1 27 20 15 7 28 26 2.4729 2.54107
0 22 14 16 13 19 2 11 3 17 32 8 21 23 9 10 5 30 31 33 6 18 12 24 25 29 4 1 27 20 15 7 28 26 2.4729 2.50531
