0 13 14 26 16 15 24 22 5 18 33 4 30 11 10 8 1 32 7 21 17 3 25 9 6 29 2 28 12 19 27 31 20 23 3.03274
0 13 14 26 16 15 24 22 5 18 33 4 30 11 10 8 1 32 7 21 17 3 25 9 6 29 2 28 12 19 27 31 20 23 3.03274
0 13 14 26 16 15 24 22 5 18 33 4 30 11 10 8 1 32 7 21 17 3 25 9 6 29 2 28 12 19 27 31 20 23 3.03274
0 13 14 26 16 15 24 22 5 18 33 4 30 11 10 8 1 32 7 21 17 3 25 9 6 29 2 28 12 19 27 31 20 23 3.03274
0 13 14 26 16 15 24 22 5 18 33 4 30 11 10 8 1 32 7 21 17 3 25 9 6 29 2 28 12 19 27 31 20 23 3.03274
0 13 14 26 16 15 24 22 5 18 33 4 30 11 10 8 1 32 7 21 17 3 25 9 6 29 2 28 12 19 27 31 20 23 3.03274
0 13 14 26 16 15 24 22 5 18 33 4 30 11 10 8 1 32 7 21 17 3 25 9 6 29 2 28 12 19 27 31 20 23 3.03274
0 13 14 26 16 15 24 22 5 18 33 4 30 11 10 8 1 32 7 21 17 3 25 9 6 29 2 28 12 19 27 31 20 23 3.03274
0 13 14 26 16 15 24 22 5 18 33 4 30 11 10 8 1 32 7 21 17 3 25 9 6 29 2 28 12 19 27 31 20 23 3.03274
0 13 14 26 16 15 24 22 5 18 33 4 30 11 10 8 1 32 7 21 17 3 25 9 6 29 2 28 12 19 27 31 20 23 3.03274
0 13 14 26 16 15 24 22 5 18 33 4 30 11 10 8 1 32 7 21 17 3 25 9 6 29 2 28 12 19 27 31 20 23 3.03274
0 13 14 26 16 15 24 22 5 18 33 4 30 11 10 8 1 32 7 21 17 3 25 9 6 29 2 28 12 19 27 31 20 23 3.03274
0 13 14 26 16 15 24 22 5 18 33 4 30 11 10 8 1 32 7 21 17 3 25 9 6 29 2 28 12 19 27 31 20 23 3.03274
0 13 14 26 16 15 24 22 5 18 33 4 30 11 10 8 1 32 7 21 17 3 25 9 6 29 2 28 12 19 27 31 20 23 3.03274
0 13 14 26 16 15 24 22 5 18 33 4 30 11 10 8 1 32 7 21 17 3 25 9 6 29 2 28 12 19 27 31 20 23 3.03274
0 13 14 26 16 15 24 22 5 18 33 4 30 11 10 8 1 32 7 21 17 3 25 9 6 29 2 28 12 19 27 31 20 23 3.03274
0 13 14 26 16 15 24 22 5 18 33 4 30 11 10 8 1 32 7 21 17 3 25 9 6 29 2 28 12 19 27 31 20 23 3.03274
0 13 14 26 16 15 24 22 5 18 33 4 30 11 10 8 1 32 7 21 17 3 25 9 6 29 2 28 12 19 27 31 20 23 3.03274
0 13 14 26 16 15 24 22 5 18 33 4 30 11 10 8 1 32 7 21 17 3 25 9 6 29 2 28 12 19 27 31 20 23 3.03274
0 13 14 26 16 15 24 22 5 18 33 4 30 11 10 8 1 32 7 21 17 3 25 9 6 29 2 28 12 19 27 31 20 23 3.03274
0 13 14 26 16 15 24 22 5 18 33 4 30 11 10 8 1 32 7 21 17 3 25 9 6 29 2 28 12 19 27 31 20 23 3.03274
0 13 14 26 16 15 24 22 5 18 33 4 30 11 10 8 1 32 7 21 17 3 25 9 6 29 2 28 12 19 27 31 20 23 3.03274
0 13 14 26 16 15 24 22 5 18 33 4 30 11 10 8 1 32 7 21 17 3 25 9 6 29 2 28 12 19 27 31 20 23 3.03274
0 13 14 26 16 15 24 22 5 18 33 4 30 11 10 8 1 32 7 21 17 3 25 9 6 29 2 28 12 19 27 31 20 23 3.03274
0 13 14 26 16 15 24 22 5 18 33 4 30 11 10 8 1 32 7 21 17 3 25 9 6 29 2 28 12 19 27 31 20 23 3.03274
0 13 14 26 16 15 24 22 5 18 33 4 30 11 10 8 1 32 7 21 17 3 25 9 6 29 2 28 12 19 27 31 20 23 3.03274
0 13 14 26 16 15 24 22 5 18 33 4 30 11 10 8 1 32 7 21 17 3 25 9 6 29 2 28 12 19 27 31 20 23 3.03274
0 13 14 26 16 15 24 22 5 18 33 4 30 11 10 8 1 32 7 21 17 3 25 9 6 29 2 28 12 19 27 31 20 23 3.03274
0 13 14 26 16 15 24 22 5 18 33 4 30 11 10 8 1 32 7 21 17 3 25 9 6 29 2 28 12 19 27 31 20 23 3.03274
0 13 14 26 16 15 24 22 5 18 33 4 30 11 10 8 1 32 7 21 17 3 25 9 6 29 2 28 12 19 27 31 20 23 3.03274
0 13 14 26 16 15 24 22 5 18 33 4 30 11 10 8 1 32 7 21 17 3 25 9 6 29 2 28 12 19 27 31 20 23 3.03274
0 13 14 26 16 15 24 22 5 18 33 4 30 11 10 8 1 32 7 21 17 3 25 9 6 29 2 28 12 19 27 31 20 23 3.03274
0 13 14 26 16 15 24 22 5 18 33 4 30 11 10 8 1 32 7 21 17 3 25 9 6 29 2 28 12 19 27 31 20 23 3.03274
0 13 14 26 16 15 24 22 5 18 33 4 30 11 10 8 1 32 7 21 17 3 25 9 6 29 2 28 12 19 27 31 20 23 3.03274
0 13 14 26 16 15 24 22 5 18 33 4 30 11 10 8 1 32 7 21 17 3 25 9 6 29 2 28 12 19 27 31 20 23 3.03274
0 13 14 26 16 15 24 22 5 18 33 4 30 11 10 8 1 32 7 21 17 3 25 9 6 29 2 28 12 19 27 31 20 23 3.03274
0 13 14 26 16 15 24 22 5 18 33 4 30 11 10 8 1 32 7 21 17 3 25 9 6 29 2 28 12 19 27 31 20 23 3.03274
0 13 14 26 16 15 24 22 5 18 33 4 30 11 10 8 1 32 7 21 17 3 25 9 6 29 2 28 12 19 27 31 20 23 3.03274
0 13 14 26 16 15 24 22 5 18 33 4 30 11 10 8 1 32 7 21 17 3 25 9 6 29 2 28 12 19 27 31 20 23 3.03274
0 13 14 26 16 15 24 22 5 18 33 4 30 11 10 8 1 32 7 21 17 3 25 9 6 29 2 28 12 19 27 31 20 23 3.03274
0 13 14 26 16 15 24 22 5 18 33 4 30 11 10 8 1 32 7 21 17 3 25 9 6 29 2 28 12 19 27 31 20 23 3.03274
0 13 14 26 16 15 24 22 5 18 33 4 30 11 10 8 1 32 7 21 17 3 25 9 6 29 2 28 12 19 27 31 20 23 3.03274
0 13 14 26 16 15 24 22 5 18 33 4 30 11 10 8 1 32 7 21 17 3 25 9 6 29 2 28 12 19 27 31 20 23 3.03274
0 13 14 26 16 15 24 22 5 18 33 4 30 11 10 8 1 32 7 21 17 3 25 9 6 29 2 28 12 19 27 31 20 23 3.03274
0 13 14 26 16 15 24 22 5 18 33 4 30 11 10 8 1 32 7 21 17 3 25 9 6 29 2 28 12 19 27 31 20 23 3.03274
0 13 14 26 16 15 24 22 5 18 33 4 30 11 10 8 1 32 7 21 17 3 25 9 6 29 2 28 12 19 27 31 20 23 3.03274
0 13 14 26 16 15 24 22 5 18 33 4 30 11 10 8 1 32 7 21 17 3 25 9 6 29 2 28 12 19 27 31 20 23 3.03274
0 13 14 26 16 15 24 22 5 18 33 4 30 11 10 8 1 32 7 21 17 3 25 9 6 29 2 28 12 19 27 31 20 23 3.03274
0 13 14 26 16 15 24 22 5 18 33 4 30 11 10 8 1 32 7 21 17 3 25 9 6 29 2 28 12 19 27 31 20 23 3.03274
0 13 14 26 16 15 24 22 5 18 33 4 30 11 10 8 1 32 7 21 17 3 25 9 6 29 2 28 12 19 27 31 20 23 3.03274
0 13 14 26 16 15 24 22 5 18 33 4 30 11 10 8 1 32 7 21 17 3 25 9 6 29 2 28 12 19 27 31 20 23 3.03274
0 13 14 26 16 15 24 22 5 18 33 4 30 11 10 8 1 32 7 21 17 3 25 9 6 29 2 28 12 19 27 31 20 23 3.03274
0 13 14 26 16 15 24 22 5 18 33 4 30 11 10 8 1 32 7 21 17 3 25 9 6 29 2 28 12 19 27 31 20 23 3.03274
0 13 14 26 16 15 24 22 5 18 33 4 30 11 10 8 1 32 7 21 17 3 25 9 6 29 2 28 12 19 27 31 20 23 3.03274
0 13 14 26 16 15 24 22 5 18 33 4 30 11 10 8 1 32 7 21 17 3 25 9 6 29 2 28 12 19 27 31 20 23 3.03274
0 13 14 26 16 15 24 22 5 18 33 4 30 11 10 8 1 32 7 21 17 3 25 9 6 29 2 28 12 19 27 31 20 23 3.03274
0 13 14 26 16 15 24 22 5 18 33 4 30 11 10 8 1 32 7 21 17 3 25 9 6 29 2 28 12 19 27 31 20 23 3.03274
0 13 14 26 16 15 24 22 5 18 33 4 30 11 10 8 1 32 7 21 17 3 25 9 6 29 2 28 12 19 27 31 20 23 3.03274
0 13 14 26 16 15 24 22 5 18 33 4 30 11 10 8 1 32 7 21 17 3 25 9 6 29 2 28 12 19 27 31 20 23 3.03274
0 13 14 26 16 15 24 22 5 18 33 4 30 11 10 8 1 32 7 21 17 3 25 9 6 29 2 28 12 19 27 31 20 23 3.03274
0 13 14 26 16 15 24 22 5 18 33 4 30 11 10 8 1 32 7 21 17 3 25 9 6 29 2 28 12 19 27 31 20 23 3.03274
0 13 14 26 16 15 24 22 5 18 33 4 30 11 10 8 1 32 7 21 17 3 25 9 6 29 2 28 12 19 27 31 20 23 3.03274
0 13 14 26 16 15 24 22 5 18 33 4 30 11 10 8 1 32 7 21 17 3 25 9 6 29 2 28 12 19 27 31 20 23 3.03274
0 13 14 26 16 15 24 22 5 18 33 4 30 11 10 8 1 32 7 21 17 3 25 9 6 29 2 28 12 19 27 31 20 23 3.03274
0 13 14 26 16 15 24 22 5 18 33 4 30 11 10 8 1 32 7 21 17 3 25 9 6 29 2 28 12 19 27 31 20 23 3.03274
0 13 14 26 16 15 24 22 5 18 33 4 30 11 10 8 1 32 7 21 17 3 25 9 6 29 2 28 12 19 27 31 20 23 3.03274
0 13 14 26 16 15 24 22 5 18 33 4 30 11 10 8 1 32 7 21 17 3 25 9 6 29 2 28 12 19 27 31 20 23 3.03274
0 13 14 26 16 15 24 22 5 18 33 4 30 11 10 8 1 32 7 21 17 3 25 9 6 29 2 28 12 19 27 31 20 23 3.03274
0 13 14 26 16 15 24 22 5 18 33 4 30 11 10 8 1 32 7 21 17 3 25 9 6 29 2 28 12 19 27 31 20 23 3.03274
0 13 14 26 16 15 24 22 5 18 33 4 30 11 10 8 1 32 7 21 17 3 25 9 6 29 2 28 12 19 27 31 20 23 3.03274
0 13 14 26 16 15 24 22 5 18 33 4 30 11 10 8 1 32 7 21 17 3 25 9 6 29 2 28 12 19 27 31 20 23 3.03274
0 13 14 26 16 15 24 22 5 18 33 4 30 11 10 8 1 32 7 21 17 3 25 9 6 29 2 28 12 19 27 31 20 23 3.03274
0 13 14 26 16 15 24 22 5 18 33 4 30 11 10 8 1 32 7 21 17 3 25 9 6 29 2 28 12 19 27 31 20 23 3.03274
0 13 14 26 16 15 24 22 5 18 33 4 30 11 10 8 1 32 7 21 17 3 25 9 6 29 2 28 12 19 27 31 20 23 3.03274
0 13 14 26 16 15 24 22 5 18 33 4 30 11 10 8 1 32 7 21 17 3 25 9 6 29 2 28 12 19 27 31 20 23 3.03274
0 13 14 26 16 15 24 22 5 18 33 4 30 11 10 8 1 32 7 21 17 3 25 9 6 29 2 28 12 19 27 31 20 23 3.03274
0 13 14 26 16 15 24 22 5 18 33 4 30 11 10 8 1 32 7 21 17 3 25 9 6 29 2 28 12 19 27 31 20 23 3.03274
0 13 14 26 16 15 24 22 5 18 33 4 30 11 10 8 1 32 7 21 17 3 25 9 6 29 2 28 12 19 27 31 20 23 3.03274
0 13 14 26 16 15 24 22 5 18 33 4 30 11 10 8 1 32 7 21 17 3 25 9 6 29 2 28 12 19 27 31 20 23 3.03274
0 13 14 26 16 15 24 22 5 18 33 4 30 11 10 8 1 32 7 21 17 3 25 9 6 29 2 28 12 19 27 31 20 23 3.03274
0 13 14 26 16 15 24 22 5 18 33 4 30 11 10 8 1 32 7 21 17 3 25 9 6 29 2 28 12 19 27 31 20 23 3.03274
0 13 14 26 16 15 24 22 5 18 33 4 30 11 10 8 1 32 7 21 17 3 25 9 6 29 2 28 12 19 27 31 20 23 3.03274
0 13 14 26 16 15 24 22 5 18 33 4 30 11 10 8 1 32 7 21 17 3 25 9 6 29 2 28 12 19 27 31 20 23 3.03274
0 13 14 26 16 15 24 22 5 18 33 4 30 11 10 8 1 32 7 21 17 3 25 9 6 29 2 28 12 19 27 31 20 23 3.03274
0 13 14 26 16 15 24 22 5 18 33 4 30 11 10 8 1 32 7 21 17 3 25 9 6 29 2 28 12 19 27 31 20 23 3.03274
0 13 14 26 16 15 24 22 5 18 33 4 30 11 10 8 1 32 7 21 17 3 25 9 6 29 2 28 12 19 27 31 20 23 3.03274
0 13 14 26 16 15 24 22 5 18 33 4 30 11 10 8 1 32 7 21 17 3 25 9 6 29 2 28 12 19 27 31 20 23 3.03274
0 13 14 26 16 15 24 22 5 18 33 4 30 11 10 8 1 32 7 21 17 3 25 9 6 29 2 28 12 19 27 31 20 23 3.03274
0 13 14 26 16 15 24 22 5 18 33 4 30 11 10 8 1 32 7 21 17 3 25 9 6 29 2 28 12 19 27 31 20 23 3.03274
0 13 14 26 16 15 24 22 5 18 33 4 30 11 10 8 1 32 7 21 17 3 25 9 6 29 2 28 12 19 27 31 20 23 3.03274
0 13 14 26 16 15 24 22 5 18 33 4 30 11 10 8 1 32 7 21 17 3 25 9 6 29 2 28 12 19 27 31 20 23 3.03274
0 13 14 26 16 15 24 22 5 18 33 4 30 11 10 8 1 32 7 21 17 3 25 9 6 29 2 28 12 19 27 31 20 23 3.03274
0 13 14 26 16 15 24 22 5 18 33 4 30 11 10 8 1 32 7 21 17 3 25 9 6 29 2 28 12 19 27 31 20 23 3.03274
0 13 14 26 16 15 24 22 5 18 33 4 30 11 10 8 1 32 7 21 17 3 25 9 6 29 2 28 12 19 27 31 20 23 3.03274
0 13 14 26 16 15 24 22 5 18 33 4 30 11 10 8 1 32 7 21 17 3 25 9 6 29 2 28 12 19 27 31 20 23 3.03274
0 13 14 26 16 15 24 22 5 18 33 4 30 11 10 8 1 32 7 21 17 3 25 9 6 29 2 28 12 19 27 31 20 23 3.03274
0 13 14 26 16 15 24 22 5 18 33 4 30 11 10 8 1 32 7 21 17 3 25 9 6 29 2 28 12 19 27 31 20 23 3.03274
0 13 14 26 16 15 24 22 5 18 33 4 30 11 10 8 1 32 7 21 17 3 25 9 6 29 2 28 12 19 27 31 20 23 3.03274
0 13 14 26 16 15 24 22 5 18 33 4 30 11 10 8 1 32 7 21 17 3 25 9 6 29 2 28 12 19 27 31 20 23 3.03274
0 13 14 26 16 15 24 22 5 18 33 4 30 11 10 8 1 32 7 21 17 3 25 9 6 29 2 28 12 19 27 31 20 23 3.03274
0 13 14 26 16 15 24 22 5 18 33 4 30 11 10 8 1 32 7 21 17 3 25 9 6 29 2 28 12 19 27 31 20 23 3.03274
0 13 14 26 16 15 24 22 5 18 33 4 30 11 10 8 1 32 7 21 17 3 25 9 6 29 2 28 12 19 27 31 20 23 3.03274
0 13 14 26 16 15 24 22 5 18 33 4 30 11 10 8 1 32 7 21 17 3 25 9 6 29 2 28 12 19 27 31 20 23 3.03274
0 13 14 26 16 15 24 22 5 18 33 4 30 11 10 8 1 32 7 21 17 3 25 9 6 29 2 28 12 19 27 31 20 23 3.03274
0 13 14 26 16 15 24 22 5 18 33 4 30 11 10 8 1 32 7 21 17 3 25 9 6 29 2 28 12 19 27 31 20 23 3.03274
0 13 14 26 16 15 24 22 5 18 33 4 30 11 10 8 1 32 7 21 17 3 25 9 6 29 2 28 12 19 27 31 20 23 3.03274
0 13 14 26 16 15 24 22 5 18 33 4 30 11 10 8 1 32 7 21 17 3 25 9 6 29 2 28 12 19 27 31 20 23 3.03274
0 13 14 26 16 15 24 22 5 18 33 4 30 11 10 8 1 32 7 21 17 3 25 9 6 29 2 28 12 19 27 31 20 23 3.03274
0 13 14 26 16 15 24 22 5 18 33 4 30 11 10 8 1 32 7 21 17 3 25 9 6 29 2 28 12 19 27 31 20 23 3.03274
0 13 14 26 16 15 24 22 5 18 33 4 30 11 10 8 1 32 7 21 17 3 25 9 6 29 2 28 12 19 27 31 20 23 3.03274
0 13 14 26 16 15 24 22 5 18 33 4 30 11 10 8 1 32 7 21 17 3 25 9 6 29 2 28 12 19 27 31 20 23 3.03274
0 13 14 26 16 15 24 22 5 18 33 4 30 11 10 8 1 32 7 21 17 3 25 9 6 29 2 28 12 19 27 31 20 23 3.03274
0 13 14 26 16 15 24 22 5 18 33 4 30 11 10 8 1 32 7 21 17 3 25 9 6 29 2 28 12 19 27 31 20 23 3.03274
0 13 14 26 16 15 24 22 5 18 33 4 30 11 10 8 1 32 7 21 17 3 25 9 6 29 2 28 12 19 27 31 20 23 3.03274
0 13 14 26 16 15 24 22 5 18 33 4 30 11 10 8 1 32 7 21 17 3 25 9 6 29 2 28 12 19 27 31 20 23 3.03274
0 13 14 26 16 15 24 22 5 18 33 4 30 11 10 8 1 32 7 21 17 3 25 9 6 29 2 28 12 19 27 31 20 23 3.03274
0 13 14 26 16 15 24 22 5 18 33 4 30 11 10 8 1 32 7 21 17 3 25 9 6 29 2 28 12 19 27 31 20 23 3.03274
0 13 14 26 16 15 24 22 5 18 33 4 30 11 10 8 1 32 7 21 17 3 25 9 6 29 2 28 12 19 27 31 20 23 3.03274
0 13 14 26 16 15 24 22 5 18 33 4 30 11 10 8 1 32 7 21 17 3 25 9 6 29 2 28 12 19 27 31 20 23 3.03274
0 13 14 26 16 15 24 22 5 18 33 4 30 11 10 8 1 32 7 21 17 3 25 9 6 29 2 28 12 19 27 31 20 23 3.03274
0 13 14 26 16 15 24 22 5 18 33 4 30 11 10 8 1 32 7 21 17 3 25 9 6 29 2 28 12 19 27 31 20 23 3.03274
0 13 14 26 16 15 24 22 5 18 33 4 30 11 10 8 1 32 7 21 17 3 25 9 6 29 2 28 12 19 27 31 20 23 3.03274
0 13 14 26 16 15 24 22 5 18 33 4 30 11 10 8 1 32 7 21 17 3 25 9 6 29 2 28 12 19 27 31 20 23 3.03274
0 13 14 26 16 15 24 22 5 18 33 4 30 11 10 8 1 32 7 21 17 3 25 9 6 29 2 28 12 19 27 31 20 23 3.03274
0 13 14 26 16 15 24 22 5 18 33 4 30 11 10 8 1 32 7 21 17 3 25 9 6 29 2 28 12 19 27 31 20 23 3.03274
0 13 14 26 16 15 24 22 5 18 33 4 30 11 10 8 1 32 7 21 17 3 25 9 6 29 2 28 12 19 27 31 20 23 3.03274
0 13 14 26 16 15 24 22 5 18 33 4 30 11 10 8 1 32 7 21 17 3 25 9 6 29 2 28 12 19 27 31 20 23 3.03274
0 13 14 26 16 15 24 22 5 18 33 4 30 11 10 8 1 32 7 21 17 3 25 9 6 29 2 28 12 19 27 31 20 23 3.03274
0 13 14 26 16 15 24 22 5 18 33 4 30 11 10 8 1 32 7 21 17 3 25 9 6 29 2 28 12 19 27 31 20 23 3.03274
0 13 14 26 16 15 24 22 5 18 33 4 30 11 10 8 1 32 7 21 17 3 25 9 6 29 2 28 12 19 27 31 20 23 3.03274
0 13 14 26 16 15 24 22 5 18 33 4 30 11 10 8 1 32 7 21 17 3 25 9 6 29 2 28 12 19 27 31 20 23 3.03274
0 13 14 26 16 15 24 22 5 18 33 4 30 11 10 8 1 32 7 21 17 3 25 9 6 29 2 28 12 19 27 31 20 23 3.03274
0 13 14 26 16 15 24 22 5 18 33 4 30 11 10 8 1 32 7 21 17 3 25 9 6 29 2 28 12 19 27 31 20 23 3.03274
0 13 14 26 16 15 24 22 5 18 33 4 30 11 10 8 1 32 7 21 17 3 25 9 6 29 2 28 12 19 27 31 20 23 3.03274
0 13 14 26 16 15 24 22 5 18 33 4 30 11 10 8 1 32 7 21 17 3 25 9 6 29 2 28 12 19 27 31 20 23 3.03274
0 13 14 26 16 15 24 22 5 18 33 4 30 11 10 8 1 32 7 21 17 3 25 9 6 29 2 28 12 19 27 31 20 23 3.03274
0 13 14 26 16 15 24 22 5 18 33 4 30 11 10 8 1 32 7 21 17 3 25 9 6 29 2 28 12 19 27 31 20 23 3.03274
0 13 14 26 16 15 24 22 5 18 33 4 30 11 10 8 1 32 7 21 17 3 25 9 6 29 2 28 12 19 27 31 20 23 3.03274
0 13 14 26 16 15 24 22 5 18 33 4 30 11 10 8 1 32 7 21 17 3 25 9 6 29 2 28 12 19 27 31 20 23 3.03274
0 13 14 26 16 15 24 22 5 18 33 4 30 11 10 8 1 32 7 21 17 3 25 9 6 29 2 28 12 19 27 31 20 23 3.03274
0 13 14 26 16 15 24 22 5 18 33 4 30 11 10 8 1 32 7 21 17 3 25 9 6 29 2 28 12 19 27 31 20 23 3.03274
0 13 14 26 16 15 24 22 5 18 33 4 30 11 10 8 1 32 7 21 17 3 25 9 6 29 2 28 12 19 27 31 20 23 3.03274
0 13 14 26 16 15 24 22 5 18 33 4 30 11 10 8 1 32 7 21 17 3 25 9 6 29 2 28 12 19 27 31 20 23 3.03274
0 13 14 26 16 15 24 22 5 18 33 4 30 11 10 8 1 32 7 21 17 3 25 9 6 29 2 28 12 19 27 31 20 23 3.03274
0 13 14 26 16 15 24 22 5 18 33 4 30 11 10 8 1 32 7 21 17 3 25 9 6 29 2 28 12 19 27 31 20 23 3.03274
0 13 14 26 16 15 24 22 5 18 33 4 30 11 10 8 1 32 7 21 17 3 25 9 6 29 2 28 12 19 27 31 20 23 3.03274
0 13 14 26 16 15 24 22 5 18 33 4 30 11 10 8 1 32 7 21 17 3 25 9 6 29 2 28 12 19 27 31 20 23 3.03274
0 13 14 26 16 15 24 22 5 18 33 4 30 11 10 8 1 32 7 21 17 3 25 9 6 29 2 28 12 19 27 31 20 23 3.03274
0 13 14 26 16 15 24 22 5 18 33 4 30 11 10 8 1 32 7 21 17 3 25 9 6 29 2 28 12 19 27 31 20 23 3.03274
0 13 14 26 16 15 24 22 5 18 33 4 30 11 10 8 1 32 7 21 17 3 25 9 6 29 2 28 12 19 27 31 20 23 3.03274
0 13 14 26 16 15 24 22 5 18 33 4 30 11 10 8 1 32 7 21 17 3 25 9 6 29 2 28 12 19 27 31 20 23 3.03274
0 13 14 26 16 15 24 22 5 18 33 4 30 11 10 8 1 32 7 21 17 3 25 9 6 29 2 28 12 19 27 31 20 23 3.03274
0 13 14 26 16 15 24 22 5 18 33 4 30 11 10 8 1 32 7 21 17 3 25 9 6 29 2 28 12 19 27 31 20 23 3.03274
0 13 14 26 16 15 24 22 5 18 33 4 30 11 10 8 1 32 7 21 17 3 25 9 6 29 2 28 12 19 27 31 20 23 3.03274
0 13 14 26 16 15 24 22 5 18 33 4 30 11 10 8 1 32 7 21 17 3 25 9 6 29 2 28 12 19 27 31 20 23 3.03274
0 13 14 26 16 15 24 22 5 18 33 4 30 11 10 8 1 32 7 21 17 3 25 9 6 29 2 28 12 19 27 31 20 23 3.03274
0 13 14 26 16 15 24 22 5 18 33 4 30 11 10 8 1 32 7 21 17 3 25 9 6 29 2 28 12 19 27 31 20 23 3.03274
0 13 14 26 16 15 24 22 5 18 33 4 30 11 10 8 1 32 7 21 17 3 25 9 6 29 2 28 12 19 27 31 20 23 3.03274
0 13 14 26 16 15 24 22 5 18 33 4 30 11 10 8 1 32 7 21 17 3 25 9 6 29 2 28 12 19 27 31 20 23 3.03274
0 13 14 26 16 15 24 22 5 18 33 4 30 11 10 8 1 32 7 21 17 3 25 9 6 29 2 28 12 19 27 31 20 23 3.03274
0 13 14 26 16 15 24 22 5 18 33 4 30 11 10 8 1 32 7 21 17 3 25 9 6 29 2 28 12 19 27 31 20 23 3.03274
0 13 14 26 16 15 24 22 5 18 33 4 30 11 10 8 1 32 7 21 17 3 25 9 6 29 2 28 12 19 27 31 20 23 3.03274
0 13 14 26 16 15 24 22 5 18 33 4 30 11 10 8 1 32 7 21 17 3 25 9 6 29 2 28 12 19 27 31 20 23 3.03274
0 13 14 26 16 15 24 22 5 18 33 4 30 11 10 8 1 32 7 21 17 3 25 9 6 29 2 28 12 19 27 31 20 23 3.03274
0 13 14 26 16 15 24 22 5 18 33 4 30 11 10 8 1 32 7 21 17 3 25 9 6 29 2 28 12 19 27 31 20 23 3.03274
0 13 14 26 16 15 24 22 5 18 33 4 30 11 10 8 1 32 7 21 17 3 25 9 6 29 2 28 12 19 27 31 20 23 3.03274
0 13 14 26 16 15 24 22 5 18 33 4 30 11 10 8 1 32 7 21 17 3 25 9 6 29 2 28 12 19 27 31 20 23 3.03274
0 13 14 26 16 15 24 22 5 18 33 4 30 11 10 8 1 32 7 21 17 3 25 9 6 29 2 28 12 19 27 31 20 23 3.03274
0 13 14 26 16 15 24 22 5 18 33 4 30 11 10 8 1 32 7 21 17 3 25 9 6 29 2 28 12 19 27 31 20 23 3.03274
0 13 14 26 16 15 24 22 5 18 33 4 30 11 10 8 1 32 7 21 17 3 25 9 6 29 2 28 12 19 27 31 20 23 3.03274
0 13 14 26 16 15 24 22 5 18 33 4 30 11 10 8 1 32 7 21 17 3 25 9 6 29 2 28 12 19 27 31 20 23 3.03274
0 13 14 26 16 15 24 22 5 18 33 4 30 11 10 8 1 32 7 21 17 3 25 9 6 29 2 28 12 19 27 31 20 23 3.03274
0 13 14 26 16 15 24 22 5 18 33 4 30 11 10 8 1 32 7 21 17 3 25 9 6 29 2 28 12 19 27 31 20 23 3.03274
0 13 14 26 16 15 24 22 5 18 33 4 30 11 10 8 1 32 7 21 17 3 25 9 6 29 2 28 12 19 27 31 20 23 3.03274
0 13 14 26 16 15 24 22 5 18 33 4 30 11 10 8 1 32 7 21 17 3 25 9 6 29 2 28 12 19 27 31 20 23 3.03274
0 13 14 26 16 15 24 22 5 18 33 4 30 11 10 8 1 32 7 21 17 3 25 9 6 29 2 28 12 19 27 31 20 23 3.03274
0 13 14 26 16 15 24 22 5 18 33 4 30 11 10 8 1 32 7 21 17 3 25 9 6 29 2 28 12 19 27 31 20 23 3.03274
0 13 14 26 16 15 24 22 5 18 33 4 30 11 10 8 1 32 7 21 17 3 25 9 6 29 2 28 12 19 27 31 20 23 3.03274
0 13 14 26 16 15 24 22 5 18 33 4 30 11 10 8 1 32 7 21 17 3 25 9 6 29 2 28 12 19 27 31 20 23 3.03274
0 13 14 26 16 15 24 22 5 18 33 4 30 11 10 8 1 32 7 21 17 3 25 9 6 29 2 28 12 19 27 31 20 23 3.03274
0 13 14 26 16 15 24 22 5 18 33 4 30 11 10 8 1 32 7 21 17 3 25 9 6 29 2 28 12 19 27 31 20 23 3.03274
0 13 14 26 16 15 24 22 5 18 33 4 30 11 10 8 1 32 7 21 17 3 25 9 6 29 2 28 12 19 27 31 20 23 3.03274
0 13 14 26 16 15 24 22 5 18 33 4 30 11 10 8 1 32 7 21 17 3 25 9 6 29 2 28 12 19 27 31 20 23 3.03274
0 13 14 26 16 15 24 22 5 18 33 4 30 11 10 8 1 32 7 21 17 3 25 9 6 29 2 28 12 19 27 31 20 23 3.03274
0 13 14 26 16 15 24 22 5 18 33 4 30 11 10 8 1 32 7 21 17 3 25 9 6 29 2 28 12 19 27 31 20 23 3.03274
0 13 14 26 16 15 24 22 5 18 33 4 30 11 10 8 1 32 7 21 17 3 25 9 6 29 2 28 12 19 27 31 20 23 3.03274
0 13 14 26 16 15 24 22 5 18 33 4 30 11 10 8 1 32 7 21 17 3 25 9 6 29 2 28 12 19 27 31 20 23 3.03274
0 13 14 26 16 15 24 22 5 18 33 4 30 11 10 8 1 32 7 21 17 3 25 9 6 29 2 28 12 19 27 31 20 23 3.03274
0 13 14 26 16 15 24 22 5 18 33 4 30 11 10 8 1 32 7 21 17 3 25 9 6 29 2 28 12 19 27 31 20 23 3.03274
0 13 14 26 16 15 24 22 5 18 33 4 30 11 10 8 1 32 7 21 17 3 25 9 6 29 2 28 12 19 27 31 20 23 3.03274
0 13 14 26 16 15 24 22 5 18 33 4 30 11 10 8 1 32 7 21 17 3 25 9 6 29 2 28 12 19 27 31 20 23 3.03274
0 13 14 26 16 15 24 22 5 18 33 4 30 11 10 8 1 32 7 21 17 3 25 9 6 29 2 28 12 19 27 31 20 23 3.03274
0 13 14 26 16 15 24 22 5 18 33 4 30 11 10 8 1 32 7 21 17 3 25 9 6 29 2 28 12 19 27 31 20 23 3.03274
0 13 14 26 16 15 24 22 5 18 33 4 30 11 10 8 1 32 7 21 17 3 25 9 6 29 2 28 12 19 27 31 20 23 3.03274
0 13 14 26 16 15 24 22 5 18 33 4 30 11 10 8 1 32 7 21 17 3 25 9 6 29 2 28 12 19 27 31 20 23 3.03274
0 13 14 26 16 15 24 22 5 18 33 4 30 11 10 8 1 32 7 21 17 3 25 9 6 29 2 28 12 19 27 31 20 23 3.03274
0 13 14 26 16 15 24 22 5 18 33 4 30 11 10 8 1 32 7 21 17 3 25 9 6 29 2 28 12 19 27 31 20 23 3.03274
0 13 14 26 16 15 24 22 5 18 33 4 30 11 10 8 1 32 7 21 17 3 25 9 6 29 2 28 12 19 27 31 20 23 3.03274
0 13 14 26 16 15 24 22 5 18 33 4 30 11 10 8 1 32 7 21 17 3 25 9 6 29 2 28 12 19 27 31 20 23 3.03274
0 13 14 26 16 15 24 22 5 18 33 4 30 11 10 8 1 32 7 21 17 3 25 9 6 29 2 28 12 19 27 31 20 23 3.03274
0 13 14 26 16 15 24 22 5 18 33 4 30 11 10 8 1 32 7 21 17 3 25 9 6 29 2 28 12 19 27 31 20 23 3.03274
0 13 14 26 16 15 24 22 5 18 33 4 30 11 10 8 1 32 7 21 17 3 25 9 6 29 2 28 12 19 27 31 20 23 3.03274
0 13 14 26 16 15 24 22 5 18 33 4 30 11 10 8 1 32 7 21 17 3 25 9 6 29 2 28 12 19 27 31 20 23 3.03274
0 13 14 26 16 15 24 22 5 18 33 4 30 11 10 8 1 32 7 21 17 3 25 9 6 29 2 28 12 19 27 31 20 23 3.03274
0 13 14 26 16 15 24 22 5 18 33 4 30 11 10 8 1 32 7 21 17 3 25 9 6 29 2 28 12 19 27 31 20 23 3.03274
0 13 14 26 16 15 24 22 5 18 33 4 30 11 10 8 1 32 7 21 17 3 25 9 6 29 2 28 12 19 27 31 20 23 3.03274
0 13 14 26 16 15 24 22 5 18 33 4 30 11 10 8 1 32 7 21 17 3 25 9 6 29 2 28 12 19 27 31 20 23 3.03274
0 13 14 26 16 15 24 22 5 18 33 4 30 11 10 8 1 32 7 21 17 3 25 9 6 29 2 28 12 19 27 31 20 23 3.03274
0 13 14 26 16 15 24 22 5 18 33 4 30 11 10 8 1 32 7 21 17 3 25 9 6 29 2 28 12 19 27 31 20 23 3.03274
0 13 14 26 16 15 24 22 5 18 33 4 30 11 10 8 1 32 7 21 17 3 25 9 6 29 2 28 12 19 27 31 20 23 3.03274
0 13 14 26 16 15 24 22 5 18 33 4 30 11 10 8 1 32 7 21 17 3 25 9 6 29 2 28 12 19 27 31 20 23 3.03274
0 13 14 26 16 15 24 22 5 18 33 4 30 11 10 8 1 32 7 21 17 3 25 9 6 29 2 28 12 19 27 31 20 23 3.03274
0 13 14 26 16 15 24 22 5 18 33 4 30 11 10 8 1 32 7 21 17 3 25 9 6 29 2 28 12 19 27 31 20 23 3.03274
0 13 14 26 16 15 24 22 5 18 33 4 30 11 10 8 1 32 7 21 17 3 25 9 6 29 2 28 12 19 27 31 20 23 3.03274
0 13 14 26 16 15 24 22 5 18 33 4 30 11 10 8 1 32 7 21 17 3 25 9 6 29 2 28 12 19 27 31 20 23 3.03274
0 13 14 26 16 15 24 22 5 18 33 4 30 11 10 8 1 32 7 21 17 3 25 9 6 29 2 28 12 19 27 31 20 23 3.03274
0 13 14 26 16 15 24 22 5 18 33 4 30 11 10 8 1 32 7 21 17 3 25 9 6 29 2 28 12 19 27 31 20 23 3.03274
0 13 14 26 16 15 24 22 5 18 33 4 30 11 10 8 1 32 7 21 17 3 25 9 6 29 2 28 12 19 27 31 20 23 3.03274
0 13 14 26 16 15 24 22 5 18 33 4 30 11 10 8 1 32 7 21 17 3 25 9 6 29 2 28 12 19 27 31 20 23 3.03274
0 13 14 26 16 15 24 22 5 18 33 4 30 11 10 8 1 32 7 21 17 3 25 9 6 29 2 28 12 19 27 31 20 23 3.03274
0 23 20 31 27 19 12 28 2 29 6 9 25 3 17 21 7 32 1 8 10 11 30 4 33 18 5 22 24 15 16 26 14 13 3.03274
0 13 14 26 16 15 24 22 5 18 33 4 30 11 10 8 1 32 7 21 17 3 25 9 6 29 2 28 12 27 31 19 20 23 3.04091
0 13 14 26 16 15 24 22 5 18 33 4 30 11 10 8 1 32 7 21 17 3 25 9 6 29 2 28 19 12 27 31 20 23 3.0523
0 13 14 26 16 15 24 22 5 18 33 4 30 11 10 8 1 32 7 21 17 3 25 9 6 29 2 28 19 12 27 31 20 23 3.0523
0 13 14 26 16 15 24 22 18 5 33 4 30 11 10 8 1 32 7 21 17 3 25 9 6 29 2 28 12 19 27 31 20 23 3.12693
0 13 14 26 16 15 24 22 5 18 33 4 30 8 10 11 1 32 7 21 17 3 25 9 6 29 2 28 12 19 27 31 20 23 3.23648
0 13 14 26 16 15 24 22 5 18 33 4 30 11 10 1 32 8 7 21 17 3 25 9 6 29 2 28 12 19 27 31 20 23 3.24011
0 13 14 26 16 15 24 22 5 18 33 30 4 11 10 8 1 32 7 21 17 3 25 9 6 29 2 28 12 19 27 31 20 23 3.25592
0 13 14 26 16 22 15 24 5 18 33 4 30 11 10 8 1 32 7 21 17 3 25 9 6 29 2 28 12 19 27 31 20 23 3.28028
0 13 14 26 16 22 15 24 5 18 33 4 30 11 10 8 1 32 7 21 17 3 25 9 6 29 2 28 12 19 27 31 20 23 3.28028
0 13 14 26 16 22 15 24 5 18 33 4 30 11 10 8 1 32 7 21 17 3 25 9 6 29 2 28 12 19 27 31 20 23 3.28028
0 13 14 26 16 15 5 22 24 18 33 4 30 11 10 8 1 32 7 21 17 3 25 9 6 29 2 28 12 19 27 31 20 23 3.30164
0 13 14 26 16 15 18 5 22 24 33 4 30 11 10 8 1 32 7 21 17 3 25 9 6 29 2 28 12 19 27 31 20 23 3.33352
0 13 20 31 27 19 12 28 2 29 6 9 25 3 17 21 7 32 1 8 10 11 30 4 33 18 5 22 24 15 16 26 14 23 3.33461
0 13 14 26 16 5 22 24 15 18 33 4 30 11 10 8 1 32 7 21 17 3 25 9 6 29 2 28 12 19 27 31 20 23 3.34033
0 13 14 26 16 15 24 22 5 18 33 4 30 11 10 8 1 32 7 21 3 17 25 9 6 29 2 28 12 19 27 31 20 23 3.34352
0 13 14 26 16 15 24 22 5 18 4 30 11 10 33 8 1 32 7 21 17 3 25 9 6 29 2 28 12 19 27 31 20 23 3.37109
0 13 14 26 16 15 24 22 5 18 33 30 11 10 4 8 1 32 7 21 17 3 25 9 6 29 2 28 12 19 27 31 20 23 3.37228
0 13 14 26 16 15 24 22 5 1 32 18 33 4 30 11 10 8 7 21 17 3 25 9 6 29 2 28 12 19 27 31 20 23 3.38439
0 13 14 26 16 15 24 22 5 18 32 1 8 10 11 30 4 33 7 21 17 3 25 9 6 29 2 28 12 19 27 31 20 23 3.41129
0 13 14 26 16 15 24 22 5 18 33 4 30 11 10 8 1 32 7 21 17 3 25 9 6 29 2 28 12 19 27 31 23 20 3.41924
0 13 14 26 16 30 4 33 18 5 22 24 15 11 10 8 1 32 7 21 17 3 25 9 6 29 2 28 12 19 27 31 20 23 3.43481
0 13 14 26 16 15 24 22 5 18 33 4 30 1 32 11 10 8 7 21 17 3 25 9 6 29 2 28 12 19 27 31 20 23 3.43663
0 13 14 26 16 15 24 33 22 5 18 4 30 11 10 8 1 32 7 21 17 3 25 9 6 29 2 28 12 19 27 31 20 23 3.44534
0 13 14 26 16 15 24 22 5 18 25 9 33 4 30 11 10 8 1 32 7 21 17 3 6 29 2 28 12 19 27 31 20 23 3.49975
0 13 14 26 16 15 24 22 5 18 33 4 30 11 10 8 1 32 7 21 17 3 25 9 6 29 28 2 12 19 27 31 20 23 3.52318
0 13 14 26 16 15 24 22 5 18 33 4 30 11 10 8 1 32 7 21 17 3 25 9 6 29 28 2 12 19 27 31 20 23 3.52318
0 13 14 26 16 15 24 22 5 3 17 21 7 32 1 30 11 10 8 4 33 18 25 9 6 29 2 28 12 19 27 31 20 23 3.52932
0 13 14 26 16 15 24 22 5 3 17 21 7 32 1 30 11 10 8 4 33 18 25 9 6 29 2 28 12 19 27 31 20 23 3.52932
0 13 14 26 16 15 24 22 5 18 33 4 30 11 10 8 1 32 7 21 9 25 3 17 6 29 2 28 12 19 27 31 20 23 3.54889
0 13 14 26 16 15 24 22 5 18 33 4 30 11 32 10 8 1 7 21 17 3 25 9 6 29 2 28 12 19 27 31 20 23 3.58862
0 13 14 26 16 15 24 22 5 18 33 4 30 11 10 8 1 32 7 21 17 6 9 25 3 29 2 28 12 19 27 31 20 23 3.60475
0 13 14 26 18 5 22 24 15 16 33 4 30 11 10 8 1 32 7 21 17 3 25 9 6 29 2 28 12 19 27 31 20 23 3.62403
0 13 14 26 16 15 24 22 18 5 33 4 30 11 10 8 1 32 7 17 21 3 25 9 6 29 2 28 12 19 27 31 20 23 3.63295
0 13 14 30 4 33 18 5 22 24 15 16 26 11 10 8 1 32 7 21 17 3 25 9 6 29 2 28 12 19 27 31 20 23 3.6417
0 13 14 26 10 11 30 4 33 18 5 22 24 15 16 8 1 32 7 21 17 3 25 9 6 29 2 28 12 19 27 31 20 23 3.6442
0 13 14 26 16 15 24 22 18 33 4 30 11 10 8 1 32 5 7 21 17 3 25 9 6 29 2 28 12 19 27 31 20 23 3.65274
0 13 26 14 16 15 24 22 5 18 33 4 30 11 10 8 1 32 7 21 17 3 25 9 6 29 2 28 12 19 27 31 20 23 3.67052
0 13 14 26 16 15 24 22 17 21 7 32 1 8 10 11 30 4 33 18 5 3 25 9 6 29 2 28 12 19 27 31 20 23 3.72002
0 13 14 26 16 15 24 22 5 18 33 4 30 11 7 32 1 8 10 21 17 3 25 9 6 29 2 28 12 19 27 31 20 23 3.73749
0 13 14 26 16 15 24 22 5 18 33 3 17 21 7 32 1 8 10 11 30 4 25 9 6 29 2 28 12 19 27 31 20 23 3.74491
0 13 14 26 16 15 24 22 9 6 29 5 18 33 4 30 11 10 8 1 32 7 21 17 3 25 2 28 12 19 27 31 20 23 3.84287
0 13 14 26 16 15 24 22 5 18 33 4 30 11 10 8 1 32 7 21 17 3 25 9 6 29 2 27 19 12 28 31 20 23 3.85732
0 13 14 26 16 15 8 1 24 22 5 18 33 4 30 11 10 32 7 21 17 3 25 9 6 29 2 28 12 19 27 31 20 23 3.9139
0 13 14 26 16 15 24 22 30 5 18 33 4 11 10 8 1 32 7 21 17 3 25 9 6 29 2 28 12 19 27 31 20 23 3.94601
0 13 14 26 16 9 25 3 17 21 7 32 1 8 10 11 30 4 33 15 24 22 5 18 6 29 2 28 12 19 27 31 20 23 3.97077
0 13 14 26 16 6 9 15 24 22 5 18 33 4 30 11 10 8 1 32 7 21 17 3 25 29 2 28 12 19 27 31 20 23 3.99582
0 13 14 26 16 15 24 22 2 29 6 9 25 3 17 21 7 32 1 8 10 11 30 4 33 18 5 28 12 19 27 31 20 23 4.01875
0 13 14 26 16 15 24 32 7 21 17 3 25 22 5 18 33 4 30 11 10 8 1 9 6 29 2 28 12 19 27 31 20 23 4.03836
0 13 14 26 16 15 24 22 5 18 33 3 25 9 4 30 11 10 8 1 32 7 21 17 6 29 2 28 12 19 27 31 20 23 4.05874
0 13 14 26 16 6 15 24 22 5 18 33 4 30 11 10 8 1 32 7 21 17 3 25 9 29 2 28 12 19 27 31 20 23 4.08661
0 13 14 26 16 15 11 10 8 1 24 22 5 18 33 4 30 32 7 21 17 3 25 9 6 29 2 28 12 19 27 31 20 23 4.08935
0 13 14 26 16 15 10 11 30 4 33 18 5 22 24 8 1 32 7 21 17 3 25 9 6 29 2 28 12 19 27 31 20 23 4.09109
0 13 14 26 16 15 24 22 33 4 30 11 5 18 10 8 1 32 7 21 17 3 25 9 6 29 2 28 12 19 27 31 20 23 4.10583
0 13 14 26 16 6 9 25 3 17 21 7 32 1 8 10 11 30 4 33 18 5 22 24 15 29 2 28 12 19 27 31 20 23 4.11654
0 13 14 26 30 11 10 8 1 32 7 21 17 3 25 9 6 29 2 28 12 19 27 31 24 22 5 18 33 4 16 15 20 23 4.13009
0 13 14 26 30 11 10 8 1 32 7 21 17 3 25 16 15 24 22 5 18 33 4 9 6 29 2 28 12 19 27 31 20 23 4.15548
0 13 14 26 10 8 1 32 16 15 24 22 5 18 33 4 30 11 7 21 17 3 25 9 6 29 2 28 12 19 27 31 20 23 4.24733
0 13 14 26 16 15 24 22 5 18 11 10 8 1 32 7 21 33 4 30 17 3 25 9 6 29 2 28 12 19 27 31 20 23 4.26687
0 13 14 26 16 15 24 22 9 6 29 5 8 18 33 4 30 11 10 1 32 7 21 17 3 25 2 28 12 19 27 31 20 23 4.27359
0 13 14 26 16 15 24 22 5 18 33 4 30 11 10 8 1 32 7 21 17 3 2 25 9 6 29 28 19 12 27 31 20 23 4.28445
0 13 14 26 16 15 24 22 5 18 33 4 30 11 10 8 1 32 7 21 17 3 25 9 6 29 12 28 2 19 27 31 20 23 4.28552
0 13 14 24 15 26 16 22 5 18 33 4 30 11 10 8 1 32 7 21 17 3 25 9 6 29 2 28 12 19 27 31 20 23 4.29296
0 13 14 26 16 15 24 22 5 18 33 32 7 21 17 25 4 30 11 10 8 1 3 9 6 29 2 28 12 19 27 31 20 23 4.30256
0 13 14 26 16 15 24 19 12 28 2 29 6 9 25 3 17 21 7 32 1 8 10 11 30 4 33 18 5 22 27 31 20 23 4.31081
0 13 14 26 16 28 2 29 6 9 25 3 17 21 7 32 1 8 10 11 30 4 33 18 5 22 24 15 12 19 27 31 20 23 4.33599
0 13 14 26 16 12 28 2 29 6 9 25 3 17 21 7 32 1 8 10 11 30 4 5 18 33 22 24 15 19 27 31 20 23 4.35366
0 13 14 26 16 15 22 5 18 33 4 30 11 24 10 8 1 32 7 21 17 3 25 9 6 29 2 28 12 19 27 31 20 23 4.35921
0 13 14 26 16 15 24 22 5 18 33 4 30 11 10 8 1 32 25 7 21 17 3 9 6 29 2 28 12 19 27 31 20 23 4.375
0 13 14 24 15 16 26 22 5 18 33 4 30 11 10 8 1 32 7 21 17 3 25 9 6 29 2 28 12 19 27 31 20 23 4.39225
0 13 14 26 27 31 16 15 24 22 5 18 33 4 30 11 10 8 1 32 7 21 17 3 25 9 6 29 2 28 12 19 20 23 4.41064
0 13 14 26 27 31 16 15 24 22 5 18 33 4 30 11 10 8 1 32 7 21 17 3 25 9 6 29 2 28 12 19 20 23 4.41064
0 13 14 26 16 15 24 4 30 11 10 8 1 32 7 21 17 3 25 9 6 29 2 28 22 5 18 33 12 19 27 31 20 23 4.49211
0 13 14 26 16 15 24 22 5 18 33 4 30 11 10 8 1 32 17 21 7 6 9 25 3 29 2 28 12 19 27 31 20 23 4.49538
0 13 14 26 16 29 6 9 25 3 17 21 7 32 1 8 10 11 30 4 33 18 5 24 22 15 2 28 12 19 27 31 20 23 4.54716
0 13 14 26 16 17 3 25 9 21 7 32 1 8 10 11 30 4 33 18 5 22 24 15 6 29 2 28 12 19 27 31 20 23 4.55493
0 13 14 26 16 8 1 32 7 21 15 24 22 5 18 33 4 30 11 10 17 3 25 9 6 29 2 28 12 19 27 31 20 23 4.56273
0 13 14 26 25 3 17 21 33 4 30 11 10 8 1 32 7 18 16 15 24 22 5 9 6 29 2 28 12 19 27 31 20 23 4.61778
0 13 14 26 16 15 24 22 5 18 33 4 30 11 10 8 1 32 7 21 17 3 25 28 9 6 29 2 12 19 27 31 20 23 4.65824
0 13 14 26 25 3 17 7 32 1 21 8 10 11 30 4 33 18 5 22 24 15 16 9 6 29 2 28 12 19 27 31 20 23 4.73625
0 13 14 26 16 15 24 22 5 18 33 4 30 1 32 7 21 17 8 10 11 3 25 9 6 29 2 28 12 19 27 31 20 23 4.76191
0 13 16 15 24 22 5 18 33 4 30 11 10 14 26 8 1 32 7 21 17 3 25 9 6 29 2 28 12 19 27 31 20 23 4.76334
0 13 14 26 16 15 24 22 5 18 33 10 8 1 32 7 21 17 3 25 4 30 11 9 6 29 2 28 12 19 27 31 20 23 4.80506
0 13 14 26 16 11 10 8 1 32 7 21 17 3 25 9 6 29 2 28 15 24 22 5 18 30 4 33 12 19 27 31 20 23 4.91215
0 13 14 26 18 33 4 11 10 8 1 32 7 16 15 24 22 5 30 21 17 3 25 9 6 29 2 28 12 19 27 31 20 23 4.94329
0 13 14 26 16 15 24 22 5 18 33 4 30 11 10 8 1 32 7 6 9 25 3 17 21 29 2 28 12 19 27 31 20 23 4.96218
0 13 14 26 16 15 8 1 32 7 21 17 3 25 9 24 22 5 18 33 4 30 11 10 6 29 2 28 12 19 27 31 20 23 5.06033
0 13 14 26 16 15 24 22 5 18 33 4 30 11 10 8 1 7 21 17 3 25 9 6 32 29 2 28 12 19 27 31 20 23 5.08281
0 13 15 16 26 14 24 22 5 18 33 4 30 11 10 8 1 32 7 21 17 3 25 9 6 29 2 28 12 19 27 31 20 23 5.17984
0 27 31 20 13 14 26 16 15 24 22 5 18 33 4 30 11 10 8 1 32 7 21 17 3 25 9 6 29 2 28 12 19 23 5.27875
0 13 14 26 16 15 2 28 12 19 27 24 22 5 18 33 4 30 11 10 8 1 32 7 21 17 3 25 9 6 29 31 20 23 5.29106
0 13 14 28 2 29 6 9 25 3 17 21 7 32 1 8 10 11 30 4 33 18 5 22 24 15 16 26 12 19 27 31 20 23 5.3641
0 24 22 5 18 33 4 30 11 10 8 1 32 7 21 17 3 25 9 6 29 2 28 12 19 27 31 20 23 15 16 26 14 13 5.36819
0 13 14 26 16 1 32 7 21 17 15 24 22 33 4 30 5 18 11 10 8 3 25 9 6 29 2 28 12 19 27 31 20 23 5.41432
0 13 14 26 16 1 32 7 21 17 15 24 22 33 4 30 5 18 11 10 8 3 25 9 6 29 2 28 12 19 27 31 20 23 5.41432
0 13 14 26 16 15 24 22 5 1 32 7 21 17 3 25 9 6 29 18 33 4 30 11 10 8 2 28 12 19 27 31 20 23 5.41836
0 13 14 26 16 15 32 5 22 33 8 18 4 10 30 24 11 1 7 21 17 3 25 9 6 29 2 28 12 19 27 31 20 23 5.4426
0 13 14 26 16 15 24 22 5 18 33 4 8 1 32 7 21 17 30 11 10 3 25 9 6 29 2 28 12 19 27 31 20 23 5.45371
0 13 14 5 18 33 4 30 11 10 8 22 24 15 16 26 1 32 7 21 17 3 25 9 6 29 2 28 12 19 27 31 20 23 5.45401
0 13 14 4 30 11 10 8 1 32 7 21 17 3 25 9 6 29 2 28 12 19 27 26 16 15 24 22 5 18 33 31 20 23 5.45474
0 13 14 26 16 6 9 15 24 22 5 18 33 4 30 11 10 8 1 32 7 21 17 3 25 29 2 28 19 27 31 20 12 23 5.46504
0 13 14 26 16 15 24 22 1 32 7 21 17 3 25 9 6 29 5 18 33 4 30 11 10 8 2 28 12 19 27 31 20 23 5.46851
0 13 14 26 1 16 15 24 32 7 21 17 22 5 18 33 4 30 11 10 8 3 25 9 6 29 2 28 12 19 27 31 20 23 5.47712
0 13 14 26 16 15 24 22 5 18 33 4 8 10 11 3 30 1 32 7 21 17 25 9 6 29 2 28 12 19 27 31 20 23 5.5949
0 13 14 26 16 15 24 22 5 18 33 4 30 11 10 8 1 32 7 21 17 2 29 6 9 25 3 28 12 19 27 31 20 23 5.59689
0 13 14 26 16 15 24 22 5 19 27 18 33 4 30 11 10 8 1 32 7 21 17 3 25 9 6 29 2 28 12 31 20 23 5.74081
0 13 10 8 1 32 14 26 16 15 24 22 5 18 33 4 30 11 7 21 17 3 25 9 6 29 2 28 12 19 27 31 20 23 5.75195
0 13 14 26 16 15 24 22 25 9 6 29 2 28 12 19 27 4 30 11 10 8 1 32 7 21 17 3 5 18 33 31 20 23 5.77883
0 13 14 26 16 32 7 21 17 3 25 9 6 29 2 28 12 19 15 24 22 5 18 33 4 30 11 10 8 1 27 31 20 23 5.79994
0 18 33 4 30 11 10 13 14 26 16 15 24 22 5 8 1 32 7 21 17 3 25 9 6 29 2 28 12 19 27 31 20 23 5.80359
0 30 11 10 8 1 16 15 24 22 5 18 33 4 32 7 21 17 29 6 9 25 3 2 28 12 19 27 31 20 23 26 14 13 5.80827
0 13 14 26 16 15 24 22 5 18 33 4 17 3 30 32 8 7 1 11 10 21 25 9 6 29 2 28 12 19 27 31 20 23 5.81077
0 13 14 26 16 15 24 22 5 18 19 12 28 2 29 6 9 25 3 17 21 7 32 1 8 10 11 30 4 33 27 31 20 23 5.82848
0 13 14 26 16 15 24 22 5 18 32 7 21 17 3 25 9 6 29 2 28 12 33 4 30 11 10 8 1 19 27 31 20 23 5.87456
0 13 14 26 16 15 24 22 5 18 33 4 30 11 10 8 1 32 7 21 17 3 25 9 6 28 12 19 27 31 29 2 20 23 5.87782
0 13 14 15 24 22 5 18 33 4 30 11 10 8 1 32 7 21 17 3 25 9 6 26 16 29 2 28 12 19 27 31 20 23 5.88953
0 30 11 10 8 1 32 4 7 21 17 3 25 9 6 29 2 28 12 19 27 31 20 23 33 18 5 22 24 15 16 26 14 13 5.95084
0 13 14 26 16 15 24 22 5 18 33 29 2 28 4 30 11 10 8 1 32 7 21 17 3 25 9 6 12 19 27 31 20 23 5.97732
0 13 14 32 7 21 17 3 25 9 6 29 2 28 12 19 27 31 26 16 15 24 22 5 18 33 4 30 11 10 8 1 20 23 5.99792
0 13 14 26 16 31 20 23 15 24 22 5 18 33 4 30 11 10 8 1 32 7 21 17 3 25 9 6 29 2 28 12 19 27 6.08809
0 13 14 26 16 15 24 22 5 18 33 4 30 11 7 21 17 3 25 9 6 10 8 1 32 29 2 28 12 19 27 31 20 23 6.18212
0 13 14 26 16 17 3 15 24 22 5 30 18 32 8 7 1 11 10 33 4 21 25 9 6 29 2 28 12 19 27 31 20 23 6.18973
0 13 14 26 16 15 9 6 29 2 28 24 22 5 18 33 10 8 1 32 7 21 17 3 25 4 30 11 12 19 27 31 20 23 6.19077
0 13 14 26 16 15 24 22 5 18 33 4 30 11 10 8 1 32 7 29 6 9 25 3 17 21 2 28 12 19 27 31 20 23 6.19963
0 13 14 26 33 4 30 11 10 8 16 15 24 22 5 18 31 27 19 12 28 2 29 6 9 25 3 17 21 7 32 1 20 23 6.22171
0 13 14 26 16 25 9 6 29 2 28 12 19 27 15 24 22 5 18 33 4 30 11 10 8 1 32 7 21 17 3 31 20 23 6.25052
0 13 14 26 16 15 24 22 5 18 33 4 30 11 10 8 23 20 31 27 19 12 28 2 29 6 9 25 3 17 21 7 32 1 6.29328
0 13 14 26 16 15 24 21 17 3 25 9 6 29 2 28 22 5 18 33 4 30 11 10 8 1 32 7 12 19 27 31 20 23 6.31987
0 13 14 26 16 15 24 22 5 18 33 4 6 29 2 28 12 19 27 30 11 10 8 1 32 7 21 17 3 25 9 31 20 23 6.32596
0 13 10 8 1 32 7 21 14 26 16 15 24 22 5 18 33 4 30 11 17 3 25 9 6 29 2 28 12 19 27 31 20 23 6.41206
0 13 14 26 16 15 24 22 5 18 33 10 8 1 32 7 21 17 3 25 9 6 29 2 28 12 19 4 30 11 27 31 20 23 6.41798
0 13 14 26 16 15 24 22 5 18 33 4 30 11 10 8 1 32 7 6 17 9 29 3 25 21 2 28 12 19 27 31 20 23 6.49229
0 13 14 32 7 21 17 3 25 9 6 29 1 8 10 11 30 4 33 18 5 22 24 15 16 26 19 12 28 2 27 31 20 23 6.49888
0 13 14 26 16 15 24 22 5 18 33 4 30 11 10 8 1 31 27 19 12 28 2 29 6 9 25 3 17 21 7 32 20 23 6.50191
0 13 14 26 16 15 24 22 6 29 2 28 12 19 27 11 10 8 1 32 7 21 17 3 25 9 5 18 33 4 30 31 20 23 6.50838
0 13 14 26 16 15 24 22 5 18 10 8 1 32 7 21 17 3 25 9 6 29 2 33 4 30 11 28 12 19 27 31 20 23 6.54308
0 13 14 26 16 29 6 15 33 4 30 11 10 8 1 32 7 21 17 3 25 9 2 28 12 24 22 5 18 19 27 31 20 23 6.57411
0 13 14 26 16 21 17 22 5 18 33 4 30 11 10 8 1 32 7 15 24 3 25 9 6 29 12 28 2 19 27 31 20 23 6.64076
0 13 14 26 16 15 24 22 5 18 33 4 30 11 10 8 20 31 27 19 12 28 2 29 6 9 25 3 17 21 7 32 1 23 6.64428
0 13 14 26 16 15 24 22 5 18 33 4 30 11 10 8 1 32 7 6 29 2 28 21 17 3 25 9 12 19 27 31 20 23 6.64981
0 13 14 26 16 15 24 32 7 21 17 11 10 8 1 3 25 9 6 29 30 4 33 18 5 22 2 28 12 19 27 31 20 23 6.66963
0 13 14 9 6 29 2 28 12 19 27 31 20 23 26 30 11 10 8 1 32 7 21 17 3 25 16 15 24 22 5 18 33 4 6.83844
0 13 14 26 16 15 24 22 5 18 33 4 30 11 10 8 1 31 32 7 21 17 3 25 9 6 29 2 28 12 19 27 20 23 6.84665
0 13 14 26 16 15 24 22 5 18 33 25 29 2 3 17 21 7 32 1 8 10 11 30 4 28 9 6 12 19 27 31 20 23 6.85761
0 13 14 26 16 15 24 22 5 18 32 7 21 17 3 25 9 6 29 2 28 12 10 8 33 4 30 11 1 19 27 31 20 23 6.91717
0 13 14 26 16 15 12 19 27 31 33 4 30 11 10 8 1 32 7 21 17 3 25 9 6 29 2 24 28 22 5 18 20 23 7.02679
0 13 14 26 16 15 24 22 5 18 33 4 30 11 10 8 27 19 12 28 2 29 6 9 25 3 17 21 7 32 1 31 20 23 7.04971
0 13 14 26 16 15 24 22 5 18 33 3 17 21 7 4 30 11 10 6 9 25 32 1 8 29 2 28 12 19 27 31 20 23 7.0762
0 13 14 24 15 16 26 22 5 18 33 28 12 19 4 30 11 10 8 1 32 7 21 17 3 25 9 6 29 2 27 31 20 23 7.1169
0 13 14 26 16 15 24 22 5 18 33 4 30 11 10 8 1 32 7 21 12 28 2 29 6 9 25 3 17 19 27 31 20 23 7.1339
0 13 14 26 16 15 24 22 5 18 33 4 30 11 10 8 1 32 7 21 12 28 2 29 6 9 25 3 17 19 27 31 20 23 7.1339
0 13 28 12 19 27 14 26 16 15 24 22 5 18 33 4 30 11 10 8 1 32 7 21 17 3 25 9 6 29 2 31 20 23 7.22016
0 13 14 26 16 15 24 22 5 18 33 4 30 11 10 8 17 3 25 9 6 29 2 28 12 19 27 31 20 23 1 32 7 21 7.25656
0 13 19 12 29 6 9 28 2 25 3 17 21 7 32 1 8 10 11 30 4 33 18 5 22 24 15 16 26 14 27 31 20 23 7.26318
0 13 14 26 16 15 24 22 5 18 33 4 30 11 10 8 1 32 7 21 17 9 6 29 2 28 12 19 27 31 25 3 20 23 7.26804
0 13 14 26 16 15 24 22 5 18 33 4 30 11 10 8 1 27 19 12 28 2 29 6 9 25 3 17 21 7 32 31 20 23 7.29115
0 13 14 5 18 33 4 30 11 10 8 22 24 15 21 17 3 25 9 16 26 1 32 7 6 29 2 28 12 19 27 31 20 23 7.2986
0 13 14 26 16 28 12 19 27 31 20 15 24 22 5 33 4 30 11 10 8 1 18 32 7 21 17 3 25 9 6 29 2 23 7.32946
0 18 33 4 30 11 10 8 1 32 7 21 17 3 25 9 13 14 26 16 15 24 22 5 6 29 2 28 12 19 27 31 20 23 7.35464
0 13 14 26 16 15 24 22 9 6 29 2 28 12 19 27 31 20 5 18 33 4 30 11 10 8 1 32 7 21 17 3 25 23 7.38068
0 13 14 17 3 26 16 15 24 22 5 18 33 4 30 11 10 8 1 32 7 21 25 9 6 29 2 28 12 19 27 31 20 23 7.40878
0 13 14 26 7 21 17 3 25 9 6 29 2 28 12 19 27 31 20 16 15 24 22 5 18 33 4 30 11 10 8 1 32 23 7.41706
0 13 14 26 16 15 24 22 5 18 9 6 29 2 28 12 19 27 31 20 23 33 4 30 11 10 8 1 32 7 21 17 3 25 7.48639
0 13 14 26 16 15 24 22 5 18 33 4 30 11 10 8 29 2 28 12 19 1 32 7 21 17 3 25 9 6 27 31 20 23 7.56279
0 13 14 26 16 15 24 22 5 18 3 10 32 11 7 25 1 17 21 33 8 30 4 9 6 29 2 28 12 19 27 31 20 23 7.56672
0 13 14 26 16 15 24 22 5 18 33 4 25 9 6 29 2 28 12 19 27 31 20 23 30 11 10 8 1 32 7 21 17 3 7.57879
0 13 14 26 16 15 24 22 5 18 32 7 21 17 3 25 9 33 4 30 6 29 2 28 12 11 10 8 1 19 27 31 20 23 7.57954
0 13 14 26 16 15 30 11 10 8 1 32 7 21 17 4 33 18 5 22 29 2 28 12 19 27 31 24 6 9 25 3 20 23 7.59039
0 13 14 26 31 20 16 15 24 22 5 18 33 4 30 23 11 10 8 1 32 7 21 17 3 25 9 6 29 2 28 12 19 27 7.60084
0 13 14 26 16 15 24 22 8 1 32 7 30 21 17 3 25 9 6 29 2 28 12 19 27 31 20 5 18 33 4 11 10 23 7.63661
0 13 14 26 16 15 24 22 17 3 25 9 6 29 2 28 12 19 27 31 20 5 18 33 4 30 11 10 8 1 32 7 21 23 7.65777
0 13 14 26 16 15 24 22 5 18 33 4 30 11 10 8 2 28 12 19 27 1 32 7 21 17 3 25 9 6 29 31 20 23 7.68366
0 13 2 29 6 9 25 3 17 21 7 32 1 8 10 11 30 4 33 18 5 22 24 15 16 26 14 28 12 19 27 31 20 23 7.7463
0 1 8 10 11 30 13 14 26 16 15 24 22 5 18 12 28 2 29 6 9 25 3 17 21 7 32 4 33 19 27 31 20 23 7.75417
0 13 14 26 16 15 24 22 5 18 33 4 21 17 3 25 9 6 29 2 28 12 19 30 11 10 8 1 32 7 27 31 20 23 7.75862
0 13 14 26 16 15 24 10 8 1 32 7 21 17 30 11 3 25 9 6 29 2 28 12 19 22 5 18 33 4 27 31 20 23 7.76646
0 13 14 26 16 15 24 22 11 10 8 1 3 9 6 29 32 7 21 25 17 5 18 33 4 30 2 28 12 19 27 31 20 23 7.79095
0 13 14 26 16 15 24 22 5 18 33 4 30 11 10 8 1 32 7 31 27 19 12 28 2 29 6 9 25 3 17 21 20 23 7.79924
0 13 14 26 16 15 24 20 23 18 33 4 30 11 10 8 1 32 7 21 17 3 25 9 6 29 2 28 12 19 27 31 22 5 7.80754
0 13 14 26 16 15 24 22 5 18 33 4 30 11 10 28 12 19 8 1 32 7 21 17 3 25 9 6 29 2 27 31 20 23 7.81463
0 13 8 1 32 7 21 17 3 25 14 26 16 15 24 22 5 18 33 4 30 11 10 9 6 29 2 28 12 19 27 31 20 23 7.86541
0 13 14 26 16 5 22 24 15 18 33 4 30 11 10 8 1 32 7 29 2 28 25 9 6 21 17 3 12 19 27 31 20 23 7.8725
0 13 14 26 16 15 24 22 5 18 33 4 30 11 10 8 1 32 7 23 20 31 27 19 12 28 2 29 6 9 25 3 17 21 8.05337
0 13 14 26 16 15 24 22 5 18 9 6 29 2 28 12 19 27 31 20 23 33 21 7 32 1 8 10 11 30 4 17 3 25 8.05672
0 13 14 26 16 15 24 25 9 6 29 2 28 12 19 27 31 20 23 22 5 18 33 4 30 11 10 8 1 32 7 21 17 3 8.0982
0 13 21 17 3 25 9 14 26 16 15 24 22 5 18 33 4 30 11 10 8 1 32 7 6 29 2 28 12 19 27 31 20 23 8.10775
0 13 32 7 21 17 3 14 26 16 15 24 22 5 18 33 4 30 11 10 8 1 25 9 6 29 2 28 12 19 27 31 20 23 8.11012
0 13 5 22 24 15 6 29 2 28 12 19 27 31 14 26 16 9 25 3 17 21 7 32 1 8 10 11 30 4 33 18 20 23 8.17651
0 13 14 26 16 15 24 22 25 9 6 29 2 28 12 19 27 31 20 23 5 18 33 4 30 11 10 8 1 32 7 21 17 3 8.18458
0 9 6 29 2 28 12 19 27 31 20 23 13 14 26 16 15 24 22 5 18 33 4 30 11 10 8 1 32 7 21 17 3 25 8.19325
0 13 14 5 18 33 4 30 11 10 21 17 3 25 9 6 8 22 24 15 16 26 1 32 7 29 2 28 12 19 27 31 20 23 8.20518
0 13 33 4 30 11 10 8 1 32 7 21 17 3 25 9 6 29 14 26 16 15 24 22 5 18 2 28 12 19 27 31 20 23 8.26496
0 13 14 26 16 15 24 22 5 18 33 4 30 11 10 8 1 32 7 21 17 3 25 9 29 2 28 12 19 27 31 20 6 23 8.31486
0 10 8 1 32 7 21 17 3 13 14 26 16 15 24 22 5 18 33 4 30 11 25 9 6 29 2 28 12 19 27 31 20 23 8.33904
0 13 14 26 16 15 24 22 5 18 33 4 30 11 10 8 1 32 7 21 17 3 25 9 6 20 31 27 19 12 28 2 29 23 8.35955
0 8 1 32 7 21 17 3 25 13 14 26 16 15 24 22 5 18 33 4 30 11 10 9 6 29 2 28 12 19 27 31 20 23 8.36582
0 13 14 26 16 15 24 22 5 18 33 4 30 11 10 28 12 19 27 8 1 32 7 21 17 3 25 9 6 29 2 31 20 23 8.38595
0 5 18 33 9 25 3 17 21 7 32 13 14 26 16 15 24 22 1 8 10 11 4 30 6 29 2 28 12 19 27 31 20 23 8.61665
0 8 1 32 7 21 17 5 18 33 4 30 11 10 3 25 13 14 26 16 15 24 22 9 6 29 2 28 12 19 27 31 20 23 8.62404
0 17 3 25 9 6 29 2 28 12 19 27 31 20 23 21 7 32 1 8 10 11 30 4 33 18 5 22 24 15 16 26 14 13 8.72312
0 30 11 10 8 1 32 7 21 17 3 25 9 6 29 2 28 12 19 27 5 18 33 4 13 14 26 16 15 24 22 23 31 20 8.78415
0 14 26 16 15 24 22 5 18 33 4 30 11 10 8 1 32 7 21 17 3 9 6 29 28 12 19 27 31 20 23 13 25 2 8.80771
0 13 14 3 25 9 6 29 2 28 12 19 27 26 16 15 24 22 5 18 33 4 30 11 10 8 1 32 7 21 17 31 20 23 8.82658
0 13 4 30 11 10 8 1 25 26 16 15 24 22 5 18 32 7 21 17 3 33 14 9 6 29 2 28 12 19 27 31 20 23 8.92265
0 13 2 28 12 19 27 31 20 23 14 26 16 15 24 22 5 18 33 4 30 11 10 8 1 32 7 21 17 3 25 9 6 29 8.9541
0 29 2 28 12 19 27 31 20 23 13 14 26 16 15 24 22 5 18 33 4 30 11 10 8 1 32 7 21 17 3 25 9 6 9.05465
0 13 9 6 22 15 24 5 18 33 4 30 11 10 8 1 32 7 21 17 3 25 12 19 27 31 29 2 28 20 16 26 14 23 9.23697
0 8 1 32 7 21 17 22 5 18 33 4 30 11 10 3 25 13 14 26 16 15 24 9 6 29 2 28 12 19 27 31 20 23 9.26456
0 13 32 7 21 8 1 17 3 25 9 6 29 2 28 14 26 16 15 24 22 5 18 33 4 30 11 10 12 19 27 31 20 23 9.31029
0 13 14 26 16 15 24 22 5 18 33 4 30 11 10 8 1 32 21 17 3 25 9 6 29 2 28 12 19 27 7 31 20 23 9.38958
0 13 14 26 29 2 28 12 22 5 18 33 4 30 11 10 8 1 32 7 21 17 3 25 9 6 20 23 19 27 31 16 15 24 9.6532
0 13 14 32 7 21 17 3 25 9 6 29 2 28 12 19 26 16 15 24 22 5 18 33 20 4 30 11 10 8 1 27 31 23 9.7529
0 13 27 31 22 5 18 33 4 30 11 10 8 1 14 26 16 15 24 9 6 29 2 28 12 19 32 7 21 17 3 25 20 23 9.83222
0 13 14 26 3 17 21 7 16 15 24 22 5 18 33 4 30 11 10 8 25 9 6 29 2 28 12 19 1 32 27 31 20 23 9.90524
0 13 14 26 16 15 24 22 5 18 33 4 30 11 10 8 1 32 7 21 17 23 3 25 9 6 29 2 28 12 19 27 31 20 10.1875
0 13 14 26 16 6 9 25 3 17 21 7 28 12 19 27 31 32 1 8 10 11 30 4 33 18 5 22 24 15 29 2 20 23 10.2812
0 13 14 26 16 15 24 22 5 18 32 7 28 12 33 4 30 11 10 21 17 3 25 9 6 29 2 8 1 19 27 31 20 23 10.4034
0 13 25 9 6 29 2 28 12 19 27 31 20 23 10 8 1 32 7 21 17 3 14 26 16 15 24 22 5 18 33 4 30 11 10.6272
0 13 14 26 16 15 24 22 5 18 12 19 9 29 17 2 21 3 25 7 32 1 8 10 11 30 4 33 6 28 27 31 20 23 10.6441
0 13 14 26 16 15 24 22 5 18 33 4 30 11 10 8 1 32 7 2 28 12 19 27 31 20 23 21 17 3 25 9 6 29 10.7041
0 13 14 26 18 33 4 30 11 16 15 24 22 5 10 8 1 32 7 25 9 6 29 2 28 12 19 27 31 20 21 17 3 23 10.7763
0 7 6 29 2 28 12 30 11 10 8 1 32 21 17 3 25 9 13 14 26 16 15 24 22 5 18 33 4 19 27 31 20 23 11.0115
0 13 14 26 16 12 15 24 29 2 22 5 18 33 4 30 1 8 10 11 32 21 17 3 25 9 6 28 19 27 31 20 23 7 11.0404
0 13 14 26 16 15 12 19 27 31 20 18 33 4 30 11 10 8 1 32 24 22 5 28 7 21 17 3 25 9 6 29 2 23 11.3874
0 13 14 26 16 15 24 25 9 6 29 2 28 22 5 18 33 4 30 11 10 8 1 32 12 19 27 31 20 23 7 21 17 3 11.5628
0 13 14 26 16 15 24 22 32 7 9 6 29 2 28 12 19 27 31 20 17 5 18 33 4 30 11 10 8 1 3 21 25 23 11.6457
0 13 14 26 16 15 24 22 5 18 33 1 32 7 21 17 3 12 4 30 11 10 8 19 27 31 20 23 25 9 6 29 2 28 12.0189
0 13 14 26 16 15 24 22 5 18 20 33 4 30 11 10 8 1 32 19 12 28 2 29 6 9 25 3 17 21 7 27 31 23 12.026
0 13 14 26 31 21 17 3 25 9 6 29 2 28 12 19 27 10 8 1 32 7 20 23 16 15 24 22 5 18 33 4 30 11 12.3598
0 7 21 17 3 25 9 6 24 15 16 29 2 28 8 1 32 12 19 27 31 20 23 10 11 30 4 33 18 5 22 26 14 13 12.394
0 13 14 26 16 15 24 22 5 18 33 4 1 32 7 21 27 31 10 8 30 11 12 19 17 3 25 9 6 29 2 28 20 23 12.5168
0 9 6 22 5 10 8 18 33 4 25 12 19 27 31 15 24 29 2 28 20 23 16 26 14 13 30 11 1 32 7 21 17 3 14.3567
0 13 14 26 16 15 24 22 5 18 4 11 10 27 32 7 21 30 1 17 3 25 9 29 2 28 12 19 6 33 20 23 8 31 16.4238
0 13 14 26 16 15 24 22 5 8 1 25 12 28 33 11 3 7 31 27 19 4 6 2 21 9 29 32 30 10 17 18 20 23 18.388
0 22 8 14 9 6 21 3 17 1 16 11 33 10 5 32 24 25 30 13 7 26 18 15 29 4 2 28 12 19 27 31 20 23 19.8673
0 19 23 25 12 2 10 21 18 32 11 16 4 31 13 14 26 15 24 22 5 33 30 8 1 7 17 3 9 6 28 27 20 29 21.2445
0 13 14 26 16 15 24 28 2 29 7 19 33 9 1 12 8 30 17 5 25 22 21 6 18 4 27 11 10 3 32 31 20 23 22.9078
0 26 33 6 9 5 21 1 22 30 17 12 25 28 10 24 18 19 13 14 16 20 31 2 29 3 7 32 11 23 4 15 8 27 24.7385
0 9 23 17 5 16 22 28 24 25 31 4 1 27 13 14 26 33 30 11 10 8 32 7 21 6 29 2 12 19 20 3 15 18 25.738
0 14 16 27 25 31 12 13 11 7 8 1 9 6 21 3 26 33 28 5 10 22 20 23 30 32 24 18 19 4 15 29 17 2 26.2695
0 22 28 31 20 32 26 27 11 6 1 19 23 14 29 7 25 8 10 13 30 4 21 9 3 17 16 15 33 5 2 12 18 24 27.944
0 24 13 29 9 6 2 10 30 5 14 27 3 21 32 25 7 18 8 4 26 19 33 11 17 15 16 31 22 1 23 12 28 20 28.0512
0 17 9 16 20 29 22 13 26 5 33 4 30 11 1 7 3 25 28 31 14 24 18 6 12 23 15 32 21 10 19 27 8 2 28.795
0 33 5 4 23 19 18 32 11 30 2 9 28 26 20 27 15 21 24 8 31 25 7 12 13 29 6 16 3 10 1 17 22 14 29.4815
0 7 25 24 3 23 5 4 32 20 21 15 28 22 10 8 2 17 33 30 27 1 14 26 16 18 11 9 6 29 12 19 31 13 30.1902
0 17 13 20 31 4 26 23 6 21 11 9 28 27 24 10 30 15 22 12 18 25 32 2 19 29 8 14 16 5 33 1 7 3 30.2825
0 6 3 24 31 23 33 10 4 9 2 11 15 28 29 26 20 21 13 30 16 25 18 27 1 32 22 5 19 12 17 8 7 14 30.4531
0 15 13 29 32 24 23 10 16 33 18 11 30 5 12 26 20 31 28 22 14 19 9 4 6 2 21 7 8 17 1 25 27 3 30.5112
0 20 17 11 6 31 32 1 23 9 28 27 13 26 25 2 24 4 14 12 30 5 33 29 15 16 22 18 8 21 10 3 7 19 30.9525
0 7 1 26 30 3 9 28 8 19 31 18 32 33 22 17 14 6 12 4 11 10 20 13 24 23 16 21 25 15 5 27 29 2 31.6677
0 9 23 8 25 12 13 14 27 31 22 24 26 15 1 3 10 6 5 4 21 29 20 16 32 17 11 7 30 19 18 2 33 28 32.1022
0 14 15 32 21 22 33 4 6 29 12 27 31 20 2 30 28 5 8 3 13 25 16 19 11 1 24 7 18 17 23 10 26 9 32.1742
0 28 2 29 7 19 21 6 14 20 13 18 16 4 27 33 9 24 15 1 12 23 8 30 17 5 25 22 11 10 3 31 32 26 32.2582
0 28 33 18 6 3 4 27 26 17 14 20 31 21 29 19 5 16 12 24 13 8 2 7 25 1 22 11 9 30 10 32 15 23 32.7566
0 22 9 13 6 2 4 14 11 29 28 25 10 5 18 21 33 7 12 15 19 20 32 3 30 8 17 27 31 16 24 26 23 1 32.7653
0 10 1 29 5 19 13 7 30 31 2 25 3 4 14 17 28 16 11 22 6 20 23 8 24 21 27 26 32 18 33 12 9 15 32.9559
0 12 21 23 3 32 6 2 17 19 22 33 4 31 20 15 13 8 30 11 10 9 27 5 7 1 18 26 14 29 24 25 28 16 33.0129
0 6 25 27 30 19 2 23 15 13 26 20 8 1 24 7 28 31 32 12 3 17 21 29 9 14 33 22 5 10 18 11 16 4 33.2298
0 16 33 20 24 29 8 28 1 32 6 2 25 30 26 13 11 7 19 9 27 12 5 31 3 17 18 10 22 14 15 21 23 4 33.3607
0 22 29 28 14 17 32 16 7 11 20 12 6 13 19 24 23 9 18 15 2 25 4 10 1 31 3 33 26 8 27 5 21 30 33.7308
0 25 2 29 30 18 21 9 1 27 22 15 17 5 7 12 14 24 19 32 26 13 6 33 10 3 28 16 8 20 23 4 11 31 33.7777
0 26 11 4 17 14 15 2 18 16 20 32 1 10 6 28 23 25 22 33 30 24 9 19 13 8 31 27 7 21 12 29 5 3 34.4491
0 4 23 8 6 24 2 1 18 16 9 30 15 17 28 29 33 12 13 22 25 26 19 14 21 5 3 11 27 20 32 7 31 10 34.6449
0 16 8 13 15 7 28 2 18 14 32 31 30 5 26 6 33 9 20 19 22 21 27 4 10 1 17 24 29 12 3 11 25 23 35.1826
0 29 22 13 8 7 15 9 28 31 1 19 5 3 4 26 24 21 27 18 30 14 33 12 11 10 6 25 16 20 2 32 17 23 35.2322
0 30 10 20 8 16 33 6 13 7 12 19 29 32 2 31 26 11 24 4 17 22 27 3 9 1 21 14 25 28 18 23 5 15 35.9517
0 8 26 10 5 11 12 30 6 15 13 7 14 16 18 4 9 24 33 21 23 1 27 19 3 22 2 17 25 20 32 29 31 28 35.9996
0 21 26 3 6 10 17 30 19 16 4 8 32 11 13 15 12 23 29 1 5 2 27 33 25 31 24 14 22 18 9 20 28 7 36.5382
0 6 32 16 2 13 19 21 12 5 22 26 20 18 4 27 14 31 25 8 7 24 29 10 30 15 17 11 23 33 28 3 9 1 36.9459
0 13 14 26 16 15 24 22 5 25 27 33 23 11 2 8 29 10 19 21 28 18 30 17 7 4 6 20 1 3 31 9 12 32 37.7702
0 24 8 28 32 14 19 26 20 10 6 13 17 22 12 23 7 16 30 5 31 18 4 1 21 25 9 2 11 15 33 27 29 3 38.1523
0 32 23 26 2 10 7 27 6 33 24 22 8 13 9 3 11 25 30 18 1 4 21 16 12 28 14 29 17 31 20 5 19 15 38.2231
0 25 13 21 20 18 23 33 32 1 2 9 3 26 29 16 14 31 27 7 24 12 5 8 30 4 15 17 22 28 19 10 11 6 38.234
0 25 13 21 20 18 23 33 32 1 2 9 3 26 29 16 14 31 27 7 24 12 5 8 30 4 15 17 22 28 19 10 11 6 38.234
0 15 3 18 8 30 4 24 28 16 2 10 32 13 14 6 11 7 23 25 1 12 20 9 31 17 21 19 26 5 22 27 33 29 38.6772
0 16 9 33 10 30 18 2 5 28 1 14 8 27 21 31 12 20 29 22 26 6 24 32 4 19 7 3 25 23 11 15 13 17 39.1287
0 9 26 2 10 3 13 29 31 21 15 24 4 7 22 6 8 27 28 30 32 25 14 16 12 20 23 11 19 1 33 5 18 17 39.302
0 30 1 8 10 26 9 28 19 24 21 31 22 4 5 11 7 23 25 33 2 13 17 15 12 3 27 18 16 6 20 14 29 32 39.3493
0 9 20 21 23 33 14 7 22 12 31 6 13 4 27 1 25 30 2 17 18 16 24 10 8 5 29 3 26 32 28 15 11 19 40.6243
0 32 24 25 8 19 26 1 10 22 16 31 2 20 18 33 29 11 4 21 9 14 17 12 30 3 23 6 7 13 15 27 28 5 41.4156
