0 14 17 33 30 16 24 9 2 12 19 6 18 4 5 8 15 22 25 28 27 11 10 7 3 29 1 23 20 13 31 21 32 26 20.0809 27.0376
0 14 17 6 18 4 5 8 15 22 25 28 27 11 10 7 3 29 1 33 30 16 24 9 2 12 19 23 20 13 31 21 32 26 17.8863 23.5975
0 14 17 6 25 18 4 5 8 15 22 28 27 11 10 7 3 29 1 33 30 16 24 9 2 12 19 23 20 13 31 21 32 26 17.3162 21.2958
0 14 15 22 25 28 27 11 10 7 3 29 17 6 18 4 5 8 1 33 30 16 24 9 2 12 19 23 20 13 31 21 32 26 15.093 19.1871
0 14 17 6 18 4 5 8 15 22 25 28 27 31 13 20 23 19 12 2 9 24 16 30 33 1 29 3 7 10 11 21 32 26 13.9155 17.6123
0 14 4 5 8 15 22 16 24 9 2 12 19 23 20 13 31 28 27 11 10 7 3 29 17 6 25 18 1 33 30 21 32 26 13.262 16.1977
0 14 24 33 16 30 1 17 6 18 4 5 8 15 22 25 28 27 31 13 20 23 19 12 2 9 29 3 7 10 11 21 32 26 11.3428 15.07
0 14 4 8 17 6 18 1 33 30 16 24 5 15 22 25 28 27 31 13 20 23 19 12 2 9 29 3 7 10 11 21 32 26 10.5336 13.9804
0 14 4 8 17 6 18 1 33 30 16 24 5 32 21 11 10 7 3 29 9 2 12 19 23 20 13 31 27 28 25 22 15 26 9.82348 12.7823
0 14 4 8 17 6 18 1 33 30 16 24 5 32 21 11 10 7 3 29 9 2 12 19 23 20 13 31 27 28 22 25 15 26 9.66882 11.9212
0 14 4 8 17 6 18 1 33 30 16 24 5 32 21 11 10 7 3 29 9 2 12 19 15 22 25 28 27 31 20 13 23 26 8.88779 10.9717
0 14 4 8 17 6 18 1 33 30 16 24 5 32 21 11 10 7 3 29 9 2 12 19 15 22 25 28 27 31 20 13 23 26 8.88779 10.4004
0 14 4 18 1 33 30 16 24 5 32 21 11 10 7 8 17 6 3 29 9 2 12 19 15 22 25 28 27 31 20 13 23 26 8.22006 9.64179
0 14 4 8 18 1 33 30 16 24 5 32 21 11 10 7 17 6 3 29 9 2 12 19 15 22 25 28 27 31 20 13 23 26 8.01756 9.04139
0 14 4 18 1 33 30 16 24 5 32 21 11 10 7 8 17 6 3 29 9 25 22 15 19 12 2 28 27 31 20 13 23 26 7.2144 8.76464
0 14 4 18 1 33 30 16 24 5 8 32 21 11 10 7 17 6 3 29 9 25 22 15 19 12 2 28 27 31 20 13 23 26 6.90278 8.35538
0 14 4 18 1 33 30 11 10 7 8 16 24 5 32 21 17 6 3 29 9 25 22 15 19 12 2 28 27 31 20 13 23 26 6.7986 7.79964
0 14 4 18 1 33 30 16 24 5 8 11 10 7 32 21 17 6 3 29 9 25 22 15 19 12 2 28 27 31 20 13 23 26 6.57931 7.42911
0 14 4 18 1 33 30 16 24 5 8 11 10 7 32 21 17 6 3 29 9 25 22 15 19 12 2 28 31 27 20 13 23 26 6.56986 7.15617
0 14 4 18 5 24 16 30 33 1 8 11 10 7 32 21 17 6 3 29 9 25 22 15 19 12 2 28 27 31 20 13 23 26 6.30247 6.93115
0 14 30 16 24 5 18 4 33 1 8 11 10 7 32 21 17 6 3 29 9 25 22 15 19 12 2 28 27 31 20 13 23 26 5.88902 6.70123
0 14 26 4 18 5 24 16 30 33 1 8 11 10 7 32 21 17 6 3 29 9 25 22 15 19 12 2 28 27 31 20 13 23 5.54163 6.55577
0 14 26 4 18 5 24 16 30 33 1 8 11 10 32 21 7 17 6 3 25 9 29 22 15 19 12 2 28 27 31 20 13 23 5.28247 6.24947
0 14 26 30 16 24 5 18 4 33 1 8 11 10 7 32 21 17 6 3 25 9 29 22 15 19 12 2 28 27 31 20 13 23 5.09497 5.95218
0 14 26 4 18 5 24 16 30 33 1 32 21 8 11 10 7 17 6 3 25 9 29 22 15 2 28 19 12 27 31 20 13 23 4.98837 5.73342
0 14 26 30 16 24 5 18 4 33 1 8 11 10 7 32 21 17 6 3 25 9 29 22 15 2 28 19 12 27 31 20 13 23 4.65388 5.44965
0 14 26 30 16 24 5 18 4 33 1 8 11 10 32 7 21 17 6 3 25 9 29 22 15 2 28 19 12 27 31 20 13 23 4.59054 5.2367
0 14 26 4 18 5 24 15 16 30 33 1 8 11 10 7 32 21 17 6 3 25 9 29 22 2 28 19 12 27 31 20 13 23 4.47586 5.07761
0 14 26 30 16 24 5 18 4 33 1 8 11 10 32 7 21 17 6 3 25 22 15 9 29 2 28 19 12 27 31 20 13 23 4.37979 4.88868
0 14 26 4 18 5 24 15 16 30 33 1 8 11 10 7 32 21 17 3 6 25 9 29 22 2 28 19 12 27 31 20 13 23 4.13309 4.74797
0 14 26 4 18 5 24 15 16 30 33 1 8 11 10 7 32 21 17 3 6 25 9 29 22 2 28 19 12 27 31 20 13 23 4.13309 4.54243
0 14 26 4 18 5 24 15 16 30 33 1 8 11 10 7 32 21 17 3 6 25 22 9 29 2 28 19 12 27 31 20 13 23 3.98387 4.41795
0 14 26 4 18 5 24 15 16 30 33 1 8 11 10 7 32 21 17 3 6 25 9 22 29 2 28 19 12 27 31 20 13 23 3.90456 4.30582
0 14 26 4 18 5 24 15 16 30 33 1 8 11 10 7 32 21 17 3 6 25 9 22 29 2 28 19 12 27 31 20 13 23 3.90456 4.22588
0 14 26 30 16 4 18 5 24 15 33 1 8 11 10 7 32 21 17 3 6 25 9 22 29 2 28 19 12 27 31 20 13 23 3.78019 4.13007
0 14 26 30 16 4 18 5 24 15 33 1 8 11 10 32 7 21 17 3 6 25 9 22 29 2 28 19 12 27 31 20 13 23 3.71685 3.99328
0 14 26 30 16 4 15 24 18 5 33 1 8 11 10 7 32 21 17 3 6 25 9 22 29 2 28 19 12 27 31 20 13 23 3.67294 3.9372
0 14 26 4 18 5 24 15 16 30 10 11 8 1 33 32 7 21 17 3 6 25 9 22 29 2 28 19 12 27 31 20 13 23 3.57759 3.87537
0 14 26 4 18 5 24 15 16 30 10 11 8 1 33 32 7 21 17 3 6 25 9 22 29 2 28 19 12 27 31 20 13 23 3.57759 3.78805
0 14 26 16 30 4 15 24 18 5 33 1 10 11 8 32 7 21 17 3 6 25 9 22 29 2 28 19 12 27 31 20 13 23 3.50447 3.73554
0 14 26 16 15 24 5 18 4 30 10 11 8 1 33 32 7 21 17 3 6 25 9 22 29 2 28 19 12 27 31 20 13 23 3.4493 3.72791
0 14 26 16 15 24 5 18 4 30 10 11 8 1 33 32 7 21 17 3 6 25 9 22 29 2 28 19 12 27 31 20 13 23 3.4493 3.66251
0 13 23 20 31 27 12 19 28 2 29 22 9 25 6 3 17 21 7 32 33 1 8 11 10 30 4 18 5 24 15 16 26 14 3.2232 3.62621
0 13 23 20 31 27 12 19 28 2 29 22 9 25 6 3 17 21 7 32 33 1 8 10 11 30 4 18 5 24 15 16 26 14 3.21418 3.69901
0 13 23 20 31 27 12 19 28 2 29 22 9 25 6 3 17 21 7 32 33 1 8 10 11 30 4 18 5 24 15 16 26 14 3.21418 3.85083
0 13 23 20 31 27 12 19 28 2 29 22 9 25 6 3 17 21 7 32 33 1 8 10 11 30 4 18 5 24 15 16 26 14 3.21418 3.98203
0 13 23 20 31 27 12 19 28 2 29 22 9 25 6 3 17 21 7 32 33 1 8 10 11 30 4 18 5 24 15 16 26 14 3.21418 3.73894
0 13 23 20 31 27 12 19 28 2 29 22 9 25 6 3 17 21 7 32 33 1 8 10 11 30 4 18 5 24 15 16 26 14 3.21418 3.57802
0 13 23 20 31 27 12 19 28 2 29 22 9 25 6 3 17 21 7 32 33 1 8 10 11 30 4 18 5 24 15 16 26 14 3.21418 3.47327
0 13 23 20 31 27 12 19 28 2 29 22 9 25 6 3 17 21 7 32 33 1 8 10 11 30 4 18 5 24 15 16 26 14 3.21418 3.44267
0 13 23 20 31 27 12 19 28 2 29 22 9 25 6 3 17 21 7 32 33 1 8 10 11 30 4 18 5 24 15 16 26 14 3.21418 3.39291
0 13 23 20 31 27 12 19 28 2 29 22 9 25 6 3 17 21 7 32 33 1 8 10 11 30 4 18 5 24 15 16 26 14 3.21418 3.36759
0 14 26 16 15 24 5 18 4 30 11 10 8 1 33 32 7 21 17 3 6 25 9 22 29 2 28 19 12 27 31 20 23 13 3.21418 3.35051
0 13 14 26 16 15 24 5 18 4 30 11 10 8 1 33 32 7 21 17 3 6 25 9 22 29 2 28 19 12 27 31 20 23 3.21392 3.38814
0 13 14 26 16 15 24 5 18 4 30 11 10 8 1 33 32 7 21 17 3 6 25 9 22 29 2 28 19 12 27 31 20 23 3.21392 3.68223
0 13 14 26 16 15 24 5 18 4 30 11 10 8 1 33 32 7 21 17 3 6 25 9 22 29 2 28 19 12 27 31 20 23 3.21392 3.95688
0 13 14 26 16 15 24 5 18 4 30 11 10 8 1 33 32 7 21 17 3 6 25 9 22 29 2 28 19 12 27 31 20 23 3.21392 3.79843
0 13 14 26 16 15 24 5 18 4 30 11 10 8 1 33 32 7 21 17 3 6 25 9 22 29 2 28 19 12 27 31 20 23 3.21392 3.58162
0 13 14 26 16 15 24 5 18 4 30 11 10 8 1 33 32 7 21 17 3 6 25 9 22 29 2 28 19 12 27 31 20 23 3.21392 3.36928
0 13 14 26 16 15 24 5 18 4 30 11 10 8 1 33 32 7 21 17 3 6 25 9 22 29 2 28 19 12 27 31 20 23 3.21392 3.31583
0 13 14 26 16 15 24 5 18 4 30 11 10 8 1 33 32 7 21 17 3 6 25 9 22 29 2 28 19 12 27 31 20 23 3.21392 3.39029
0 13 14 26 16 15 24 5 18 4 30 11 10 8 1 33 32 7 21 17 3 6 25 9 22 29 2 28 19 12 27 31 20 23 3.21392 3.35896
0 13 14 26 16 15 24 5 18 4 30 11 10 8 1 33 32 7 21 17 3 6 25 9 22 29 2 28 19 12 27 31 20 23 3.21392 3.32484
0 13 14 26 16 15 24 5 18 4 30 11 10 8 1 33 32 7 21 17 3 6 25 9 22 29 2 28 19 12 27 31 20 23 3.21392 3.24201
0 13 14 26 16 15 24 5 18 4 30 11 10 8 1 33 32 7 21 17 3 6 25 9 22 29 2 28 19 12 27 31 20 23 3.21392 3.27102
0 13 14 26 16 15 24 5 18 4 30 11 10 8 1 33 32 7 21 17 3 6 25 9 22 29 2 28 19 12 27 31 20 23 3.21392 3.31673
0 13 14 26 16 15 24 5 18 4 30 11 10 8 1 33 32 7 21 17 3 6 25 9 22 29 2 28 19 12 27 31 20 23 3.21392 3.26311
0 13 14 26 16 15 24 5 18 4 30 11 10 8 1 33 32 7 21 17 3 6 25 9 22 29 2 28 12 19 27 31 20 23 3.19436 3.24465
0 13 14 26 16 15 24 5 18 4 30 11 10 8 1 33 32 7 21 17 3 6 25 9 22 29 2 28 12 19 27 31 20 23 3.19436 3.24762
0 13 14 26 16 15 24 5 18 4 30 11 10 8 1 33 32 7 21 17 3 6 25 9 22 29 2 28 12 19 27 31 20 23 3.19436 3.21811
0 13 14 26 16 15 24 5 18 4 30 11 10 8 1 33 32 7 21 17 3 6 25 9 22 29 2 28 12 19 27 31 20 23 3.19436 3.20983
0 13 14 26 16 15 24 5 18 4 30 11 10 8 1 33 32 7 21 17 3 6 25 9 22 29 2 28 12 19 27 31 20 23 3.19436 3.20439
0 13 14 26 16 15 24 5 18 4 30 11 10 8 1 33 32 7 21 17 3 6 25 9 22 29 2 28 12 19 27 31 20 23 3.19436 3.26545
0 13 14 26 16 15 24 5 18 4 30 11 10 8 1 33 32 7 21 17 3 6 25 9 22 29 2 28 12 19 27 31 20 23 3.19436 3.25633
0 13 14 26 16 15 24 5 18 33 4 30 11 10 8 1 32 7 21 17 3 6 25 9 22 29 2 28 12 19 27 31 20 23 3.08612 3.23259
0 13 14 26 16 15 24 5 18 33 4 30 11 10 8 1 32 7 21 17 3 6 25 9 22 29 2 28 12 19 27 31 20 23 3.08612 3.26083
0 13 14 26 16 15 24 5 18 33 4 30 11 10 8 1 32 7 21 17 3 6 25 9 22 29 2 28 12 19 27 31 20 23 3.08612 3.24394
0 13 14 26 16 15 24 5 18 33 4 30 11 10 8 1 32 7 21 17 3 6 25 9 22 29 2 28 12 19 27 31 20 23 3.08612 3.25096
0 13 14 26 16 15 24 5 18 33 4 30 11 10 8 1 32 7 21 17 3 6 25 9 22 29 2 28 12 19 27 31 20 23 3.08612 3.18773
0 13 14 26 16 15 24 5 18 33 4 30 11 10 8 1 32 7 21 17 3 6 25 9 22 29 2 28 12 19 27 31 20 23 3.08612 3.15947
0 13 14 26 16 15 24 5 18 33 4 30 11 10 8 1 32 7 21 17 3 6 25 9 22 29 2 28 12 19 27 31 20 23 3.08612 3.16654
0 13 14 26 16 15 24 5 18 33 4 30 11 10 8 1 32 7 21 17 3 6 25 9 22 29 2 28 12 19 27 31 20 23 3.08612 3.14223
0 13 14 26 16 15 24 5 18 33 4 30 11 10 8 1 32 7 21 17 3 6 25 9 22 29 2 28 12 19 27 31 20 23 3.08612 3.14839
0 13 14 26 16 15 24 5 18 33 4 30 11 10 8 1 32 7 21 17 3 6 25 9 22 29 2 28 12 19 27 31 20 23 3.08612 3.1647
0 13 14 26 16 15 24 5 18 33 4 30 11 10 8 1 32 7 21 17 3 6 25 9 22 29 2 28 12 19 27 31 20 23 3.08612 3.08872
0 13 14 26 16 15 24 22 5 18 33 4 30 11 10 8 1 32 7 21 17 3 6 25 9 29 2 28 12 19 27 31 20 23 3.06222 3.12297
0 13 14 26 16 15 24 22 5 18 33 4 30 11 10 8 1 32 7 21 17 3 6 25 9 29 2 28 12 19 27 31 20 23 3.06222 3.10399
0 13 14 26 16 15 24 22 5 18 33 4 30 11 10 8 1 32 7 21 17 3 6 25 9 29 2 28 12 19 27 31 20 23 3.06222 3.14537
0 13 14 26 16 15 24 22 5 18 33 4 30 11 10 8 1 32 7 21 17 3 6 25 9 29 2 28 12 19 27 31 20 23 3.06222 3.19961
0 13 14 26 16 15 24 22 5 18 33 4 30 11 10 8 1 32 7 21 17 3 6 25 9 29 2 28 12 19 27 31 20 23 3.06222 3.16625
0 13 14 26 16 15 24 22 5 18 33 4 30 11 10 8 1 32 7 21 17 3 6 25 9 29 2 28 12 19 27 31 20 23 3.06222 3.13732
0 13 14 26 16 15 24 22 5 18 33 4 30 11 10 8 1 32 7 21 17 3 6 25 9 29 2 28 12 19 27 31 20 23 3.06222 3.14252
0 13 14 26 16 15 24 22 5 18 33 4 30 11 10 8 1 32 7 21 17 3 6 25 9 29 2 28 12 19 27 31 20 23 3.06222 3.19452
0 13 14 26 16 15 24 22 5 18 33 4 30 11 10 8 1 32 7 21 17 3 6 25 9 29 2 28 12 19 27 31 20 23 3.06222 3.16065
0 13 14 26 16 15 24 22 5 18 33 4 30 11 10 8 1 32 7 21 17 3 6 25 9 29 2 28 12 19 27 31 20 23 3.06222 3.12771
0 13 14 26 16 15 24 22 5 18 33 4 30 11 10 8 1 32 7 21 17 3 6 25 9 29 2 28 12 19 27 31 20 23 3.06222 3.13682
0 13 14 26 16 15 24 22 5 18 33 4 30 11 10 8 1 32 7 21 17 3 6 25 9 29 2 28 12 19 27 31 20 23 3.06222 3.11053
0 13 14 26 16 15 24 22 5 18 33 4 30 11 10 8 1 32 7 21 17 3 6 25 9 29 2 28 12 19 27 31 20 23 3.06222 3.0817
0 13 14 26 16 15 24 22 5 18 33 4 30 11 10 8 1 32 7 21 17 3 6 25 9 29 2 28 12 19 27 31 20 23 3.06222 3.13288
0 13 14 26 16 15 24 22 5 18 33 4 30 11 10 8 1 32 7 21 17 3 6 25 9 29 2 28 12 19 27 31 20 23 3.06222 3.12763
0 13 14 26 16 15 24 22 5 18 33 4 30 11 10 8 1 32 7 21 17 3 6 25 9 29 2 28 12 19 27 31 20 23 3.06222 3.12305
0 13 14 26 16 15 24 22 5 18 33 4 30 11 10 8 1 32 7 21 17 3 6 25 9 29 2 28 12 19 27 31 20 23 3.06222 3.15242
0 13 14 26 16 15 24 22 5 18 33 4 30 11 10 8 1 32 7 21 17 3 6 25 9 29 2 28 12 19 27 31 20 23 3.06222 3.07942
0 13 14 26 16 15 24 22 5 18 33 4 30 11 10 8 1 32 7 21 17 3 6 25 9 29 2 28 12 19 27 31 20 23 3.06222 3.17166
0 13 14 26 16 15 24 22 5 18 33 4 30 11 10 8 1 32 7 21 17 3 6 25 9 29 2 28 12 19 27 31 20 23 3.06222 3.18704
0 13 14 26 16 15 24 22 5 18 33 4 30 11 10 8 1 32 7 21 17 3 6 25 9 29 2 28 12 19 27 31 20 23 3.06222 3.18551
0 13 14 26 16 15 24 22 5 18 33 4 30 11 10 8 1 32 7 21 17 3 6 25 9 29 2 28 12 19 27 31 20 23 3.06222 3.17584
0 13 14 26 16 15 24 22 5 18 33 4 30 11 10 8 1 32 7 21 17 3 6 25 9 29 2 28 12 19 27 31 20 23 3.06222 3.0797
0 13 14 26 16 15 24 22 5 18 33 4 30 11 10 8 1 32 7 21 17 3 6 25 9 29 2 28 12 19 27 31 20 23 3.06222 3.14193
0 13 14 26 16 15 24 22 5 18 33 4 30 11 10 8 1 32 7 21 17 3 6 25 9 29 2 28 12 19 27 31 20 23 3.06222 3.11638
0 13 14 26 16 15 24 22 5 18 33 4 30 11 10 8 1 32 7 21 17 3 6 25 9 29 2 28 12 19 27 31 20 23 3.06222 3.09641
0 13 14 26 16 15 24 22 5 18 33 4 30 11 10 8 1 32 7 21 17 3 6 25 9 29 2 28 12 19 27 31 20 23 3.06222 3.14685
0 13 14 26 16 15 24 22 5 18 33 4 30 11 10 8 1 32 7 21 17 3 6 25 9 29 2 28 12 19 27 31 20 23 3.06222 3.13611
0 13 14 26 16 15 24 22 5 18 33 4 30 11 10 8 1 32 7 21 17 3 6 25 9 29 2 28 12 19 27 31 20 23 3.06222 3.10528
0 13 14 26 16 15 24 22 5 18 33 4 30 11 10 8 1 32 7 21 17 3 6 25 9 29 2 28 12 19 27 31 20 23 3.06222 3.11664
0 13 14 26 16 15 24 22 5 18 33 4 30 11 10 8 1 32 7 21 17 3 6 25 9 29 2 28 12 19 27 31 20 23 3.06222 3.13745
0 13 14 26 16 15 24 22 5 18 33 4 30 11 10 8 1 32 7 21 17 3 6 25 9 29 2 28 12 19 27 31 20 23 3.06222 3.09694
0 13 14 26 16 15 24 22 5 18 33 4 30 11 10 8 1 32 7 21 17 3 9 25 6 29 2 28 12 19 27 31 20 23 3.05748 3.16098
0 13 14 26 16 15 24 22 5 18 33 4 30 11 10 8 1 32 7 21 17 3 9 25 6 29 2 28 12 19 27 31 20 23 3.05748 3.13405
0 13 14 26 16 15 24 22 5 18 33 4 30 11 10 8 1 32 7 21 17 3 25 9 6 29 2 28 12 19 27 31 20 23 3.03274 3.10732
0 13 14 26 16 15 24 22 5 18 33 4 30 11 10 8 1 32 7 21 17 3 25 9 6 29 2 28 12 19 27 31 20 23 3.03274 3.08602
0 13 14 26 16 15 24 22 5 18 33 4 30 11 10 8 1 32 7 21 17 3 25 9 6 29 2 28 12 19 27 31 20 23 3.03274 3.07488
0 13 14 26 16 15 24 22 5 18 33 4 30 11 10 8 1 32 7 21 17 3 25 9 6 29 2 28 12 19 27 31 20 23 3.03274 3.0587
0 13 14 26 16 15 24 22 5 18 33 4 30 11 10 8 1 32 7 21 17 3 25 9 6 29 2 28 12 19 27 31 20 23 3.03274 3.11068
0 13 14 26 16 15 24 22 5 18 33 4 30 11 10 8 1 32 7 21 17 3 25 9 6 29 2 28 12 19 27 31 20 23 3.03274 3.08658
0 13 14 26 16 15 24 22 5 18 33 4 30 11 10 8 1 32 7 21 17 3 25 9 6 29 2 28 12 19 27 31 20 23 3.03274 3.14963
0 13 14 26 16 15 24 22 5 18 33 4 30 11 10 8 1 32 7 21 17 3 25 9 6 29 2 28 12 19 27 31 20 23 3.03274 3.14656
0 13 14 26 16 15 24 22 5 18 33 4 30 11 10 8 1 32 7 21 17 3 25 9 6 29 2 28 12 19 27 31 20 23 3.03274 3.14784
0 13 14 26 16 15 24 22 5 18 33 4 30 11 10 8 1 32 7 21 17 3 25 9 6 29 2 28 12 19 27 31 20 23 3.03274 3.04905
0 13 14 26 16 15 24 22 5 18 33 4 30 11 10 8 1 32 7 21 17 3 25 9 6 29 2 28 12 19 27 31 20 23 3.03274 3.07531
0 13 14 26 16 15 24 22 5 18 33 4 30 11 10 8 1 32 7 21 17 3 25 9 6 29 2 28 12 19 27 31 20 23 3.03274 3.07799
0 13 14 26 16 15 24 22 5 18 33 4 30 11 10 8 1 32 7 21 17 3 25 9 6 29 2 28 12 19 27 31 20 23 3.03274 3.08028
0 13 14 26 16 15 24 22 5 18 33 4 30 11 10 8 1 32 7 21 17 3 25 9 6 29 2 28 12 19 27 31 20 23 3.03274 3.11368
0 13 14 26 16 15 24 22 5 18 33 4 30 11 10 8 1 32 7 21 17 3 25 9 6 29 2 28 12 19 27 31 20 23 3.03274 3.07328
0 13 14 26 16 15 24 22 5 18 33 4 30 11 10 8 1 32 7 21 17 3 25 9 6 29 2 28 12 19 27 31 20 23 3.03274 3.09943
0 13 14 26 16 15 24 22 5 18 33 4 30 11 10 8 1 32 7 21 17 3 25 9 6 29 2 28 12 19 27 31 20 23 3.03274 3.0873
0 13 14 26 16 15 24 22 5 18 33 4 30 11 10 8 1 32 7 21 17 3 25 9 6 29 2 28 12 19 27 31 20 23 3.03274 3.16819
0 13 14 26 16 15 24 22 5 18 33 4 30 11 10 8 1 32 7 21 17 3 25 9 6 29 2 28 12 19 27 31 20 23 3.03274 3.17044
0 13 14 26 16 15 24 22 5 18 33 4 30 11 10 8 1 32 7 21 17 3 25 9 6 29 2 28 12 19 27 31 20 23 3.03274 3.12103
0 13 14 26 16 15 24 22 5 18 33 4 30 11 10 8 1 32 7 21 17 3 25 9 6 29 2 28 12 19 27 31 20 23 3.03274 3.06779
0 13 14 26 16 15 24 22 5 18 33 4 30 11 10 8 1 32 7 21 17 3 25 9 6 29 2 28 12 19 27 31 20 23 3.03274 3.0716
0 13 14 26 16 15 24 22 5 18 33 4 30 11 10 8 1 32 7 21 17 3 25 9 6 29 2 28 12 19 27 31 20 23 3.03274 3.08598
0 13 14 26 16 15 24 22 5 18 33 4 30 11 10 8 1 32 7 21 17 3 25 9 6 29 2 28 12 19 27 31 20 23 3.03274 3.08771
0 13 14 26 16 15 24 22 5 18 33 4 30 11 10 8 1 32 7 21 17 3 25 9 6 29 2 28 12 19 27 31 20 23 3.03274 3.0796
0 13 14 26 16 15 24 22 5 18 33 4 30 11 10 8 1 32 7 21 17 3 25 9 6 29 2 28 12 19 27 31 20 23 3.03274 3.08135
0 13 14 26 16 15 24 22 5 18 33 4 30 11 10 8 1 32 7 21 17 3 25 9 6 29 2 28 12 19 27 31 20 23 3.03274 3.12628
0 13 14 26 16 15 24 22 5 18 33 4 30 11 10 8 1 32 7 21 17 3 25 9 6 29 2 28 12 19 27 31 20 23 3.03274 3.10482
0 13 14 26 16 15 24 22 5 18 33 4 30 11 10 8 1 32 7 21 17 3 25 9 6 29 2 28 12 19 27 31 20 23 3.03274 3.0911
0 13 14 26 16 15 24 22 5 18 33 4 30 11 10 8 1 32 7 21 17 3 25 9 6 29 2 28 12 19 27 31 20 23 3.03274 3.07759
0 13 14 26 16 15 24 22 5 18 33 4 30 11 10 8 1 32 7 21 17 3 25 9 6 29 2 28 12 19 27 31 20 23 3.03274 3.13233
0 13 14 26 16 15 24 22 5 18 33 4 30 11 10 8 1 32 7 21 17 3 25 9 6 29 2 28 12 19 27 31 20 23 3.03274 3.05311
0 13 14 26 16 15 24 22 5 18 33 4 30 11 10 8 1 32 7 21 17 3 25 9 6 29 2 28 12 19 27 31 20 23 3.03274 3.04679
0 13 14 26 16 15 24 22 5 18 33 4 30 11 10 8 1 32 7 21 17 3 25 9 6 29 2 28 12 19 27 31 20 23 3.03274 3.05852
0 13 14 26 16 15 24 22 5 18 33 4 30 11 10 8 1 32 7 21 17 3 25 9 6 29 2 28 12 19 27 31 20 23 3.03274 3.05363
0 13 14 26 16 15 24 22 5 18 33 4 30 11 10 8 1 32 7 21 17 3 25 9 6 29 2 28 12 19 27 31 20 23 3.03274 3.13747
0 13 14 26 16 15 24 22 5 18 33 4 30 11 10 8 1 32 7 21 17 3 25 9 6 29 2 28 12 19 27 31 20 23 3.03274 3.15307
0 13 14 26 16 15 24 22 5 18 33 4 30 11 10 8 1 32 7 21 17 3 25 9 6 29 2 28 12 19 27 31 20 23 3.03274 3.17494
0 13 14 26 16 15 24 22 5 18 33 4 30 11 10 8 1 32 7 21 17 3 25 9 6 29 2 28 12 19 27 31 20 23 3.03274 3.09279
0 13 14 26 16 15 24 22 5 18 33 4 30 11 10 8 1 32 7 21 17 3 25 9 6 29 2 28 12 19 27 31 20 23 3.03274 3.10033
0 13 14 26 16 15 24 22 5 18 33 4 30 11 10 8 1 32 7 21 17 3 25 9 6 29 2 28 12 19 27 31 20 23 3.03274 3.07214
0 13 14 26 16 15 24 22 5 18 33 4 30 11 10 8 1 32 7 21 17 3 25 9 6 29 2 28 12 19 27 31 20 23 3.03274 3.05794
0 13 14 26 16 15 24 22 5 18 33 4 30 11 10 8 1 32 7 21 17 3 25 9 6 29 2 28 12 19 27 31 20 23 3.03274 3.0785
0 13 14 26 16 15 24 22 5 18 33 4 30 11 10 8 1 32 7 21 17 3 25 9 6 29 2 28 12 19 27 31 20 23 3.03274 3.1454
0 13 14 26 16 15 24 22 5 18 33 4 30 11 10 8 1 32 7 21 17 3 25 9 6 29 2 28 12 19 27 31 20 23 3.03274 3.06804
0 13 14 26 16 15 24 22 5 18 33 4 30 11 10 8 1 32 7 21 17 3 25 9 6 29 2 28 12 19 27 31 20 23 3.03274 3.05447
0 13 14 26 16 15 24 22 5 18 33 4 30 11 10 8 1 32 7 21 17 3 25 9 6 29 2 28 12 19 27 31 20 23 3.03274 3.05539
0 13 14 26 16 15 24 22 5 18 33 4 30 11 10 8 1 32 7 21 17 3 25 9 6 29 2 28 12 19 27 31 20 23 3.03274 3.1027
0 13 14 26 16 15 24 22 5 18 33 4 30 11 10 8 1 32 7 21 17 3 25 9 6 29 2 28 12 19 27 31 20 23 3.03274 3.08857
0 13 14 26 16 15 24 22 5 18 33 4 30 11 10 8 1 32 7 21 17 3 25 9 6 29 2 28 12 19 27 31 20 23 3.03274 3.10545
0 13 14 26 16 15 24 22 5 18 33 4 30 11 10 8 1 32 7 21 17 3 25 9 6 29 2 28 12 19 27 31 20 23 3.03274 3.08488
0 13 14 26 16 15 24 22 5 18 33 4 30 11 10 8 1 32 7 21 17 3 25 9 6 29 2 28 12 19 27 31 20 23 3.03274 3.13733
0 13 14 26 16 15 24 22 5 18 33 4 30 11 10 8 1 32 7 21 17 3 25 9 6 29 2 28 12 19 27 31 20 23 3.03274 3.11078
0 13 14 26 16 15 24 22 5 18 33 4 30 11 10 8 1 32 7 21 17 3 25 9 6 29 2 28 12 19 27 31 20 23 3.03274 3.13132
0 13 14 26 16 15 24 22 5 18 33 4 30 11 10 8 1 32 7 21 17 3 25 9 6 29 2 28 12 19 27 31 20 23 3.03274 3.1382
0 13 14 26 16 15 24 22 5 18 33 4 30 11 10 8 1 32 7 21 17 3 25 9 6 29 2 28 12 19 27 31 20 23 3.03274 3.11381
0 13 14 26 16 15 24 22 5 18 33 4 30 11 10 8 1 32 7 21 17 3 25 9 6 29 2 28 12 19 27 31 20 23 3.03274 3.14533
0 13 14 26 16 15 24 22 5 18 33 4 30 11 10 8 1 32 7 21 17 3 25 9 6 29 2 28 12 19 27 31 20 23 3.03274 3.16474
0 13 14 26 16 15 24 22 5 18 33 4 30 11 10 8 1 32 7 21 17 3 25 9 6 29 2 28 12 19 27 31 20 23 3.03274 3.08783
0 13 14 26 16 15 24 22 5 18 33 4 30 11 10 8 1 32 7 21 17 3 25 9 6 29 2 28 12 19 27 31 20 23 3.03274 3.05379
0 13 14 26 16 15 24 22 5 18 33 4 30 11 10 8 1 32 7 21 17 3 25 9 6 29 2 28 12 19 27 31 20 23 3.03274 3.10774
0 13 14 26 16 15 24 22 5 18 33 4 30 11 10 8 1 32 7 21 17 3 25 9 6 29 2 28 12 19 27 31 20 23 3.03274 3.09009
0 13 14 26 16 15 24 22 5 18 33 4 30 11 10 8 1 32 7 21 17 3 25 9 6 29 2 28 12 19 27 31 20 23 3.03274 3.03478
0 13 14 26 16 15 24 22 5 18 33 4 30 11 10 8 1 32 7 21 17 3 25 9 6 29 2 28 12 19 27 31 20 23 3.03274 3.07435
0 13 14 26 16 15 24 22 5 18 33 4 30 11 10 8 1 32 7 21 17 3 25 9 6 29 2 28 12 19 27 31 20 23 3.03274 3.03569
0 13 14 26 16 15 24 22 5 18 33 4 30 11 10 8 1 32 7 21 17 3 25 9 6 29 2 28 12 19 27 31 20 23 3.03274 3.07147
0 13 14 26 16 15 24 22 5 18 33 4 30 11 10 8 1 32 7 21 17 3 25 9 6 29 2 28 12 19 27 31 20 23 3.03274 3.05623
0 13 14 26 16 15 24 22 5 18 33 4 30 11 10 8 1 32 7 21 17 3 25 9 6 29 2 28 12 19 27 31 20 23 3.03274 3.03415
0 13 14 26 16 15 24 22 5 18 33 4 30 11 10 8 1 32 7 21 17 3 25 9 6 29 2 28 12 19 27 31 20 23 3.03274 3.04736
0 13 14 26 16 15 24 22 5 18 33 4 30 11 10 8 1 32 7 21 17 3 25 9 6 29 2 28 12 19 27 31 20 23 3.03274 3.04718
0 13 14 26 16 15 24 22 5 18 33 4 30 11 10 8 1 32 7 21 17 3 25 9 6 29 2 28 12 19 27 31 20 23 3.03274 3.06826
0 13 14 26 16 15 24 22 5 18 33 4 30 11 10 8 1 32 7 21 17 3 25 9 6 29 2 28 12 19 27 31 20 23 3.03274 3.06304
0 13 14 26 16 15 24 22 5 18 33 4 30 11 10 8 1 32 7 21 17 3 25 9 6 29 2 28 12 19 27 31 20 23 3.03274 3.05457
0 13 14 26 16 15 24 22 5 18 33 4 30 11 10 8 1 32 7 21 17 3 25 9 6 29 2 28 12 19 27 31 20 23 3.03274 3.08244
0 13 14 26 16 15 24 22 5 18 33 4 30 11 10 8 1 32 7 21 17 3 25 9 6 29 2 28 12 19 27 31 20 23 3.03274 3.0997
0 13 14 26 16 15 24 22 5 18 33 4 30 11 10 8 1 32 7 21 17 3 25 9 6 29 2 28 12 19 27 31 20 23 3.03274 3.07124
0 13 14 26 16 15 24 22 5 18 33 4 30 11 10 8 1 32 7 21 17 3 25 9 6 29 2 28 12 19 27 31 20 23 3.03274 3.06496
0 13 14 26 16 15 24 22 5 18 33 4 30 11 10 8 1 32 7 21 17 3 25 9 6 29 2 28 12 19 27 31 20 23 3.03274 3.1145
0 13 14 26 16 15 24 22 5 18 33 4 30 11 10 8 1 32 7 21 17 3 25 9 6 29 2 28 12 19 27 31 20 23 3.03274 3.11333
0 13 14 26 16 15 24 22 5 18 33 4 30 11 10 8 1 32 7 21 17 3 25 9 6 29 2 28 12 19 27 31 20 23 3.03274 3.10902
0 13 14 26 16 15 24 22 5 18 33 4 30 11 10 8 1 32 7 21 17 3 25 9 6 29 2 28 12 19 27 31 20 23 3.03274 3.08907
0 13 14 26 16 15 24 22 5 18 33 4 30 11 10 8 1 32 7 21 17 3 25 9 6 29 2 28 12 19 27 31 20 23 3.03274 3.0869
0 13 14 26 16 15 24 22 5 18 33 4 30 11 10 8 1 32 7 21 17 3 25 9 6 29 2 28 12 19 27 31 20 23 3.03274 3.13137
0 13 14 26 16 15 24 22 5 18 33 4 30 11 10 8 1 32 7 21 17 3 25 9 6 29 2 28 12 19 27 31 20 23 3.03274 3.061
0 13 14 26 16 15 24 22 5 18 33 4 30 11 10 8 1 32 7 21 17 3 25 9 6 29 2 28 12 19 27 31 20 23 3.03274 3.09723
0 13 14 26 16 15 24 22 5 18 33 4 30 11 10 8 1 32 7 21 17 3 25 9 6 29 2 28 12 19 27 31 20 23 3.03274 3.10106
0 13 14 26 16 15 24 22 5 18 33 4 30 11 10 8 1 32 7 21 17 3 25 9 6 29 2 28 12 19 27 31 20 23 3.03274 3.17098
0 13 14 26 16 15 24 22 5 18 33 4 30 11 10 8 1 32 7 21 17 3 25 9 6 29 2 28 12 19 27 31 20 23 3.03274 3.13749
0 13 14 26 16 15 24 22 5 18 33 4 30 11 10 8 1 32 7 21 17 3 25 9 6 29 2 28 12 19 27 31 20 23 3.03274 3.09151
0 13 14 26 16 15 24 22 5 18 33 4 30 11 10 8 1 32 7 21 17 3 25 9 6 29 2 28 12 19 27 31 20 23 3.03274 3.08933
0 13 14 26 16 15 24 22 5 18 33 4 30 11 10 8 1 32 7 21 17 3 25 9 6 29 2 28 12 19 27 31 20 23 3.03274 3.04292
0 13 14 26 16 15 24 22 5 18 33 4 30 11 10 8 1 32 7 21 17 3 25 9 6 29 2 28 12 19 27 31 20 23 3.03274 3.03749
0 13 14 26 16 15 24 22 5 18 33 4 30 11 10 8 1 32 7 21 17 3 25 9 6 29 2 28 12 19 27 31 20 23 3.03274 3.05302
0 13 14 26 16 15 24 22 5 18 33 4 30 11 10 8 1 32 7 21 17 3 25 9 6 29 2 28 12 19 27 31 20 23 3.03274 3.09097
0 13 14 26 16 15 24 22 5 18 33 4 30 11 10 8 1 32 7 21 17 3 25 9 6 29 2 28 12 19 27 31 20 23 3.03274 3.0606
0 13 14 26 16 15 24 22 5 18 33 4 30 11 10 8 1 32 7 21 17 3 25 9 6 29 2 28 12 19 27 31 20 23 3.03274 3.07492
0 13 14 26 16 15 24 22 5 18 33 4 30 11 10 8 1 32 7 21 17 3 25 9 6 29 2 28 12 19 27 31 20 23 3.03274 3.10904
0 13 14 26 16 15 24 22 5 18 33 4 30 11 10 8 1 32 7 21 17 3 25 9 6 29 2 28 12 19 27 31 20 23 3.03274 3.078
0 13 14 26 16 15 24 22 5 18 33 4 30 11 10 8 1 32 7 21 17 3 25 9 6 29 2 28 12 19 27 31 20 23 3.03274 3.04311
0 13 14 26 16 15 24 22 5 18 33 4 30 11 10 8 1 32 7 21 17 3 25 9 6 29 2 28 12 19 27 31 20 23 3.03274 3.11453
0 13 14 26 16 15 24 22 5 18 33 4 30 11 10 8 1 32 7 21 17 3 25 9 6 29 2 28 12 19 27 31 20 23 3.03274 3.09928
0 13 14 26 16 15 24 22 5 18 33 4 30 11 10 8 1 32 7 21 17 3 25 9 6 29 2 28 12 19 27 31 20 23 3.03274 3.09483
0 13 14 26 16 15 24 22 5 18 33 4 30 11 10 8 1 32 7 21 17 3 25 9 6 29 2 28 12 19 27 31 20 23 3.03274 3.09447
0 13 14 26 16 15 24 22 5 18 33 4 30 11 10 8 1 32 7 21 17 3 25 9 6 29 2 28 12 19 27 31 20 23 3.03274 3.10442
0 13 14 26 16 15 24 22 5 18 33 4 30 11 10 8 1 32 7 21 17 3 25 9 6 29 2 28 12 19 27 31 20 23 3.03274 3.06844
0 13 14 26 16 15 24 22 5 18 33 4 30 11 10 8 1 32 7 21 17 3 25 9 6 29 2 28 12 19 27 31 20 23 3.03274 3.10488
0 13 14 26 16 15 24 22 5 18 33 4 30 11 10 8 1 32 7 21 17 3 25 9 6 29 2 28 12 19 27 31 20 23 3.03274 3.08266
0 13 14 26 16 15 24 22 5 18 33 4 30 11 10 8 1 32 7 21 17 3 25 9 6 29 2 28 12 19 27 31 20 23 3.03274 3.08489
0 13 14 26 16 15 24 22 5 18 33 4 30 11 10 8 1 32 7 21 17 3 25 9 6 29 2 28 12 19 27 31 20 23 3.03274 3.11208
0 13 14 26 16 15 24 22 5 18 33 4 30 11 10 8 1 32 7 21 17 3 25 9 6 29 2 28 12 19 27 31 20 23 3.03274 3.10485
0 13 14 26 16 15 24 22 5 18 33 4 30 11 10 8 1 32 7 21 17 3 25 9 6 29 2 28 12 19 27 31 20 23 3.03274 3.04154
0 13 14 26 16 15 24 22 5 18 33 4 30 11 10 8 1 32 7 21 17 3 25 9 6 29 2 28 12 19 27 31 20 23 3.03274 3.07696
0 13 14 26 16 15 24 22 5 18 33 4 30 11 10 8 1 32 7 21 17 3 25 9 6 29 2 28 12 19 27 31 20 23 3.03274 3.08622
0 13 14 26 16 15 24 22 5 18 33 4 30 11 10 8 1 32 7 21 17 3 25 9 6 29 2 28 12 19 27 31 20 23 3.03274 3.08076
0 13 14 26 16 15 24 22 5 18 33 4 30 11 10 8 1 32 7 21 17 3 25 9 6 29 2 28 12 19 27 31 20 23 3.03274 3.11522
0 13 14 26 16 15 24 22 5 18 33 4 30 11 10 8 1 32 7 21 17 3 25 9 6 29 2 28 12 19 27 31 20 23 3.03274 3.11272
0 13 14 26 16 15 24 22 5 18 33 4 30 11 10 8 1 32 7 21 17 3 25 9 6 29 2 28 12 19 27 31 20 23 3.03274 3.11196
0 13 14 26 16 15 24 22 5 18 33 4 30 11 10 8 1 32 7 21 17 3 25 9 6 29 2 28 12 19 27 31 20 23 3.03274 3.11353
0 13 14 26 16 15 24 22 5 18 33 4 30 11 10 8 1 32 7 21 17 3 25 9 6 29 2 28 12 19 27 31 20 23 3.03274 3.113
0 13 14 26 16 15 24 22 5 18 33 4 30 11 10 8 1 32 7 21 17 3 25 9 6 29 2 28 12 19 27 31 20 23 3.03274 3.11169
0 13 14 26 16 15 24 22 5 18 33 4 30 11 10 8 1 32 7 21 17 3 25 9 6 29 2 28 12 19 27 31 20 23 3.03274 3.14504
0 13 14 26 16 15 24 22 5 18 33 4 30 11 10 8 1 32 7 21 17 3 25 9 6 29 2 28 12 19 27 31 20 23 3.03274 3.1419
0 13 14 26 16 15 24 22 5 18 33 4 30 11 10 8 1 32 7 21 17 3 25 9 6 29 2 28 12 19 27 31 20 23 3.03274 3.11353
0 13 14 26 16 15 24 22 5 18 33 4 30 11 10 8 1 32 7 21 17 3 25 9 6 29 2 28 12 19 27 31 20 23 3.03274 3.07275
0 13 14 26 16 15 24 22 5 18 33 4 30 11 10 8 1 32 7 21 17 3 25 9 6 29 2 28 12 19 27 31 20 23 3.03274 3.15198
0 13 14 26 16 15 24 22 5 18 33 4 30 11 10 8 1 32 7 21 17 3 25 9 6 29 2 28 12 19 27 31 20 23 3.03274 3.07562
0 13 14 26 16 15 24 22 5 18 33 4 30 11 10 8 1 32 7 21 17 3 25 9 6 29 2 28 12 19 27 31 20 23 3.03274 3.04867
0 13 14 26 16 15 24 22 5 18 33 4 30 11 10 8 1 32 7 21 17 3 25 9 6 29 2 28 12 19 27 31 20 23 3.03274 3.0625
0 13 14 26 16 15 24 22 5 18 33 4 30 11 10 8 1 32 7 21 17 3 25 9 6 29 2 28 12 19 27 31 20 23 3.03274 3.13848
0 13 14 26 16 15 24 22 5 18 33 4 30 11 10 8 1 32 7 21 17 3 25 9 6 29 2 28 12 19 27 31 20 23 3.03274 3.08943
0 13 14 26 16 15 24 22 5 18 33 4 30 11 10 8 1 32 7 21 17 3 25 9 6 29 2 28 12 19 27 31 20 23 3.03274 3.08529
0 13 14 26 16 15 24 22 5 18 33 4 30 11 10 8 1 32 7 21 17 3 25 9 6 29 2 28 12 19 27 31 20 23 3.03274 3.06994
0 13 14 26 16 15 24 22 5 18 33 4 30 11 10 8 1 32 7 21 17 3 25 9 6 29 2 28 12 19 27 31 20 23 3.03274 3.18107
0 13 14 26 16 15 24 22 5 18 33 4 30 11 10 8 1 32 7 21 17 3 25 9 6 29 2 28 12 19 27 31 20 23 3.03274 3.0871
0 13 14 26 16 15 24 22 5 18 33 4 30 11 10 8 1 32 7 21 17 3 25 9 6 29 2 28 12 19 27 31 20 23 3.03274 3.09595
0 13 14 26 16 15 24 22 5 18 33 4 30 11 10 8 1 32 7 21 17 3 25 9 6 29 2 28 12 19 27 31 20 23 3.03274 3.06894
0 13 14 26 16 15 24 22 5 18 33 4 30 11 10 8 1 32 7 21 17 3 25 9 6 29 2 28 12 19 27 31 20 23 3.03274 3.12927
0 13 14 26 16 15 24 22 5 18 33 4 30 11 10 8 1 32 7 21 17 3 25 9 6 29 2 28 12 19 27 31 20 23 3.03274 3.13966
0 13 14 26 16 15 24 22 5 18 33 4 30 11 10 8 1 32 7 21 17 3 25 9 6 29 2 28 12 19 27 31 20 23 3.03274 3.17229
0 13 14 26 16 15 24 22 5 18 33 4 30 11 10 8 1 32 7 21 17 3 25 9 6 29 2 28 12 19 27 31 20 23 3.03274 3.14493
0 13 14 26 16 15 24 22 5 18 33 4 30 11 10 8 1 32 7 21 17 3 25 9 6 29 2 28 12 19 27 31 20 23 3.03274 3.07657
0 13 14 26 16 15 24 22 5 18 33 4 30 11 10 8 1 32 7 21 17 3 25 9 6 29 2 28 12 19 27 31 20 23 3.03274 3.08479
0 13 14 26 16 15 24 22 5 18 33 4 30 11 10 8 1 32 7 21 17 3 25 9 6 29 2 28 12 19 27 31 20 23 3.03274 3.10614
0 13 14 26 16 15 24 22 5 18 33 4 30 11 10 8 1 32 7 21 17 3 25 9 6 29 2 28 12 19 27 31 20 23 3.03274 3.18148
0 13 14 26 16 15 24 22 5 18 33 4 30 11 10 8 1 32 7 21 17 3 25 9 6 29 2 28 12 19 27 31 20 23 3.03274 3.1303
0 13 14 26 16 15 24 22 5 18 33 4 30 11 10 8 1 32 7 21 17 3 25 9 6 29 2 28 12 19 27 31 20 23 3.03274 3.13592
0 13 14 26 16 15 24 22 5 18 33 4 30 11 10 8 1 32 7 21 17 3 25 9 6 29 2 28 12 19 27 31 20 23 3.03274 3.09006
0 13 14 26 16 15 24 22 5 18 33 4 30 11 10 8 1 32 7 21 17 3 25 9 6 29 2 28 12 19 27 31 20 23 3.03274 3.05838
0 13 14 26 16 15 24 22 5 18 33 4 30 11 10 8 1 32 7 21 17 3 25 9 6 29 2 28 12 19 27 31 20 23 3.03274 3.04171
0 13 14 26 16 15 24 22 5 18 33 4 30 11 10 8 1 32 7 21 17 3 25 9 6 29 2 28 12 19 27 31 20 23 3.03274 3.05456
0 13 14 26 16 15 24 22 5 18 33 4 30 11 10 8 1 32 7 21 17 3 25 9 6 29 2 28 12 19 27 31 20 23 3.03274 3.06731
0 13 14 26 16 15 24 22 5 18 33 4 30 11 10 8 1 32 7 21 17 3 25 9 6 29 2 28 12 19 27 31 20 23 3.03274 3.07559
0 13 14 26 16 15 24 22 5 18 33 4 30 11 10 8 1 32 7 21 17 3 25 9 6 29 2 28 12 19 27 31 20 23 3.03274 3.05887
0 13 14 26 16 15 24 22 5 18 33 4 30 11 10 8 1 32 7 21 17 3 25 9 6 29 2 28 12 19 27 31 20 23 3.03274 3.09155
0 13 14 26 16 15 24 22 5 18 33 4 30 11 10 8 1 32 7 21 17 3 25 9 6 29 2 28 12 19 27 31 20 23 3.03274 3.13476
0 13 14 26 16 15 24 22 5 18 33 4 30 11 10 8 1 32 7 21 17 3 25 9 6 29 2 28 12 19 27 31 20 23 3.03274 3.08203
0 13 14 26 16 15 24 22 5 18 33 4 30 11 10 8 1 32 7 21 17 3 25 9 6 29 2 28 12 19 27 31 20 23 3.03274 3.11358
0 13 14 26 16 15 24 22 5 18 33 4 30 11 10 8 1 32 7 21 17 3 25 9 6 29 2 28 12 19 27 31 20 23 3.03274 3.08457
0 13 14 26 16 15 24 22 5 18 33 4 30 11 10 8 1 32 7 21 17 3 25 9 6 29 2 28 12 19 27 31 20 23 3.03274 3.0844
0 13 14 26 16 15 24 22 5 18 33 4 30 11 10 8 1 32 7 21 17 3 25 9 6 29 2 28 12 19 27 31 20 23 3.03274 3.13466
0 13 14 26 16 15 24 22 5 18 33 4 30 11 10 8 1 32 7 21 17 3 25 9 6 29 2 28 12 19 27 31 20 23 3.03274 3.08551
0 13 14 26 16 15 24 22 5 18 33 4 30 11 10 8 1 32 7 21 17 3 25 9 6 29 2 28 12 19 27 31 20 23 3.03274 3.07881
0 13 14 26 16 15 24 22 5 18 33 4 30 11 10 8 1 32 7 21 17 3 25 9 6 29 2 28 12 19 27 31 20 23 3.03274 3.11775
0 13 14 26 16 15 24 22 5 18 33 4 30 11 10 8 1 32 7 21 17 3 25 9 6 29 2 28 12 19 27 31 20 23 3.03274 3.11266
0 13 14 26 16 15 24 22 5 18 33 4 30 11 10 8 1 32 7 21 17 3 25 9 6 29 2 28 12 19 27 31 20 23 3.03274 3.0718
0 13 14 26 16 15 24 22 5 18 33 4 30 11 10 8 1 32 7 21 17 3 25 9 6 29 2 28 12 19 27 31 20 23 3.03274 3.05
0 13 14 26 16 15 24 22 5 18 33 4 30 11 10 8 1 32 7 21 17 3 25 9 6 29 2 28 12 19 27 31 20 23 3.03274 3.03297
0 13 14 26 16 15 24 22 5 18 33 4 30 11 10 8 1 32 7 21 17 3 25 9 6 29 2 28 12 19 27 31 20 23 3.03274 3.04303
0 13 14 26 16 15 24 22 5 18 33 4 30 11 10 8 1 32 7 21 17 3 25 9 6 29 2 28 12 19 27 31 20 23 3.03274 3.08388
0 13 14 26 16 15 24 22 5 18 33 4 30 11 10 8 1 32 7 21 17 3 25 9 6 29 2 28 12 19 27 31 20 23 3.03274 3.05851
0 13 14 26 16 15 24 22 5 18 33 4 30 11 10 8 1 32 7 21 17 3 25 9 6 29 2 28 12 19 27 31 20 23 3.03274 3.03487
0 13 14 26 16 15 24 22 5 18 33 4 30 11 10 8 1 32 7 21 17 3 25 9 6 29 2 28 12 19 27 31 20 23 3.03274 3.03413
0 13 14 26 16 15 24 22 5 18 33 4 30 11 10 8 1 32 7 21 17 3 25 9 6 29 2 28 12 19 27 31 20 23 3.03274 3.04603
0 13 14 26 16 15 24 22 5 18 33 4 30 11 10 8 1 32 7 21 17 3 25 9 6 29 2 28 12 19 27 31 20 23 3.03274 3.08618
0 13 14 26 16 15 24 22 5 18 33 4 30 11 10 8 1 32 7 21 17 3 25 9 6 29 2 28 12 19 27 31 20 23 3.03274 3.0718
0 13 14 26 16 15 24 22 5 18 33 4 30 11 10 8 1 32 7 21 17 3 25 9 6 29 2 28 12 19 27 31 20 23 3.03274 3.05891
0 13 14 26 16 15 24 22 5 18 33 4 30 11 10 8 1 32 7 21 17 3 25 9 6 29 2 28 12 19 27 31 20 23 3.03274 3.07883
0 13 14 26 16 15 24 22 5 18 33 4 30 11 10 8 1 32 7 21 17 3 25 9 6 29 2 28 12 19 27 31 20 23 3.03274 3.12675
0 13 14 26 16 15 24 22 5 18 33 4 30 11 10 8 1 32 7 21 17 3 25 9 6 29 2 28 12 19 27 31 20 23 3.03274 3.16157
0 13 14 26 16 15 24 22 5 18 33 4 30 11 10 8 1 32 7 21 17 3 25 9 6 29 2 28 12 19 27 31 20 23 3.03274 3.10791
0 13 14 26 16 15 24 22 5 18 33 4 30 11 10 8 1 32 7 21 17 3 25 9 6 29 2 28 12 19 27 31 20 23 3.03274 3.06865
