0 49 27 38 19 42 1 36 10 35 40 30 9 5 46 29 7 25 21 11 32 3 12 41 48 15 45 22 28 18 33 2 43 13 8 17 16 23 37 44 20 26 4 24 14 6 34 31 47 39 26035.6 30376.5
0 49 27 38 19 42 1 36 10 35 40 30 9 5 11 46 25 3 7 32 21 29 12 41 48 15 45 22 28 18 33 43 2 13 8 17 16 23 37 44 20 26 4 24 14 6 34 31 47 39 22038.8 27012.1
0 49 27 38 19 42 1 36 10 35 40 30 9 5 11 46 25 3 21 41 32 15 22 48 29 7 12 45 28 18 33 43 2 13 8 17 16 23 37 44 20 26 4 24 14 6 34 31 47 39 20473.4 24351.7
0 49 35 40 30 9 5 11 46 25 3 21 41 32 15 22 48 29 7 12 45 28 18 33 43 2 13 8 17 16 23 37 44 20 26 4 24 14 6 34 19 42 1 36 10 27 38 31 47 39 18319.3 22115.4
0 49 35 40 30 41 32 15 22 48 29 7 12 45 28 18 33 43 2 13 8 17 16 23 37 44 20 26 4 24 14 6 34 19 9 5 11 46 25 3 21 42 1 36 10 27 38 31 47 39 18061.6 19999.7
0 49 35 40 30 9 5 11 46 25 3 2 8 37 12 13 41 18 33 6 14 24 45 22 4 43 26 23 48 44 20 28 16 17 7 21 32 15 29 34 19 42 1 36 10 27 38 31 47 39 17670.6 18791.5
0 49 35 40 30 9 5 11 46 25 3 2 8 37 12 13 41 18 33 6 14 24 27 10 36 1 42 19 34 29 15 32 21 7 17 16 28 20 44 48 23 26 43 4 22 45 38 31 47 39 15923.7 18139.6
0 49 35 40 30 9 5 11 46 25 3 2 8 37 12 13 41 18 33 6 14 24 1 36 10 27 42 19 34 29 15 32 21 7 17 16 28 20 44 48 23 26 43 4 22 45 38 31 47 39 15769 17499.7
0 49 35 40 30 9 5 11 46 25 3 2 8 37 12 13 41 18 33 6 14 24 1 36 10 27 42 19 34 29 45 38 31 15 32 21 7 17 16 28 20 44 48 23 26 43 4 22 47 39 15505.7 16628.1
0 49 35 40 30 9 5 11 46 25 8 37 12 13 41 18 33 6 14 24 3 2 1 36 10 27 42 19 34 29 15 32 21 7 17 16 28 20 44 48 23 26 43 4 22 45 38 31 47 39 14443.8 15929.9
0 49 35 40 30 25 46 11 5 9 8 37 12 13 41 18 33 6 14 24 3 2 1 36 10 27 42 19 34 29 15 32 21 7 17 16 28 20 44 48 23 26 43 4 22 45 38 31 47 39 13112.3 15380.2
0 49 35 40 30 25 46 11 5 9 8 37 12 13 41 18 33 6 14 24 3 2 1 36 10 27 42 47 31 38 45 22 4 43 26 23 48 44 20 28 16 17 7 21 32 15 29 34 19 39 12936.4 14525.6
0 49 35 40 30 25 46 11 5 9 8 37 12 13 41 18 33 6 14 24 3 2 1 36 10 27 42 21 7 17 16 28 20 44 19 34 29 15 32 48 23 26 43 4 22 45 38 31 47 39 12537.4 13526.7
0 49 35 40 30 25 46 11 5 9 8 37 12 13 41 18 33 6 14 24 3 2 1 36 10 27 42 17 16 28 20 44 48 23 26 43 4 22 45 38 31 47 7 21 32 15 29 34 19 39 12370.9 13058.8
0 3 24 14 6 33 18 41 13 12 37 8 9 5 11 46 25 49 35 40 30 2 1 36 10 27 42 21 7 17 16 28 20 44 19 34 29 15 32 48 23 26 43 4 22 45 38 31 47 39 11733.6 12659.1
0 17 16 28 20 44 19 34 29 15 32 48 23 26 43 4 22 45 38 31 47 39 7 21 42 27 10 36 1 2 30 40 35 49 25 46 11 5 9 8 37 12 13 41 18 33 6 14 24 3 11466.7 12388.1
0 17 16 28 20 44 19 34 29 6 33 18 41 13 12 37 8 9 5 11 46 25 49 35 40 30 2 1 36 10 27 42 21 7 15 32 48 23 26 43 4 22 45 38 31 47 39 14 24 3 11162.2 12069.1
0 3 24 14 6 33 18 41 13 12 37 8 9 5 11 46 25 49 35 40 30 2 1 36 10 27 4 43 26 23 48 32 15 29 34 19 44 20 28 16 17 7 21 42 22 45 38 31 47 39 10563.1 11842.6
0 17 16 28 20 44 19 34 29 6 33 18 41 13 12 37 8 9 5 11 46 25 49 35 40 30 2 1 36 10 27 4 43 26 23 48 32 15 7 21 42 22 45 38 31 47 39 14 24 3 9991.6 11447.8
0 17 16 28 20 44 19 34 29 6 33 18 41 13 12 37 8 9 5 11 46 25 49 35 40 30 2 1 36 10 27 4 43 26 23 48 32 15 24 14 39 47 31 38 45 22 42 21 7 3 9883.7 10856.6
0 17 16 28 20 44 19 34 29 6 33 18 41 13 12 37 8 9 35 49 25 46 11 5 40 30 2 1 36 10 27 4 43 26 23 48 32 15 24 14 39 47 31 38 45 22 42 21 7 3 9554.73 10263.7
0 17 16 28 20 37 29 34 19 44 6 33 18 41 13 12 8 9 35 49 25 46 11 5 40 30 2 1 36 10 27 4 43 26 23 48 32 15 24 14 39 47 31 38 45 22 42 21 7 3 9392.92 9929.58
0 17 8 9 35 49 25 46 11 5 40 30 2 1 36 10 27 4 43 26 23 48 32 15 24 14 39 47 31 38 45 22 42 21 7 37 12 13 41 18 33 6 29 34 19 44 20 28 16 3 9120.77 9620.09
0 17 16 28 20 37 29 34 19 44 6 33 18 41 13 12 8 9 35 49 25 46 11 5 40 30 2 1 36 10 27 4 43 26 23 48 32 15 24 14 22 42 21 45 38 31 47 39 7 3 8928.61 9494.01
0 17 8 9 35 49 25 46 11 5 40 30 2 1 36 10 27 4 43 26 23 48 32 15 24 14 39 47 31 38 28 20 37 29 34 19 44 6 33 18 41 13 12 22 42 21 45 7 16 3 8550.84 9207.45
0 17 8 9 35 49 25 46 11 5 40 30 2 1 36 10 27 4 43 26 23 48 32 15 24 14 39 47 31 38 28 20 37 29 34 19 44 18 33 6 41 13 12 22 42 21 45 7 16 3 8427.26 8983.51
0 17 8 9 42 22 12 13 41 6 33 18 44 19 34 29 37 20 28 38 31 47 39 14 24 15 32 48 23 26 43 4 27 10 36 1 2 30 40 5 11 46 25 49 35 21 45 7 16 3 8333.59 8693.85
0 17 8 9 42 22 12 13 41 6 33 18 44 19 34 29 37 20 28 38 31 47 39 24 14 15 32 48 23 26 43 4 27 10 36 1 2 30 40 5 11 46 25 49 35 21 45 7 16 3 8261.27 8569.18
0 17 8 9 35 49 25 46 11 5 40 30 2 1 36 10 27 4 43 26 23 42 22 12 13 41 6 33 18 44 19 34 29 37 20 28 38 31 47 39 24 14 15 32 48 21 45 7 16 3 7993.91 8424.29
0 17 8 9 35 49 25 46 11 5 43 4 27 10 36 1 2 30 40 26 23 42 22 12 13 41 6 33 18 44 19 34 29 37 20 28 38 31 47 39 24 14 15 32 48 21 45 7 16 3 7794.98 8291.84
0 17 8 9 42 22 12 13 41 6 33 18 44 19 34 29 37 20 28 38 31 47 39 24 14 15 32 48 23 26 43 4 27 10 1 36 2 30 40 5 11 46 25 49 35 21 45 7 16 3 7543.34 8074.88
0 17 8 9 42 22 23 26 43 4 27 10 1 36 2 30 40 5 11 46 25 49 35 12 13 41 6 33 18 44 19 34 29 37 20 28 38 31 47 39 24 14 15 32 48 21 45 7 16 3 7440.29 7944.82
0 17 42 22 12 13 41 6 33 18 44 19 34 29 37 20 28 38 31 47 39 8 9 14 24 15 32 35 49 25 46 11 5 40 43 4 27 10 1 36 2 30 26 23 48 21 45 7 16 3 7093.43 7698.27
0 17 42 22 12 13 41 6 33 18 44 19 34 29 37 20 28 38 31 47 39 8 9 14 24 15 32 35 49 25 46 11 43 4 27 10 1 36 2 30 40 5 26 23 48 21 45 7 16 3 6898.02 7565.76
0 17 8 9 42 22 12 13 41 19 44 18 33 6 34 29 37 20 28 38 31 47 39 24 14 15 32 35 49 25 46 11 43 4 27 10 1 36 2 30 40 5 26 48 21 45 7 16 3 23 6827.98 7350.07
0 17 42 22 12 13 41 6 33 18 44 19 34 29 37 20 28 38 31 47 39 8 9 14 24 15 32 35 49 25 46 11 43 4 27 10 1 36 2 30 40 5 26 48 21 45 7 16 3 23 6709.23 7094.97
0 17 42 22 12 13 41 19 44 18 33 6 34 29 37 20 28 38 31 47 39 8 9 14 24 15 32 35 49 25 46 11 43 4 27 10 1 36 2 30 40 5 26 48 21 45 7 16 3 23 6659.25 6918.88
0 17 42 22 12 13 41 19 44 18 33 6 34 29 37 20 28 38 31 47 39 8 9 24 14 15 32 35 49 25 46 11 43 4 27 10 1 36 2 30 40 5 26 48 21 45 7 16 3 23 6595.02 6785.23
0 17 42 35 49 25 46 11 43 4 27 10 1 36 2 30 40 32 15 24 14 9 8 39 47 31 38 28 20 37 29 34 19 44 18 33 6 41 13 12 22 5 26 48 21 45 7 16 3 23 6492.07 6675.35
0 17 42 35 22 12 13 41 19 44 18 33 6 34 29 37 20 28 38 31 47 39 8 9 14 24 15 32 49 25 46 11 43 4 27 10 1 36 2 30 40 5 26 48 21 45 7 16 3 23 6382.45 6646.45
0 17 42 35 49 25 46 11 43 4 27 10 1 36 2 30 40 32 15 24 22 12 13 41 19 44 18 33 6 29 34 37 20 28 38 31 47 39 8 9 14 5 26 48 21 45 7 16 3 23 6367.12 6676.31
0 17 42 35 22 12 13 41 19 44 18 33 6 34 29 37 20 28 38 31 47 39 8 9 14 24 15 32 40 49 25 46 11 43 4 27 10 1 36 2 30 5 26 48 21 45 7 16 3 23 6238.25 6574.55
0 17 42 35 22 12 13 41 19 44 18 33 6 34 29 37 20 28 38 31 47 39 8 9 14 24 15 32 40 49 25 46 11 43 4 27 10 1 36 2 30 5 26 48 21 45 7 16 3 23 6238.25 6575.48
0 17 42 35 22 12 13 41 19 44 18 33 6 34 47 39 8 9 14 24 15 32 40 49 25 46 11 43 4 27 10 1 36 2 30 5 26 48 21 45 29 37 20 28 38 31 7 16 3 23 6188.8 6436.47
0 17 42 35 22 12 13 41 19 44 18 33 6 37 20 28 38 31 34 47 39 8 9 14 24 15 32 40 49 25 46 11 43 4 27 10 1 36 2 30 5 26 48 21 45 29 7 16 3 23 6111.59 6383.41
0 17 42 35 22 12 13 41 19 44 18 33 6 37 20 28 38 31 34 47 39 8 9 14 24 15 32 40 49 25 46 11 43 4 27 10 1 36 2 30 5 26 48 21 45 29 7 16 3 23 6111.59 6309.48
0 17 42 35 22 12 13 41 19 44 18 33 6 37 20 28 38 31 34 47 39 8 9 14 24 15 32 40 49 25 46 11 43 4 27 10 1 36 2 30 5 26 48 21 45 29 7 16 3 23 6111.59 6275.86
0 17 42 35 22 12 13 41 19 44 18 6 33 37 20 28 38 31 34 47 39 8 9 14 24 15 32 40 49 25 46 11 43 4 27 10 1 36 2 30 5 26 48 21 45 29 7 16 3 23 6103.5 6180.99
0 17 42 35 22 12 13 41 19 44 18 33 6 37 20 28 38 7 29 45 21 48 26 5 30 2 36 1 10 27 4 43 11 46 25 49 40 32 15 24 14 9 8 39 47 34 31 16 3 23 6003 6120.82
0 17 42 35 22 12 13 41 19 44 18 33 6 37 20 28 38 7 29 45 21 48 26 5 30 2 36 1 10 27 4 43 11 46 25 49 40 32 15 24 14 9 8 39 47 31 34 16 3 23 5975.8 6138.03
0 17 42 35 22 12 13 41 19 44 18 33 6 37 20 28 38 7 29 45 21 48 26 5 30 2 36 1 10 27 4 43 11 46 25 49 40 32 15 14 24 9 8 39 47 34 31 16 3 23 5938.77 6110.26
0 17 42 35 22 12 13 41 19 44 18 33 6 37 20 28 38 7 29 45 21 48 26 5 30 2 11 43 4 27 10 1 36 46 25 49 40 32 15 24 14 9 8 39 47 31 34 16 3 23 5792.25 6064.62
0 17 42 35 22 12 13 41 19 44 18 33 6 37 20 28 38 7 29 45 21 48 26 5 30 2 11 43 4 27 10 1 36 46 25 49 40 32 15 24 14 9 8 39 47 31 34 16 3 23 5792.25 5942.48
0 17 42 35 22 12 13 41 19 44 18 33 6 37 20 28 38 7 29 45 21 48 26 5 30 2 11 43 4 27 10 1 36 46 25 49 40 32 15 24 14 9 8 39 47 31 34 16 3 23 5792.25 5869.49
0 17 42 35 22 12 13 41 14 24 15 32 40 49 25 46 36 1 10 27 4 43 11 2 30 5 26 48 21 45 29 7 38 28 20 37 6 33 18 44 19 9 8 39 47 31 34 16 3 23 5697.62 5820.32
0 17 42 35 22 12 13 41 14 24 15 32 40 49 25 46 36 1 10 27 4 43 11 2 30 5 26 48 21 45 29 7 38 28 20 37 6 33 18 44 19 9 8 39 47 31 34 16 3 23 5697.62 5799.4
0 17 42 35 22 12 13 41 14 24 15 32 40 49 25 46 36 1 10 27 4 43 11 2 30 5 26 48 21 45 29 7 38 28 20 37 6 33 18 44 19 9 8 39 47 31 34 16 3 23 5697.62 5854.39
0 17 42 35 22 12 13 41 8 39 47 34 31 19 44 18 33 6 37 20 28 38 7 29 45 21 48 26 5 30 2 43 4 27 10 1 36 11 46 25 49 40 32 15 14 24 9 16 3 23 5667.04 5823.98
0 17 42 35 22 12 13 41 8 39 47 34 31 19 44 18 33 6 37 20 28 38 7 29 45 21 48 26 5 30 2 43 4 27 10 1 36 11 46 25 49 40 32 15 14 24 9 16 3 23 5667.04 5775.49
0 17 42 35 22 12 13 41 8 39 47 34 31 19 37 6 33 18 44 20 28 38 7 29 45 21 48 26 5 30 2 43 4 27 10 1 36 11 46 25 49 40 32 15 14 24 9 16 3 23 5593.31 5774.91
0 17 42 35 22 12 13 41 8 39 47 34 31 19 37 6 33 18 44 20 28 38 7 29 45 21 48 26 5 30 2 43 4 27 10 1 36 11 46 25 49 40 32 15 14 24 9 16 3 23 5593.31 5775.32
0 17 42 35 22 12 13 41 8 39 47 34 31 19 37 6 33 18 44 20 28 38 7 29 45 21 48 26 5 30 2 43 4 27 10 1 36 11 46 25 49 40 32 15 14 24 9 16 3 23 5593.31 5673.43
0 17 42 35 22 12 13 41 8 39 47 34 31 19 37 6 33 18 44 20 28 38 7 29 45 21 48 26 5 30 2 43 4 27 10 1 36 11 46 25 49 40 32 15 14 24 9 16 3 23 5593.31 5638.61
0 17 42 35 22 12 13 41 8 39 47 34 31 19 37 6 33 44 18 20 28 38 7 29 45 21 48 26 5 30 2 43 4 27 10 1 36 11 46 25 49 40 32 15 14 24 9 16 3 23 5578.26 5601.77
0 17 42 35 5 30 2 43 4 27 10 1 36 11 46 25 49 40 32 15 14 24 16 22 12 13 41 8 39 47 34 31 19 37 6 33 18 44 20 28 38 7 29 45 21 48 26 3 23 9 5567.18 5588.92
0 17 42 35 5 30 2 43 4 27 10 1 36 11 46 25 49 40 32 15 14 24 16 22 12 13 41 8 39 47 34 31 19 37 6 33 18 44 20 28 38 29 7 45 21 48 26 3 23 9 5549.02 5593.03
0 17 42 35 5 30 2 43 4 27 10 1 36 11 46 25 49 40 32 15 14 22 12 13 41 8 39 47 34 31 19 37 6 33 18 44 20 28 38 7 29 45 21 48 26 24 9 16 3 23 5514.53 5693.11
0 17 42 35 5 30 2 43 4 27 10 1 36 11 46 25 49 40 32 22 15 14 24 16 12 13 41 8 39 47 34 31 19 37 6 33 18 44 20 28 38 29 7 45 21 48 26 3 23 9 5440.03 5682.88
0 17 42 35 5 30 2 43 4 27 10 1 36 11 46 25 49 40 32 22 15 14 24 16 12 13 41 8 39 47 34 31 19 37 6 33 18 44 20 28 38 29 7 45 21 48 26 3 23 9 5440.03 5720.02
0 17 42 35 5 30 2 43 4 27 10 1 36 11 46 25 49 40 32 22 15 14 24 16 12 13 41 8 39 47 34 31 19 37 6 33 18 44 20 28 38 29 7 45 21 48 26 3 23 9 5440.03 5552.28
0 17 42 35 5 30 2 43 4 27 10 1 36 11 46 25 49 40 32 22 15 14 24 12 41 8 39 47 34 31 19 37 6 33 18 44 20 28 38 29 7 45 21 48 26 3 23 13 16 9 5425.19 5516.6
0 17 42 35 5 30 2 43 4 27 10 1 36 11 46 25 49 40 32 22 48 21 45 7 29 38 28 20 44 18 33 6 37 19 31 34 47 39 8 41 13 12 16 24 14 15 26 3 23 9 5361.35 5465.86
0 17 42 35 5 30 2 43 4 27 10 1 36 11 46 25 49 40 32 22 48 21 47 34 31 19 37 6 33 18 44 20 28 38 29 7 45 39 8 41 13 12 16 24 14 15 26 3 23 9 5317.99 5455.06
0 17 42 35 5 30 2 43 4 27 10 1 36 11 46 25 49 40 32 22 48 21 47 34 31 19 37 6 33 18 44 20 28 38 29 7 45 39 8 41 13 12 16 24 14 15 26 3 23 9 5317.99 5491.54
0 17 42 35 5 30 2 43 4 27 10 1 36 11 46 25 49 40 32 22 48 21 34 31 19 37 6 33 18 44 20 28 38 29 7 45 47 39 8 41 13 12 16 24 14 15 26 3 23 9 5307.29 5448.39
0 17 42 35 5 30 2 43 4 27 10 1 36 11 46 25 49 40 32 22 48 21 47 34 13 16 45 7 29 38 28 20 44 18 33 6 37 19 31 39 8 41 12 24 14 15 26 3 23 9 5259.77 5387.94
0 17 42 35 5 30 2 43 4 27 10 1 36 11 46 25 49 40 32 22 48 21 47 34 13 16 45 7 29 38 28 20 44 18 33 6 37 19 31 39 41 12 24 14 15 26 3 23 9 8 5248.5 5339.92
0 17 42 35 5 30 2 43 4 27 10 1 36 11 46 25 49 40 32 22 48 21 47 34 13 16 45 7 29 33 18 44 20 28 38 6 37 19 31 39 41 12 24 14 15 26 3 23 9 8 5241.25 5312.79
0 17 42 35 5 30 2 43 4 27 10 1 36 11 46 25 49 40 32 22 48 21 34 47 13 16 45 7 29 33 18 44 20 28 38 6 37 19 31 39 41 12 24 14 15 26 3 23 9 8 5236.08 5305.38
0 17 42 35 5 30 2 43 4 27 10 1 36 11 46 25 49 40 32 22 48 21 34 47 45 7 29 33 18 44 20 28 38 6 37 19 31 39 8 41 13 16 12 24 14 15 26 3 23 9 5204.26 5277.74
0 17 42 35 5 30 2 43 4 27 10 1 36 11 46 25 49 40 32 22 48 21 34 47 45 7 29 33 18 44 20 28 38 6 37 19 31 39 41 13 16 12 24 14 15 26 3 23 9 8 5192.99 5248.03
0 17 42 35 5 30 2 43 4 27 10 1 36 11 46 25 49 40 32 22 48 21 34 47 45 7 29 33 18 44 20 28 38 6 37 19 31 39 41 13 16 12 24 14 15 26 3 23 9 8 5192.99 5227.01
0 17 42 35 5 30 2 43 11 36 1 10 27 4 46 25 49 40 32 22 48 21 34 47 45 7 29 33 18 44 20 28 38 6 37 19 31 39 8 41 13 16 12 24 14 15 26 3 23 9 5150.71 5218.45
0 17 42 35 5 30 2 43 11 36 1 10 4 27 46 25 49 40 32 22 48 21 34 47 45 7 29 33 18 44 20 28 38 6 37 19 31 39 8 41 13 16 12 24 14 15 26 3 23 9 4999.74 5205.24
0 17 42 35 5 30 2 43 11 36 1 10 4 27 46 25 49 40 32 22 48 21 34 47 45 7 29 33 18 44 20 28 38 6 37 19 31 39 41 13 16 12 24 14 15 26 3 23 9 8 4988.46 5142.28
0 17 42 35 5 30 2 43 11 36 1 10 4 27 46 25 49 40 32 22 48 21 34 47 45 7 29 33 18 44 20 28 38 6 37 19 31 39 41 13 16 12 24 14 15 26 3 23 9 8 4988.46 5067.52
0 17 42 35 5 30 2 43 11 36 1 10 4 27 46 25 49 40 32 22 48 21 34 47 45 7 29 33 18 44 20 28 38 6 37 19 31 39 41 13 16 12 24 14 15 26 3 23 9 8 4988.46 5035.34
0 17 42 35 5 30 2 43 11 36 1 10 4 27 46 25 49 40 32 22 48 21 34 47 45 7 29 33 18 44 20 28 38 6 37 19 31 39 41 13 16 12 24 14 15 26 3 23 9 8 4988.46 4990.71
0 17 42 35 5 30 2 43 11 36 1 10 4 27 46 25 49 40 32 22 48 21 34 47 45 7 29 33 18 44 20 28 38 6 37 19 31 39 41 13 16 12 24 14 15 26 3 23 9 8 4988.46 5001.73
0 17 42 35 5 30 2 43 11 36 1 10 4 27 46 25 49 40 32 22 48 21 34 47 45 7 29 33 18 44 20 28 38 6 37 19 31 39 41 13 16 12 24 14 15 26 3 23 9 8 4988.46 4990
0 17 42 35 5 30 2 43 11 36 1 10 4 27 46 25 49 40 32 22 48 21 34 47 45 7 29 6 38 28 20 44 18 33 37 19 31 39 41 13 16 12 24 14 15 26 3 23 9 8 4983.84 4988.42
0 17 42 35 5 30 2 43 11 36 1 10 4 27 46 25 49 40 32 22 48 21 34 47 45 7 29 6 38 28 20 44 18 33 37 19 31 39 41 13 16 12 24 14 15 26 3 23 9 8 4983.84 4987.85
0 17 42 35 5 30 2 43 11 36 1 10 4 27 46 25 49 40 32 22 48 21 34 47 45 7 29 6 38 18 44 20 28 33 37 19 31 39 41 13 16 12 24 14 15 26 3 23 9 8 4977.42 4986.43
0 17 42 35 5 30 2 43 11 36 1 10 4 27 46 25 49 40 32 22 48 21 34 47 45 7 29 6 38 20 44 18 28 33 37 19 31 39 41 13 16 12 24 14 15 26 3 23 9 8 4972.37 5017.38
0 17 42 35 5 30 2 43 11 36 1 10 4 27 46 25 49 40 32 22 48 21 34 47 45 7 29 6 38 20 44 18 28 33 37 19 31 39 41 13 16 12 24 14 15 26 3 23 9 8 4972.37 4983.31
0 17 42 35 5 30 2 43 11 36 1 10 4 27 46 25 49 40 32 22 48 21 34 47 45 7 29 6 38 20 44 18 28 33 37 19 31 39 41 13 16 12 24 14 15 26 3 23 9 8 4972.37 4998.25
0 17 42 35 5 30 2 43 11 36 1 10 4 27 46 25 49 40 32 22 48 21 34 47 45 7 29 6 38 20 44 18 28 33 37 19 31 39 41 13 16 12 24 14 15 26 3 23 9 8 4972.37 4981.6
0 17 42 35 5 30 2 43 11 36 1 10 4 27 46 25 49 40 32 22 48 21 34 47 45 7 29 6 38 20 44 18 28 33 37 19 31 39 41 16 13 12 24 14 15 26 3 23 9 8 4953.49 4978.09
0 17 42 35 5 30 2 43 11 36 1 10 4 27 46 25 49 40 32 22 48 21 34 47 45 7 29 6 38 20 44 18 28 33 37 19 31 39 41 16 13 12 24 14 15 26 3 23 9 8 4953.49 4974.21
0 17 42 35 5 30 2 43 11 36 1 10 4 27 46 25 49 40 32 22 48 21 34 47 45 7 29 6 38 20 44 18 28 33 37 19 31 39 41 16 13 12 24 14 15 26 3 23 9 8 4953.49 4976.2
0 17 42 35 5 30 2 43 11 36 1 10 4 27 46 25 49 40 32 22 48 21 34 47 45 7 29 6 38 20 44 18 28 33 37 19 31 39 41 16 13 12 24 14 15 26 3 23 9 8 4953.49 4956.56
0 17 42 35 5 30 2 43 11 36 1 10 4 27 46 25 49 40 32 22 48 21 34 47 45 7 29 6 38 20 44 18 28 33 37 19 31 39 41 16 13 12 24 14 15 26 3 23 9 8 4953.49 4983.65
0 17 42 35 5 30 2 43 11 36 1 10 4 27 46 25 49 40 32 22 48 21 34 47 45 7 29 6 38 20 44 18 28 33 37 19 31 39 41 16 13 12 24 14 15 26 3 23 9 8 4953.49 4978.3
0 17 42 35 5 30 2 43 11 36 1 10 4 27 46 25 49 40 32 22 48 21 34 47 45 7 29 6 38 20 44 18 28 33 37 19 31 39 41 16 13 12 24 14 15 26 3 23 9 8 4953.49 4959.43
0 17 42 35 5 30 2 43 11 36 1 10 4 27 46 25 49 40 32 22 48 21 34 47 45 7 29 6 38 20 44 18 28 33 37 19 31 39 41 16 13 12 24 14 15 26 3 23 9 8 4953.49 4953.49
0 17 42 35 5 30 2 43 11 36 1 10 4 27 46 25 49 40 32 22 48 21 34 47 45 7 29 6 38 20 44 18 28 33 37 19 31 39 41 16 13 12 24 14 15 26 3 23 9 8 4953.49 4967.84
0 17 42 35 5 30 2 43 11 36 1 10 4 27 46 25 49 40 32 22 48 21 34 47 45 7 29 6 38 20 44 18 28 33 37 19 31 39 41 16 13 12 24 14 15 26 3 23 9 8 4953.49 4960.77
0 17 42 35 5 30 2 43 11 36 1 10 4 27 46 25 49 40 32 22 48 21 34 47 45 7 29 6 38 20 44 18 28 33 37 19 31 39 41 16 13 12 24 14 15 26 3 23 9 8 4953.49 4953.49
0 17 42 35 5 30 2 43 11 36 1 10 4 27 46 25 49 40 32 22 48 21 34 47 45 7 29 6 38 20 44 18 28 33 37 19 31 39 41 16 13 12 24 14 15 26 3 23 9 8 4953.49 4956.08
0 17 42 35 5 30 2 43 11 36 1 10 4 27 46 25 49 40 32 22 48 21 34 47 45 7 29 6 38 20 44 18 28 33 37 19 31 39 41 16 13 12 24 14 15 26 3 23 9 8 4953.49 4953.49
0 9 8 17 42 35 5 30 2 43 11 36 1 10 4 27 46 25 49 40 32 22 48 21 34 47 45 7 29 6 38 20 44 18 28 33 37 19 31 39 41 16 13 12 24 14 15 26 3 23 4950.72 4953.46
0 9 8 17 42 35 5 30 2 43 11 36 1 10 4 27 46 25 49 40 32 22 48 21 34 47 45 7 29 6 38 20 28 18 44 33 37 19 31 39 41 16 13 12 24 14 15 26 3 23 4944.48 4952.82
0 9 8 17 42 35 5 30 2 43 11 36 1 10 4 27 46 25 49 40 32 22 48 21 34 47 45 7 29 6 38 20 28 18 44 33 37 19 31 39 41 16 13 12 24 14 15 26 3 23 4944.48 4950.16
0 9 8 17 42 35 5 30 2 43 11 36 1 10 4 27 46 25 49 40 32 22 48 21 34 47 45 7 29 6 38 20 28 18 44 33 37 19 31 39 41 16 13 12 24 14 15 26 3 23 4944.48 4947.74
0 39 31 19 37 33 44 18 28 20 38 6 29 7 45 47 34 21 48 22 32 40 49 25 46 27 4 10 1 36 11 43 2 30 5 35 42 17 8 9 41 16 13 12 24 14 15 26 3 23 4943.14 4946.05
0 9 8 39 31 19 37 33 44 18 28 20 38 6 29 7 45 47 34 21 48 22 32 40 49 25 46 27 4 10 1 36 11 43 2 30 5 35 42 17 41 16 13 12 24 14 15 26 3 23 4934.24 4954.71
0 9 8 39 31 19 37 33 44 18 28 20 38 6 29 7 45 47 34 21 48 22 32 40 49 25 46 27 4 10 1 36 11 43 2 30 5 35 42 17 41 16 13 12 24 14 15 26 3 23 4934.24 5042.98
0 9 8 39 31 19 37 33 44 18 28 20 38 6 29 7 45 47 34 21 48 22 32 40 49 25 46 27 4 10 1 36 11 43 2 30 5 35 42 17 41 16 13 12 24 14 15 26 3 23 4934.24 5109.74
0 9 8 39 31 19 37 33 44 18 28 20 38 6 29 7 45 47 34 21 48 22 32 40 49 25 46 27 4 10 1 36 11 43 2 30 5 35 42 17 41 16 13 12 24 14 15 26 3 23 4934.24 5025
0 9 8 39 31 19 37 33 44 18 28 20 38 6 29 7 45 47 34 21 48 22 32 40 49 25 46 1 10 4 27 36 11 43 2 30 5 35 42 17 41 16 13 12 24 14 15 26 3 23 4857.64 5037.95
0 8 9 39 31 19 37 33 44 18 28 20 38 6 29 7 45 47 34 21 48 22 32 40 49 25 46 1 10 4 27 36 11 43 2 30 5 35 42 17 41 16 13 12 24 14 15 26 3 23 4848.02 4958.96
0 8 9 39 31 19 37 33 44 18 28 20 38 6 29 7 45 47 34 21 48 22 32 40 49 25 46 1 10 4 27 36 11 43 2 30 5 35 42 17 41 16 13 12 24 14 15 26 3 23 4848.02 4929.77
0 8 9 39 31 19 37 33 44 18 28 20 38 6 29 7 45 47 34 21 48 22 32 40 49 25 46 1 10 4 27 36 11 43 2 30 5 35 42 17 41 16 13 12 24 14 15 26 3 23 4848.02 4867.8
0 8 9 39 31 19 37 33 44 18 28 20 38 6 29 7 45 47 34 21 48 22 32 40 49 25 46 36 1 10 4 27 11 43 2 30 5 35 42 17 41 16 13 12 24 14 15 26 3 23 4841.37 4860.88
0 8 9 39 31 19 37 33 44 18 28 20 38 6 29 7 45 47 34 21 48 22 32 40 49 25 46 36 1 10 4 27 11 43 2 30 5 35 42 17 41 16 13 12 24 14 15 26 3 23 4841.37 4871.87
0 8 9 39 31 19 37 33 44 18 28 20 38 6 29 7 45 47 34 21 48 22 32 40 49 25 46 36 1 10 4 27 11 43 2 30 5 35 42 17 41 16 13 12 24 14 15 26 3 23 4841.37 4901.31
0 8 9 39 31 19 37 33 44 18 28 20 38 6 29 7 45 47 34 21 48 22 32 40 49 25 46 36 1 10 4 27 11 43 2 30 5 35 42 17 41 16 13 12 24 14 15 26 3 23 4841.37 4844.83
0 8 9 39 31 19 37 33 44 18 28 20 38 6 29 7 45 47 34 21 48 22 32 40 49 25 46 36 1 10 4 27 11 43 2 30 5 35 42 17 41 16 13 12 24 14 15 26 3 23 4841.37 4863.72
0 8 9 39 31 19 37 33 44 18 28 20 38 6 29 7 45 47 34 21 48 22 32 40 49 25 46 36 1 10 4 27 11 43 2 30 5 35 42 17 41 16 13 12 24 14 15 26 3 23 4841.37 4841.73
0 8 9 39 31 19 37 33 44 18 28 20 38 6 29 7 45 47 34 21 48 22 32 40 49 25 46 36 1 10 4 27 11 43 2 30 5 35 42 17 41 16 13 12 24 14 15 26 3 23 4841.37 4845.32
0 8 9 39 31 19 37 33 44 18 28 20 38 6 29 7 45 47 34 21 48 22 32 40 49 25 46 36 1 10 4 27 11 43 2 30 5 35 42 17 41 16 13 12 24 14 15 26 3 23 4841.37 4842.72
0 8 9 39 31 19 37 33 44 18 28 20 38 6 29 7 45 47 34 21 48 22 32 40 49 25 46 36 1 10 4 27 11 43 2 30 5 35 42 17 41 16 13 12 24 14 15 26 3 23 4841.37 4848.65
0 8 9 39 31 45 7 29 6 38 20 28 18 44 33 37 19 47 34 21 48 22 32 40 49 25 46 36 1 10 4 27 11 43 2 30 5 35 42 17 41 16 13 12 24 14 15 26 3 23 4839.62 4841.58
0 8 9 39 31 45 7 29 6 38 20 28 18 44 33 37 19 47 34 21 48 22 32 40 49 25 46 36 1 10 4 27 11 43 2 30 5 35 42 17 41 16 13 12 24 14 15 26 3 23 4839.62 4852.94
0 8 9 39 31 45 7 29 6 38 20 28 18 44 33 37 19 47 34 21 48 22 32 40 49 25 46 36 1 10 4 27 11 43 2 30 5 35 42 17 41 16 13 12 24 14 15 26 3 23 4839.62 4887.65
0 8 9 39 31 45 7 29 6 38 20 28 18 44 33 37 19 47 34 21 48 22 32 40 49 25 46 36 1 10 4 27 11 43 2 30 5 35 42 17 41 16 13 12 24 14 15 26 3 23 4839.62 4853.29
0 8 9 39 31 45 7 29 6 38 20 28 18 44 33 37 19 47 34 21 48 22 32 40 49 25 46 36 1 10 4 27 11 43 2 30 5 35 42 17 41 16 13 12 24 14 15 26 3 23 4839.62 4839.79
0 8 9 39 31 45 7 29 6 38 20 28 18 44 33 37 19 47 34 21 48 22 32 40 49 25 46 36 1 10 4 27 11 43 2 30 5 35 42 17 41 16 13 12 24 14 15 26 3 23 4839.62 4839.75
0 8 9 39 31 45 7 29 6 38 20 28 18 44 33 37 19 47 34 21 48 22 32 40 49 25 46 36 1 10 4 27 11 43 2 30 5 35 42 17 41 16 13 12 24 14 15 26 3 23 4839.62 4845.92
0 8 9 39 31 45 7 29 6 38 20 28 18 44 33 37 19 47 34 21 48 22 32 40 49 25 46 36 1 10 4 27 11 43 2 30 5 35 42 17 41 16 13 12 24 14 15 26 3 23 4839.62 4862.15
0 8 9 39 31 45 7 29 6 38 20 28 18 44 33 37 19 47 34 21 48 22 32 40 49 25 46 36 1 10 4 27 11 43 2 30 5 35 42 17 41 16 13 12 24 14 15 26 3 23 4839.62 4843.44
0 8 9 39 31 45 7 29 6 38 20 28 18 44 33 37 19 47 34 21 48 22 32 40 49 25 46 36 1 10 4 27 11 43 2 30 5 35 42 17 41 16 13 12 24 14 15 26 3 23 4839.62 4851.38
0 8 9 39 31 45 7 29 6 38 20 28 18 44 33 37 19 47 34 21 48 22 32 40 49 25 46 36 1 10 4 27 11 43 2 30 5 26 15 14 24 12 13 16 41 17 42 35 3 23 4806.95 4863.69
0 8 9 39 31 45 7 29 6 38 20 28 18 44 33 37 19 47 34 21 48 22 32 40 49 25 46 36 1 10 4 27 11 43 2 30 5 26 15 14 24 12 13 16 41 17 42 35 3 23 4806.95 4855.76
0 8 9 39 31 45 7 29 6 38 20 28 18 44 33 37 19 47 34 21 48 22 32 40 49 25 46 36 1 10 4 27 11 43 2 30 5 26 15 14 24 12 13 16 41 17 42 35 3 23 4806.95 4845.02
0 8 9 39 31 45 7 29 6 38 20 28 18 44 33 37 19 47 34 21 48 22 32 40 49 25 46 36 1 10 4 27 11 43 2 30 5 26 15 14 24 12 13 16 41 17 42 35 3 23 4806.95 4846.02
0 8 9 39 31 45 7 29 6 38 20 28 18 44 33 37 19 47 34 21 48 22 32 40 49 25 46 36 1 10 4 27 11 43 2 30 5 26 15 14 24 12 13 16 41 17 42 35 3 23 4806.95 4817.54
0 8 9 39 31 45 7 29 6 38 20 28 18 44 33 37 19 47 34 21 48 22 32 40 49 25 46 36 1 10 4 27 11 43 2 30 5 26 15 14 24 12 13 16 41 3 35 42 17 23 4781.3 4809.38
0 8 9 39 31 45 7 29 6 38 20 28 18 44 33 37 19 47 34 21 48 22 32 40 49 25 46 36 1 10 4 27 11 43 2 30 5 26 15 14 24 12 13 16 41 3 35 42 17 23 4781.3 4805.1
0 8 9 39 31 45 7 29 6 38 20 28 18 44 33 37 19 47 34 21 48 22 32 40 49 25 46 36 1 10 4 27 11 43 2 30 5 26 15 14 24 12 13 16 41 3 35 42 17 23 4781.3 4797.91
0 8 9 39 31 45 7 29 6 38 20 28 18 44 33 37 19 47 34 21 48 22 32 40 49 25 46 36 1 10 4 27 11 43 2 30 5 26 15 14 24 12 13 16 41 3 35 42 17 23 4781.3 4785.27
0 8 9 39 31 45 7 29 6 38 20 28 18 44 33 37 19 47 34 21 48 22 32 40 49 25 46 36 1 10 4 27 11 43 2 30 5 26 15 14 24 12 13 16 41 3 35 42 17 23 4781.3 4786.7
0 8 9 39 31 45 7 29 6 38 20 28 18 44 33 37 19 47 34 21 48 22 32 40 49 25 46 36 1 10 4 27 11 43 2 30 5 26 15 14 24 12 13 16 41 3 35 42 17 23 4781.3 4785.17
0 8 9 39 31 45 7 29 6 38 20 28 18 44 33 37 19 47 34 21 48 22 32 40 49 25 46 36 1 10 4 27 11 43 2 30 5 26 15 14 24 12 13 16 41 3 35 42 17 23 4781.3 4801.7
0 8 9 39 31 45 7 29 6 38 20 28 18 44 33 37 19 47 34 21 48 22 32 40 49 25 46 36 1 10 4 27 11 43 2 30 5 26 15 14 24 12 13 16 41 3 35 42 17 23 4781.3 4790.78
0 8 9 39 31 45 7 29 6 38 20 28 18 44 33 37 19 47 34 21 48 22 32 40 49 25 46 36 1 10 4 27 11 43 2 30 5 26 15 14 24 12 13 16 41 3 35 42 17 23 4781.3 4781.3
0 8 9 39 31 45 7 29 6 38 20 28 18 44 33 37 19 47 34 21 48 22 32 40 49 25 46 36 1 10 4 27 11 43 2 30 5 26 15 14 24 12 13 16 41 3 35 42 17 23 4781.3 4787.91
0 8 9 39 31 45 7 29 6 38 20 28 18 44 33 37 19 47 34 21 48 22 32 40 49 25 46 36 1 10 4 27 11 43 2 30 5 26 15 14 24 12 13 16 41 3 35 42 17 23 4781.3 4781.3
0 23 17 42 35 3 41 16 13 12 24 14 15 26 5 30 2 43 11 27 4 10 1 36 46 25 49 40 32 22 48 21 34 47 19 37 33 44 18 28 20 38 6 29 7 45 31 39 9 8 4781.3 4781.3
0 23 17 42 35 3 41 16 13 12 24 14 15 26 5 30 2 43 11 27 4 10 1 36 46 25 49 40 32 22 48 21 34 47 19 37 33 44 18 28 20 38 6 29 7 45 31 39 9 8 4781.3 4793.44
0 23 17 42 35 3 41 16 13 12 24 14 15 26 5 30 2 43 11 27 4 10 1 36 46 25 49 40 32 22 48 21 34 47 19 37 33 44 18 28 20 38 6 29 7 45 31 39 9 8 4781.3 4877.98
0 23 17 42 35 3 41 16 13 12 24 14 15 26 5 30 2 43 11 27 4 10 1 36 46 25 49 40 32 22 48 21 34 47 19 37 33 44 18 28 20 38 6 29 7 45 31 39 9 8 4781.3 4937.47
0 23 17 42 35 3 41 16 13 12 24 14 15 26 5 30 2 43 11 27 4 10 1 36 46 25 49 40 32 22 48 21 34 47 19 37 33 44 18 28 20 38 6 29 7 45 31 39 9 8 4781.3 4905.66
0 23 17 42 35 3 41 16 13 12 24 14 15 26 5 30 2 43 11 27 4 10 1 36 46 25 49 40 32 22 48 21 34 47 19 37 33 44 18 28 20 38 6 29 7 45 31 39 9 8 4781.3 4809.32
0 23 17 42 35 3 41 16 13 12 24 14 15 26 5 30 2 43 11 27 4 10 1 36 46 25 49 40 32 22 48 21 34 47 19 37 33 44 18 28 20 38 6 29 7 45 31 39 9 8 4781.3 4790.43
0 23 17 42 35 3 41 16 13 12 24 14 15 26 5 30 2 43 11 27 4 10 1 36 46 25 49 40 32 22 48 21 34 47 19 37 33 44 18 28 20 38 6 29 7 45 31 39 9 8 4781.3 4783.73
0 23 17 42 35 3 41 16 13 12 24 14 15 26 5 30 2 43 11 27 4 10 1 36 46 25 49 40 32 22 48 21 34 47 19 37 33 44 28 18 20 38 6 29 7 45 31 39 9 8 4780.16 4791.33
0 23 17 42 35 3 41 16 13 12 24 14 15 26 5 30 2 43 11 27 4 10 1 46 36 25 49 40 32 22 48 21 34 47 19 37 33 44 18 28 20 38 6 29 7 45 31 39 9 8 4737.77 4791.02
0 23 17 42 35 3 41 16 13 12 24 14 15 26 5 30 2 43 11 27 4 10 1 46 36 25 49 40 32 22 48 21 34 47 19 37 33 44 28 18 20 38 6 29 7 45 31 39 9 8 4736.64 4793.28
0 23 17 42 35 3 41 16 13 12 24 14 15 26 5 30 2 43 11 27 4 10 1 46 36 25 49 40 32 22 48 21 34 47 19 37 33 44 28 18 20 38 6 29 7 45 31 39 9 8 4736.64 4754.02
0 23 17 42 35 3 41 16 13 12 24 14 15 26 5 30 2 43 11 27 4 10 1 46 36 25 49 40 32 22 48 21 34 47 19 37 33 44 28 18 20 38 6 29 7 45 31 39 9 8 4736.64 4743.61
0 23 17 42 35 3 41 16 13 12 24 14 15 26 5 30 2 43 11 27 4 10 1 46 36 25 49 40 32 22 48 21 34 47 19 37 33 44 28 18 20 38 6 29 7 45 31 39 9 8 4736.64 4736.73
0 23 17 42 35 3 41 16 13 12 24 14 15 26 5 30 2 43 11 27 4 10 1 46 36 25 49 40 32 22 48 21 34 47 19 37 33 44 28 18 20 38 6 29 7 45 31 39 9 8 4736.64 4736.64
0 23 17 42 35 3 41 16 13 12 24 14 15 26 5 30 2 43 11 27 4 10 1 46 36 25 49 40 32 22 48 21 34 47 19 37 33 44 28 18 20 38 6 29 7 45 31 39 9 8 4736.64 4736.64
0 23 17 42 35 3 41 16 13 12 24 14 15 26 5 30 2 43 11 27 4 10 1 46 36 25 49 40 32 22 48 21 34 47 19 37 33 44 28 18 20 38 6 29 7 45 31 39 9 8 4736.64 4744.88
0 23 17 42 35 3 41 16 13 12 24 14 15 26 5 30 2 43 11 27 4 10 1 46 36 25 49 40 32 22 48 21 34 47 19 37 33 44 28 18 20 38 6 29 7 45 31 39 9 8 4736.64 4747.7
0 23 17 42 35 3 41 16 13 12 24 14 15 26 5 30 2 43 11 27 4 10 1 46 36 25 49 40 32 22 48 21 34 47 19 37 33 44 28 18 20 38 6 29 7 45 31 39 9 8 4736.64 4745.73
0 23 17 42 35 3 41 16 13 12 24 14 15 26 5 30 2 43 11 27 4 10 1 46 36 25 49 40 32 22 48 21 34 47 19 37 33 44 28 18 20 38 6 29 7 45 31 39 9 8 4736.64 4743.53
0 23 17 42 35 3 41 16 13 12 24 14 15 26 5 30 2 43 11 27 4 10 1 46 36 25 49 40 32 22 48 21 34 47 19 37 33 44 28 18 20 38 6 29 7 45 31 39 9 8 4736.64 4747.53
0 23 17 42 35 3 41 16 13 12 24 14 15 26 5 30 2 43 11 27 4 10 1 46 36 25 49 40 32 22 48 21 34 47 19 37 33 44 28 18 20 38 6 29 7 45 31 39 9 8 4736.64 4745.9
0 23 17 42 35 3 41 16 13 12 24 14 15 26 5 30 2 43 11 27 4 10 1 46 36 25 49 40 32 22 48 21 34 47 19 37 33 44 28 18 20 38 6 29 7 45 31 39 9 8 4736.64 4742.58
0 23 17 42 35 3 41 16 13 12 24 14 15 26 5 30 2 43 11 27 4 10 1 46 36 25 49 40 32 22 48 21 34 47 19 37 33 44 28 18 20 38 6 29 7 45 31 39 9 8 4736.64 4744.75
0 23 17 42 35 3 41 16 13 12 24 14 15 26 5 30 2 43 11 27 4 10 1 46 36 25 49 40 32 22 48 21 34 47 19 37 33 44 28 18 20 38 6 29 7 45 31 39 9 8 4736.64 4740.71
0 23 17 42 35 3 41 16 13 12 24 14 15 26 5 30 2 43 11 27 4 10 1 46 36 25 49 40 32 22 48 21 34 47 19 37 33 44 28 18 20 38 6 29 7 45 31 39 9 8 4736.64 4758.34
0 23 17 42 35 3 41 16 13 12 24 14 15 26 5 30 2 43 11 27 4 10 1 46 36 25 49 40 32 22 48 21 34 47 19 37 33 44 28 18 20 38 6 29 7 45 31 39 9 8 4736.64 4740.05
0 23 17 42 35 3 41 16 13 12 24 14 15 26 5 30 2 43 11 27 4 10 1 46 36 25 49 40 32 22 48 21 34 47 19 37 33 44 28 18 20 38 6 29 7 45 31 39 9 8 4736.64 4744.88
0 23 17 42 35 3 41 16 13 12 24 14 15 26 5 30 2 43 11 27 4 10 1 46 36 25 49 40 32 22 48 21 34 47 19 37 33 44 28 18 20 38 6 29 7 45 31 39 9 8 4736.64 4737.49
0 23 17 42 35 3 41 16 13 12 24 14 15 26 5 30 2 43 11 27 4 10 1 46 36 25 49 40 32 22 48 21 34 47 19 37 33 44 28 18 20 38 6 29 7 45 31 39 9 8 4736.64 4736.73
0 23 17 42 35 3 41 16 13 12 24 14 15 26 5 30 2 43 11 27 4 10 1 46 36 25 49 40 32 22 48 21 34 47 19 37 33 44 28 18 20 38 6 29 7 45 31 39 9 8 4736.64 4737.67
0 23 17 42 35 3 41 16 13 12 24 14 15 26 5 30 2 43 11 27 4 10 1 46 36 25 49 40 32 22 48 21 34 47 19 37 33 44 28 18 20 38 6 29 7 45 31 39 9 8 4736.64 4736.64
0 23 17 42 35 3 41 16 13 12 24 14 15 26 5 30 2 43 11 27 4 10 1 46 36 25 49 40 32 22 48 21 34 47 19 37 33 44 28 18 20 38 6 29 7 45 31 39 9 8 4736.64 4736.64
0 23 17 42 35 3 41 16 13 12 24 14 15 26 5 30 2 43 11 27 4 10 1 46 36 25 49 40 32 22 48 21 34 47 19 37 33 44 28 18 20 38 6 29 7 45 31 39 9 8 4736.64 4736.64
0 23 17 42 35 3 41 16 13 12 24 14 15 26 5 30 2 43 11 27 4 10 1 46 36 25 49 40 32 22 48 21 34 47 19 37 33 44 28 18 20 38 6 29 7 45 31 39 9 8 4736.64 4736.64
0 23 17 42 35 3 41 16 13 12 24 14 15 26 5 30 2 43 11 27 4 10 1 46 36 25 49 40 32 22 48 21 34 47 19 37 33 44 28 18 20 38 6 29 7 45 31 39 9 8 4736.64 4736.98
0 23 17 42 35 3 41 16 13 12 24 14 15 26 5 30 2 43 11 27 4 10 1 46 36 25 49 40 32 22 48 21 34 47 19 37 33 44 28 18 20 38 6 29 7 45 31 39 9 8 4736.64 4737.03
0 23 17 42 35 3 41 16 13 12 24 14 15 26 5 30 2 43 11 27 4 10 1 46 36 25 49 40 32 22 48 21 34 47 19 37 33 44 28 18 20 38 6 29 7 45 31 39 9 8 4736.64 4754.34
0 23 17 42 35 3 41 16 13 12 24 14 15 26 5 30 2 43 11 27 4 10 1 46 36 25 49 40 32 22 48 21 34 47 19 37 33 44 28 18 20 38 6 29 7 45 31 39 9 8 4736.64 4739.69
0 23 17 42 35 3 41 16 13 12 24 14 15 26 5 30 2 43 11 27 4 10 1 46 36 25 49 40 32 22 48 21 34 47 19 37 33 44 28 18 20 38 6 29 7 45 31 39 9 8 4736.64 4740.59
0 23 17 42 35 3 41 16 13 12 24 14 15 26 5 30 2 43 11 27 4 10 1 46 36 25 49 40 32 22 48 21 34 47 19 37 33 44 28 18 20 38 6 29 7 45 31 39 9 8 4736.64 4736.64
0 23 17 42 35 3 41 16 13 12 24 14 15 26 5 30 2 43 11 27 4 10 1 46 36 25 49 40 32 22 48 21 34 47 19 37 33 44 28 18 20 38 6 29 7 45 31 39 9 8 4736.64 4749.24
0 23 17 42 35 3 41 16 13 12 24 14 15 26 5 30 2 43 11 27 4 10 1 46 36 25 49 40 32 22 48 21 34 47 19 37 33 44 28 18 20 38 6 29 7 45 31 39 9 8 4736.64 4736.64
0 23 17 42 35 3 41 16 13 12 24 14 15 26 5 30 2 43 11 27 4 10 1 46 36 25 49 40 32 22 48 21 34 47 19 37 33 44 28 18 20 38 6 29 7 45 31 39 9 8 4736.64 4748.32
0 23 17 42 35 3 41 16 13 12 24 14 15 26 5 30 2 43 11 27 4 10 1 46 36 25 49 40 32 22 48 21 34 47 19 37 33 44 28 18 20 38 6 29 7 45 31 39 9 8 4736.64 4736.64
0 23 17 42 35 3 41 16 13 12 24 14 15 26 5 30 2 43 11 27 4 10 1 46 36 25 49 40 32 22 48 21 34 47 19 37 33 44 28 18 20 38 6 29 7 45 31 39 9 8 4736.64 4753.6
0 23 17 42 35 3 41 16 13 12 24 14 15 26 5 30 2 43 11 27 4 10 1 46 36 25 49 40 32 22 48 21 34 47 19 37 33 44 28 18 20 38 6 29 7 45 31 39 9 8 4736.64 4751.63
0 23 17 42 35 3 41 16 13 12 24 14 15 26 5 30 2 43 11 27 4 10 1 46 36 25 49 40 32 22 48 21 34 47 19 37 33 44 28 18 20 38 6 29 7 45 31 39 9 8 4736.64 4760.41
0 23 17 42 35 3 41 16 13 12 24 14 15 26 5 30 2 43 11 27 4 10 1 46 36 25 49 40 32 22 48 21 34 47 19 37 33 44 28 18 20 38 6 29 7 45 31 39 9 8 4736.64 4736.64
0 23 17 42 35 3 41 16 13 12 24 14 15 26 5 30 2 43 11 27 4 10 1 46 36 25 49 40 32 22 48 21 34 47 19 37 33 44 28 18 20 38 6 29 7 45 31 39 9 8 4736.64 4736.64
0 23 17 42 35 3 41 16 13 12 24 14 15 26 5 30 2 43 11 27 4 10 1 46 36 25 49 40 32 22 48 21 34 47 19 37 33 44 28 18 20 38 6 29 7 45 31 39 9 8 4736.64 4737.69
0 23 17 42 35 3 41 16 13 12 24 14 15 26 5 30 2 43 11 27 4 10 1 46 36 25 49 40 32 22 48 21 34 47 19 37 33 44 28 18 20 38 6 29 7 45 31 39 9 8 4736.64 4746.73
0 23 17 42 35 3 41 16 13 12 24 14 15 26 5 30 2 43 11 27 4 10 1 46 36 25 49 40 32 22 48 21 34 47 19 37 33 44 28 18 20 38 6 29 7 45 31 39 9 8 4736.64 4741.18
0 23 17 42 35 3 41 16 13 12 24 14 15 26 5 30 2 43 11 27 4 10 1 46 36 25 49 40 32 22 48 21 34 47 19 37 33 44 28 18 20 38 6 29 7 45 31 39 9 8 4736.64 4740.58
0 23 17 42 35 3 41 16 13 12 24 14 15 26 5 30 2 43 11 27 4 10 1 46 36 25 49 40 32 22 48 21 34 47 19 37 33 44 28 18 20 38 6 29 7 45 31 39 9 8 4736.64 4751.84
0 23 17 42 35 3 41 16 13 12 24 14 15 26 5 30 2 43 11 27 4 10 1 46 36 25 49 40 32 22 48 21 34 47 19 37 33 44 28 18 20 38 6 29 7 45 31 39 9 8 4736.64 4764.03
0 23 17 42 35 3 41 16 13 12 24 14 15 26 5 30 2 43 11 27 4 10 1 46 36 25 49 40 32 22 48 21 34 47 19 37 33 44 28 18 20 38 6 29 7 45 31 39 9 8 4736.64 4776.29
0 23 17 42 35 3 41 16 13 12 24 14 15 26 5 30 2 43 11 27 4 10 1 46 36 25 49 40 32 22 48 21 34 47 19 37 33 44 28 18 20 38 6 29 7 45 31 39 9 8 4736.64 4792.22
0 23 17 42 35 3 41 16 13 12 24 14 15 26 5 30 2 43 11 27 4 10 1 46 36 25 49 40 32 22 48 21 34 47 19 37 33 44 28 18 20 38 6 29 7 45 31 39 9 8 4736.64 4743.57
0 23 17 42 35 3 41 16 13 12 24 14 15 26 5 30 2 43 11 27 4 10 1 46 36 25 49 40 32 22 48 21 34 47 19 37 33 44 28 18 20 38 6 29 7 45 31 39 9 8 4736.64 4743.76
0 23 17 42 35 3 41 16 13 12 24 14 15 26 5 30 2 43 11 27 4 10 1 46 36 25 49 40 32 22 48 21 34 47 19 37 33 44 28 18 20 38 6 29 7 45 31 39 9 8 4736.64 4742.75
0 23 17 42 35 3 41 16 13 12 24 14 15 26 5 30 2 43 11 27 4 10 1 46 36 25 49 40 32 22 48 21 34 47 19 37 33 44 28 18 20 38 6 29 7 45 31 39 9 8 4736.64 4736.94
0 23 17 42 35 3 41 16 13 12 24 14 15 26 5 30 2 43 11 27 4 10 1 46 36 25 49 40 32 22 48 21 34 47 19 37 33 44 28 18 20 38 6 29 7 45 31 39 9 8 4736.64 4743.11
0 23 17 42 35 3 41 16 13 12 24 14 15 26 5 30 2 43 11 27 4 10 1 46 36 25 49 40 32 22 48 21 34 47 19 37 33 44 28 18 20 38 6 29 7 45 31 39 9 8 4736.64 4740.18
0 23 17 42 35 3 41 16 13 12 24 14 15 26 5 30 2 43 11 27 4 10 1 46 36 25 49 40 32 22 48 21 34 47 19 37 33 44 28 18 20 38 6 29 7 45 31 39 9 8 4736.64 4766.45
0 23 17 42 35 3 41 16 13 12 24 14 15 26 5 30 2 43 11 27 4 10 1 46 36 25 49 40 32 22 48 21 34 47 19 37 33 44 28 18 20 38 6 29 7 45 31 39 9 8 4736.64 4774.47
0 23 17 42 35 3 41 16 13 12 24 14 15 26 5 30 2 43 11 27 4 10 1 46 36 25 49 40 32 22 48 21 34 47 19 37 33 44 28 18 20 38 6 29 7 45 31 39 9 8 4736.64 4794.49
0 23 17 42 35 3 41 16 13 12 24 14 15 26 5 30 2 43 11 27 4 10 1 46 36 25 49 40 32 22 48 21 34 47 19 37 33 44 28 18 20 38 6 29 7 45 31 39 9 8 4736.64 4761.94
0 23 17 42 35 3 41 16 13 12 24 14 15 26 5 30 2 43 11 27 4 10 1 46 36 25 49 40 32 22 48 21 34 47 19 37 33 44 28 18 20 38 6 29 7 45 31 39 9 8 4736.64 4739.49
0 23 17 42 35 3 41 16 13 12 24 14 15 26 5 30 2 43 11 27 4 10 1 46 36 25 49 40 32 22 48 21 34 47 19 37 33 44 28 18 20 38 6 29 7 45 31 39 9 8 4736.64 4736.64
0 23 17 42 35 3 41 16 13 12 24 14 15 26 5 30 2 43 11 27 4 10 1 46 36 25 49 40 32 22 48 21 34 47 19 37 33 44 28 18 20 38 6 29 7 45 31 39 9 8 4736.64 4736.64
0 23 17 42 35 3 41 16 13 12 24 14 15 26 5 30 2 43 11 27 4 10 1 46 36 25 49 40 32 22 48 21 34 47 19 37 33 44 28 18 20 38 6 29 7 45 31 39 9 8 4736.64 4736.64
0 23 17 42 35 3 41 16 13 12 24 14 15 26 5 30 2 43 11 27 4 10 1 46 36 25 49 40 32 22 48 21 34 47 19 37 33 44 28 18 20 38 6 29 7 45 31 39 9 8 4736.64 4736.64
0 23 17 42 35 3 41 16 13 12 24 14 15 26 5 30 2 43 11 27 4 10 1 46 36 25 49 40 32 22 48 21 34 47 19 37 33 44 28 18 20 38 6 29 7 45 31 39 9 8 4736.64 4758.88
0 23 17 42 35 3 41 16 13 12 24 14 15 26 5 30 2 43 11 27 4 10 1 46 36 25 49 40 32 22 48 21 34 47 19 37 33 44 28 18 20 38 6 29 7 45 31 39 9 8 4736.64 4766.5
0 23 17 42 35 3 41 16 13 12 24 14 15 26 5 30 2 43 11 27 4 10 1 46 36 25 49 40 32 22 48 21 34 47 19 37 33 44 28 18 20 38 6 29 7 45 31 39 9 8 4736.64 4768.17
0 23 17 42 35 3 41 16 13 12 24 14 15 26 5 30 2 43 11 27 4 10 1 46 36 25 49 40 32 22 48 21 34 47 19 37 33 44 28 18 20 38 6 29 7 45 31 39 9 8 4736.64 4738.24
0 23 17 42 35 3 41 16 13 12 24 14 15 26 5 30 2 43 11 27 4 10 1 46 36 25 49 40 32 22 48 21 34 47 19 37 33 44 28 18 20 38 6 29 7 45 31 39 9 8 4736.64 4744.95
0 23 17 42 35 3 41 16 13 12 24 14 15 26 5 30 2 43 11 27 4 10 1 46 36 25 49 40 32 22 48 21 34 47 19 37 33 44 28 18 20 38 6 29 7 45 31 39 9 8 4736.64 4741.38
0 23 17 42 35 3 41 16 13 12 24 14 15 26 5 30 2 43 11 27 4 10 1 46 36 25 49 40 32 22 48 21 34 47 19 37 33 44 28 18 20 38 6 29 7 45 31 39 9 8 4736.64 4742.05
0 23 17 42 35 3 41 16 13 12 24 14 15 26 5 30 2 43 11 27 4 10 1 46 36 25 49 40 32 22 48 21 34 47 19 37 33 44 28 18 20 38 6 29 7 45 31 39 9 8 4736.64 4744.63
0 23 17 42 35 3 41 16 13 12 24 14 15 26 5 30 2 43 11 27 4 10 1 46 36 25 49 40 32 22 48 21 34 47 19 37 33 44 28 18 20 38 6 29 7 45 31 39 9 8 4736.64 4740.53
0 23 17 42 35 3 41 16 13 12 24 14 15 26 5 30 2 43 11 27 4 10 1 46 36 25 49 40 32 22 48 21 34 47 19 37 33 44 28 18 20 38 6 29 7 45 31 39 9 8 4736.64 4748.6
0 23 17 42 35 3 41 16 13 12 24 14 15 26 5 30 2 43 11 27 4 10 1 46 36 25 49 40 32 22 48 21 34 47 19 37 33 44 28 18 20 38 6 29 7 45 31 39 9 8 4736.64 4767.71
0 23 17 42 35 3 41 16 13 12 24 14 15 26 5 30 2 43 11 27 4 10 1 46 36 25 49 40 32 22 48 21 34 47 19 37 33 44 28 18 20 38 6 29 7 45 31 39 9 8 4736.64 4757.91
0 23 17 42 35 3 41 16 13 12 24 14 15 26 5 30 2 43 11 27 4 10 1 46 36 25 49 40 32 22 48 21 34 47 19 37 33 44 28 18 20 38 6 29 7 45 31 39 9 8 4736.64 4736.96
0 23 17 42 35 3 41 16 13 12 24 14 15 26 5 30 2 43 11 27 4 10 1 46 36 25 49 40 32 22 48 21 34 47 19 37 33 44 28 18 20 38 6 29 7 45 31 39 9 8 4736.64 4748.06
0 23 17 42 35 3 41 16 13 12 24 14 15 26 5 30 2 43 11 27 4 10 1 46 36 25 49 40 32 22 48 21 34 47 19 37 33 44 28 18 20 38 6 29 7 45 31 39 9 8 4736.64 4744.2
0 23 17 42 35 3 41 16 13 12 24 14 15 26 5 30 2 43 11 27 4 10 1 46 36 25 49 40 32 22 48 21 34 47 19 37 33 44 28 18 20 38 6 29 7 45 31 39 9 8 4736.64 4766.89
0 23 17 42 35 3 41 16 13 12 24 14 15 26 5 30 2 43 11 27 4 10 1 46 36 25 49 40 32 22 48 21 34 47 19 37 33 44 28 18 20 38 6 29 7 45 31 39 9 8 4736.64 4751.34
0 23 17 42 35 3 41 16 13 12 24 14 15 26 5 30 2 43 11 27 4 10 1 46 36 25 49 40 32 22 48 21 34 47 19 37 33 44 28 18 20 38 6 29 7 45 31 39 9 8 4736.64 4747.66
0 23 17 42 35 3 41 16 13 12 24 14 15 26 5 30 2 43 11 27 4 10 1 46 36 25 49 40 32 22 48 21 34 47 19 37 33 44 28 18 20 38 6 29 7 45 31 39 9 8 4736.64 4738.3
0 23 17 42 35 3 41 16 13 12 24 14 15 26 5 30 2 43 11 27 4 10 1 46 36 25 49 40 32 22 48 21 34 47 19 37 33 44 28 18 20 38 6 29 7 45 31 39 9 8 4736.64 4756.21
0 23 17 42 35 3 41 16 13 12 24 14 15 26 5 30 2 43 11 27 4 10 1 46 36 25 49 40 32 22 48 21 34 47 19 37 33 44 28 18 20 38 6 29 7 45 31 39 9 8 4736.64 4746.3
0 23 17 42 35 3 41 16 13 12 24 14 15 26 5 30 2 43 11 27 4 10 1 46 36 25 49 40 32 22 48 21 34 47 19 37 33 44 28 18 20 38 6 29 7 45 31 39 9 8 4736.64 4742.06
0 23 17 42 35 3 41 16 13 12 24 14 15 26 5 30 2 43 11 27 4 10 1 46 36 25 49 40 32 22 48 21 34 47 19 37 33 44 28 18 20 38 6 29 7 45 31 39 9 8 4736.64 4748.78
0 23 17 42 35 3 41 16 13 12 24 14 15 26 5 30 2 43 11 27 4 10 1 46 36 25 49 40 32 22 48 21 34 47 19 37 33 44 28 18 20 38 6 29 7 45 31 39 9 8 4736.64 4747.11
0 23 17 42 35 3 41 16 13 12 24 14 15 26 5 30 2 43 11 27 4 10 1 46 36 25 49 40 32 22 48 21 34 47 19 37 33 44 28 18 20 38 6 29 7 45 31 39 9 8 4736.64 4736.64
0 23 17 42 35 3 41 16 13 12 24 14 15 26 5 30 2 43 11 27 4 10 1 46 36 25 49 40 32 22 48 21 34 47 19 37 33 44 28 18 20 38 6 29 7 45 31 39 9 8 4736.64 4741.06
0 23 17 42 35 3 41 16 13 12 24 14 15 26 5 30 2 43 11 27 4 10 1 46 36 25 49 40 32 22 48 21 34 47 19 37 33 44 28 18 20 38 6 29 7 45 31 39 9 8 4736.64 4746.2
0 23 17 42 35 3 41 16 13 12 24 14 15 26 5 30 2 43 11 27 4 10 1 46 36 25 49 40 32 22 48 21 34 47 19 37 33 44 28 18 20 38 6 29 7 45 31 39 9 8 4736.64 4760.31
0 23 17 42 35 3 41 16 13 12 24 14 15 26 5 30 2 43 11 27 4 10 1 46 36 25 49 40 32 22 48 21 34 47 19 37 33 44 28 18 20 38 6 29 7 45 31 39 9 8 4736.64 4736.64
0 23 17 42 35 3 41 16 13 12 24 14 15 26 5 30 2 43 11 27 4 10 1 46 36 25 49 40 32 22 48 21 34 47 19 37 33 44 28 18 20 38 6 29 7 45 31 39 9 8 4736.64 4737.01
0 23 17 42 35 3 41 16 13 12 24 14 15 26 5 30 2 43 11 27 4 10 1 46 36 25 49 40 32 22 48 21 34 47 19 37 33 44 28 18 20 38 6 29 7 45 31 39 9 8 4736.64 4736.73
0 23 17 42 35 3 41 16 13 12 24 14 15 26 5 30 2 43 11 27 4 10 1 46 36 25 49 40 32 22 48 21 34 47 19 37 33 44 28 18 20 38 6 29 7 45 31 39 9 8 4736.64 4736.64
0 23 17 42 35 3 41 16 13 12 24 14 15 26 5 30 2 43 11 27 4 10 1 46 36 25 49 40 32 22 48 21 34 47 19 37 33 44 28 18 20 38 6 29 7 45 31 39 9 8 4736.64 4736.64
0 23 17 42 35 3 41 16 13 12 24 14 15 26 5 30 2 43 11 27 4 10 1 46 36 25 49 40 32 22 48 21 34 47 19 37 33 44 28 18 20 38 6 29 7 45 31 39 9 8 4736.64 4736.64
0 23 17 42 35 3 41 16 13 12 24 14 15 26 5 30 2 43 11 27 4 10 1 46 36 25 49 40 32 22 48 21 34 47 19 37 33 44 28 18 20 38 6 29 7 45 31 39 9 8 4736.64 4736.64
0 23 17 42 35 3 41 16 13 12 24 14 15 26 5 30 2 43 11 27 4 10 1 46 36 25 49 40 32 22 48 21 34 47 19 37 33 44 28 18 20 38 6 29 7 45 31 39 9 8 4736.64 4736.64
0 23 17 42 35 3 41 16 13 12 24 14 15 26 5 30 2 43 11 27 4 10 1 46 36 25 49 40 32 22 48 21 34 47 19 37 33 44 28 18 20 38 6 29 7 45 31 39 9 8 4736.64 4736.64
0 23 17 42 35 3 41 16 13 12 24 14 15 26 5 30 2 43 11 27 4 10 1 46 36 25 49 40 32 22 48 21 34 47 19 37 33 44 28 18 20 38 6 29 7 45 31 39 9 8 4736.64 4736.64
0 23 17 42 35 3 41 16 13 12 24 14 15 26 5 30 2 43 11 27 4 10 1 46 36 25 49 40 32 22 48 21 34 47 19 37 33 44 28 18 20 38 6 29 7 45 31 39 9 8 4736.64 4740.78
0 23 17 42 35 3 41 16 13 12 24 14 15 26 5 30 2 43 11 27 4 10 1 46 36 25 49 40 32 22 48 21 34 47 19 37 33 44 28 18 20 38 6 29 7 45 31 39 9 8 4736.64 4736.64
0 23 17 42 35 3 41 16 13 12 24 14 15 26 5 30 2 43 11 27 4 10 1 46 36 25 49 40 32 22 48 21 34 47 19 37 33 44 28 18 20 38 6 29 7 45 31 39 9 8 4736.64 4736.64
0 23 17 42 35 3 41 16 13 12 24 14 15 26 5 30 2 43 11 27 4 10 1 46 36 25 49 40 32 22 48 21 34 47 19 37 33 44 28 18 20 38 6 29 7 45 31 39 9 8 4736.64 4736.64
0 23 17 42 35 3 41 16 13 12 24 14 15 26 5 30 2 43 11 27 4 10 1 46 36 25 49 40 32 22 48 21 34 47 19 37 33 44 28 18 20 38 6 29 7 45 31 39 9 8 4736.64 4740.8
0 23 17 42 35 3 41 16 13 12 24 14 15 26 5 30 2 43 11 27 4 10 1 46 36 25 49 40 32 22 48 21 34 47 19 37 33 44 28 18 20 38 6 29 7 45 31 39 9 8 4736.64 4755.19
0 23 17 42 35 3 41 16 13 12 24 14 15 26 5 30 2 43 11 27 4 10 1 46 36 25 49 40 32 22 48 21 34 47 19 37 33 44 28 18 20 38 6 29 7 45 31 39 9 8 4736.64 4751.45
0 23 17 42 35 3 41 16 13 12 24 14 15 26 5 30 2 43 11 27 4 10 1 46 36 25 49 40 32 22 48 21 34 47 19 37 33 44 28 18 20 38 6 29 7 45 31 39 9 8 4736.64 4755.08
0 23 17 42 35 3 41 16 13 12 24 14 15 26 5 30 2 43 11 27 4 10 1 46 36 25 49 40 32 22 48 21 34 47 19 37 33 44 28 18 20 38 6 29 7 45 31 39 9 8 4736.64 4770.01
0 23 17 42 35 3 41 16 13 12 24 14 15 26 5 30 2 43 11 27 4 10 1 46 36 25 49 40 32 22 48 21 34 47 19 37 33 44 28 18 20 38 6 29 7 45 31 39 9 8 4736.64 4739.65
0 23 17 42 35 3 41 16 13 12 24 14 15 26 5 30 2 43 11 27 4 10 1 46 36 25 49 40 32 22 48 21 34 47 19 37 33 44 28 18 20 38 6 29 7 45 31 39 9 8 4736.64 4736.64
0 23 17 42 35 3 41 16 13 12 24 14 15 26 5 30 2 43 11 27 4 10 1 46 36 25 49 40 32 22 48 21 34 47 19 37 33 44 28 18 20 38 6 29 7 45 31 39 9 8 4736.64 4739.56
0 23 17 42 35 3 41 16 13 12 24 14 15 26 5 30 2 43 11 27 4 10 1 46 36 25 49 40 32 22 48 21 34 47 19 37 33 44 28 18 20 38 6 29 7 45 31 39 9 8 4736.64 4736.99
0 23 17 42 35 3 41 16 13 12 24 14 15 26 5 30 2 43 11 27 4 10 1 46 36 25 49 40 32 22 48 21 34 47 19 37 33 44 28 18 20 38 6 29 7 45 31 39 9 8 4736.64 4747.9
0 23 17 42 35 3 41 16 13 12 24 14 15 26 5 30 2 43 11 27 4 10 1 46 36 25 49 40 32 22 48 21 34 47 19 37 33 44 28 18 20 38 6 29 7 45 31 39 9 8 4736.64 4753.12
0 23 17 42 35 3 41 16 13 12 24 14 15 26 5 30 2 43 11 27 4 10 1 46 36 25 49 40 32 22 48 21 34 47 19 37 33 44 28 18 20 38 6 29 7 45 31 39 9 8 4736.64 4736.64
0 23 17 42 35 3 41 16 13 12 24 14 15 26 5 30 2 43 11 27 4 10 1 46 36 25 49 40 32 22 48 21 34 47 19 37 33 44 28 18 20 38 6 29 7 45 31 39 9 8 4736.64 4750.9
0 23 17 42 35 3 41 16 13 12 24 14 15 26 5 30 2 43 11 27 4 10 1 46 36 25 49 40 32 22 48 21 34 47 19 37 33 44 28 18 20 38 6 29 7 45 31 39 9 8 4736.64 4769.56
0 23 17 42 35 3 41 16 13 12 24 14 15 26 5 30 2 43 11 27 4 10 1 46 36 25 49 40 32 22 48 21 34 47 19 37 33 44 28 18 20 38 6 29 7 45 31 39 9 8 4736.64 4753.82
0 23 17 42 35 3 41 16 13 12 24 14 15 26 5 30 2 43 11 27 4 10 1 46 36 25 49 40 32 22 48 21 34 47 19 37 33 44 28 18 20 38 6 29 7 45 31 39 9 8 4736.64 4736.64
0 23 17 42 35 3 41 16 13 12 24 14 15 26 5 30 2 43 11 27 4 10 1 46 36 25 49 40 32 22 48 21 34 47 19 37 33 44 28 18 20 38 6 29 7 45 31 39 9 8 4736.64 4748.68
0 23 17 42 35 3 41 16 13 12 24 14 15 26 5 30 2 43 11 27 4 10 1 46 36 25 49 40 32 22 48 21 34 47 19 37 33 44 28 18 20 38 6 29 7 45 31 39 9 8 4736.64 4765.27
0 23 17 42 35 3 41 16 13 12 24 14 15 26 5 30 2 43 11 27 4 10 1 46 36 25 49 40 32 22 48 21 34 47 19 37 33 44 28 18 20 38 6 29 7 45 31 39 9 8 4736.64 4756.15
0 23 17 42 35 3 41 16 13 12 24 14 15 26 5 30 2 43 27 4 10 1 46 36 11 25 49 40 32 22 48 21 34 47 19 37 33 44 28 18 20 38 6 29 7 45 31 39 9 8 4692.81 4737.39
0 23 17 42 35 3 41 16 13 12 24 14 15 26 5 30 2 43 27 4 10 1 46 36 11 25 49 40 32 22 48 21 34 47 19 37 33 44 28 18 20 38 6 29 7 45 31 39 9 8 4692.81 4727.4
0 23 17 42 35 3 41 16 13 12 24 14 15 26 5 30 2 43 27 4 10 1 46 36 11 25 49 40 32 22 48 21 34 47 19 37 33 44 28 18 20 38 6 29 7 45 31 39 9 8 4692.81 4714.77
0 23 17 42 35 3 41 16 13 12 24 14 15 26 5 30 2 43 27 4 10 1 46 36 11 25 49 40 32 22 48 21 34 47 19 37 33 44 28 18 20 38 6 29 7 45 31 39 9 8 4692.81 4724.33
0 23 17 42 35 3 41 16 13 12 24 14 15 26 5 30 2 43 27 4 10 1 46 36 11 25 49 40 32 22 48 21 34 47 19 37 33 44 28 18 20 38 6 29 7 45 31 39 9 8 4692.81 4712.3
0 23 17 42 35 3 41 16 13 12 24 14 15 26 5 30 2 43 27 4 10 1 46 36 11 25 49 40 32 22 48 21 34 47 19 37 33 44 28 18 20 38 6 29 7 45 31 39 9 8 4692.81 4692.95
0 23 17 42 35 3 41 16 13 12 24 14 15 26 5 30 2 43 27 4 10 1 46 36 11 25 49 40 32 22 48 21 34 47 19 37 33 44 28 18 20 38 6 29 7 45 31 39 9 8 4692.81 4705.82
0 23 17 42 35 3 41 16 13 12 24 14 15 26 5 30 2 43 27 4 10 1 46 36 11 25 49 40 32 22 48 21 34 47 19 37 33 44 28 18 20 38 6 29 7 45 31 39 9 8 4692.81 4701.92
0 23 17 42 35 3 41 16 13 12 24 14 15 26 5 30 2 43 27 4 10 1 46 36 11 25 49 40 32 22 48 21 34 47 19 37 33 44 28 18 20 38 6 29 7 45 31 39 9 8 4692.81 4715.17
0 23 17 42 35 3 41 16 13 12 24 14 15 26 5 30 2 43 27 4 10 1 46 36 11 25 49 40 32 22 48 21 34 47 19 37 33 44 28 18 20 38 6 29 7 45 31 39 9 8 4692.81 4702.54
0 23 17 42 35 3 41 16 13 12 24 14 15 26 5 30 2 43 27 4 10 1 46 36 11 25 49 40 32 22 48 21 34 47 19 37 33 44 28 18 20 38 6 29 7 45 31 39 9 8 4692.81 4694.03
0 23 17 42 35 3 41 16 13 12 24 14 15 26 5 30 2 43 27 4 10 1 46 36 11 25 49 40 32 22 48 21 34 47 19 37 33 44 28 18 20 38 6 29 7 45 31 39 9 8 4692.81 4705.58
0 23 17 42 35 3 41 16 13 12 24 14 15 26 5 30 2 43 27 4 10 1 46 36 11 25 49 40 32 22 48 21 34 47 19 37 33 44 28 18 20 38 6 29 7 45 31 39 9 8 4692.81 4741.61
0 23 17 42 35 3 41 16 13 12 24 14 15 26 5 30 2 43 27 4 10 1 46 36 11 25 49 40 32 22 48 21 34 47 19 37 33 44 28 18 20 38 6 29 7 45 31 39 9 8 4692.81 4696.5
0 23 17 42 35 3 41 16 13 12 24 14 15 26 5 30 2 43 27 4 10 1 46 36 11 25 49 40 32 22 48 21 34 47 19 37 33 44 28 18 20 38 6 29 7 45 31 39 9 8 4692.81 4692.81
0 23 17 42 35 3 41 16 13 12 24 14 15 26 5 30 2 43 27 4 10 1 46 36 11 25 49 40 32 22 48 21 34 47 19 37 33 44 28 18 20 38 6 29 7 45 31 39 9 8 4692.81 4695.62
0 23 17 42 35 3 41 16 13 12 24 14 15 26 5 30 2 43 27 4 10 1 46 36 11 25 49 40 32 22 48 21 34 47 19 37 33 44 28 18 20 38 6 29 7 45 31 39 9 8 4692.81 4698.63
0 23 17 42 35 3 41 16 13 12 24 14 15 26 5 30 2 43 27 4 10 1 46 36 11 25 49 40 32 22 48 21 34 47 19 37 33 44 28 18 20 38 6 29 7 45 31 39 9 8 4692.81 4701.54
0 23 17 42 35 3 41 16 13 12 24 14 15 26 5 30 2 43 27 4 10 1 46 36 11 25 49 40 32 22 48 21 34 47 19 37 33 44 28 18 20 38 6 29 7 45 31 39 9 8 4692.81 4692.97
0 23 17 42 35 3 41 16 13 12 24 14 15 26 5 30 2 43 27 4 10 1 46 36 11 25 49 40 32 22 48 21 34 47 19 37 33 44 28 18 20 38 6 29 7 45 31 39 9 8 4692.81 4692.81
0 23 17 42 35 3 41 16 13 12 24 14 15 26 5 30 2 43 27 4 10 1 46 36 11 25 49 40 32 22 48 21 34 47 19 37 33 44 28 18 20 38 6 29 7 45 31 39 9 8 4692.81 4696.94
0 23 17 42 35 3 41 16 13 12 24 14 15 26 5 30 2 43 27 4 10 1 46 36 11 25 49 40 32 22 48 21 34 47 19 37 33 44 28 18 20 38 6 29 7 45 31 39 9 8 4692.81 4705.83
0 23 17 42 35 3 41 16 13 12 24 14 15 26 5 30 2 43 27 4 10 1 46 36 11 25 49 40 32 22 48 21 34 47 19 37 33 44 28 18 20 38 6 29 7 45 31 39 9 8 4692.81 4726.02
0 23 17 42 35 3 41 16 13 12 24 14 15 26 5 30 2 43 27 4 10 1 46 36 11 25 49 40 32 22 48 21 34 47 19 37 33 44 28 18 20 38 6 29 7 45 31 39 9 8 4692.81 4700.5
0 23 17 42 35 3 41 16 13 12 24 14 15 26 5 30 2 43 27 4 10 1 46 36 11 25 49 40 32 22 48 21 34 47 19 37 33 44 28 18 20 38 6 29 7 45 31 39 9 8 4692.81 4697.46
0 23 17 42 35 3 41 16 13 12 24 14 15 26 5 30 2 43 27 4 10 1 46 36 11 25 49 40 32 22 48 21 34 47 19 37 33 44 28 18 20 38 6 29 7 45 31 39 9 8 4692.81 4706.12
0 23 17 42 35 3 41 16 13 12 24 14 15 26 5 30 2 43 27 4 10 1 46 36 11 25 49 40 32 22 48 21 34 47 19 37 33 44 28 18 20 38 6 29 7 45 31 39 9 8 4692.81 4693.53
0 23 17 42 35 3 41 16 13 12 24 14 15 26 5 30 2 43 27 4 10 1 46 36 11 25 49 40 32 22 48 21 34 47 19 37 33 44 28 18 20 38 6 29 7 45 31 39 9 8 4692.81 4693.49
0 23 17 42 35 3 41 16 13 12 24 14 15 26 5 30 2 43 27 4 10 1 46 36 11 25 49 40 32 22 48 21 34 47 19 37 33 44 28 18 20 38 6 29 7 45 31 39 9 8 4692.81 4692.81
0 23 17 42 35 3 41 16 13 12 24 14 15 26 5 30 2 43 27 4 10 1 46 36 11 25 49 40 32 22 48 21 34 47 19 37 33 44 28 18 20 38 6 29 7 45 31 39 9 8 4692.81 4693.33
0 23 17 42 35 3 41 16 13 12 24 14 15 26 5 30 2 43 27 4 10 1 46 36 11 25 49 40 32 22 48 21 34 47 19 37 33 44 28 18 20 38 6 29 7 45 31 39 9 8 4692.81 4718.48
0 23 17 42 35 3 41 16 13 12 24 14 15 26 5 30 2 43 27 4 10 1 46 36 11 25 49 40 32 22 48 21 34 47 19 37 33 44 28 18 20 38 6 29 7 45 31 39 9 8 4692.81 4696.27
0 23 17 42 35 3 41 16 13 12 24 14 15 26 5 30 2 43 27 4 10 1 46 36 11 25 49 40 32 22 48 21 34 47 19 37 33 44 28 18 20 38 6 29 7 45 31 39 9 8 4692.81 4763.46
0 23 17 42 35 3 41 16 13 12 24 14 15 26 5 30 2 43 27 4 10 1 46 36 11 25 49 40 32 22 48 21 34 47 19 37 33 44 28 18 20 38 6 29 7 45 31 39 9 8 4692.81 4727.04
0 23 17 42 35 3 41 16 13 12 24 14 15 26 5 30 2 43 27 4 10 1 46 36 11 25 49 40 32 22 48 21 34 47 19 37 33 44 28 18 20 38 6 29 7 45 31 39 9 8 4692.81 4708.32
0 23 17 42 35 3 41 16 13 12 24 14 15 26 5 30 2 43 27 4 10 1 46 36 11 25 49 40 32 22 48 21 34 47 19 37 33 44 28 18 20 38 6 29 7 45 31 39 9 8 4692.81 4692.81
0 23 17 42 35 3 41 16 13 12 24 14 15 26 5 30 2 43 27 4 10 1 46 36 11 25 49 40 32 22 48 21 34 47 19 37 33 44 28 18 20 38 6 29 7 45 31 39 9 8 4692.81 4697.77
0 23 17 42 35 3 41 16 13 12 24 14 15 26 5 30 2 43 27 4 10 1 46 36 11 25 49 40 32 22 48 21 34 47 19 37 33 44 28 18 20 38 6 29 7 45 31 39 9 8 4692.81 4697.76
0 23 17 42 35 3 41 16 13 12 24 14 15 26 5 30 2 43 27 4 10 1 46 36 11 25 49 40 32 22 48 21 34 47 19 37 33 44 28 18 20 38 6 29 7 45 31 39 9 8 4692.81 4692.81
0 23 17 42 35 3 41 16 13 12 24 14 15 26 5 30 2 43 27 4 10 1 46 36 11 25 49 40 32 22 48 21 34 47 19 37 33 44 28 18 20 38 6 29 7 45 31 39 9 8 4692.81 4696.15
0 23 17 42 35 3 41 16 13 12 24 14 15 26 5 30 2 43 27 4 10 1 46 36 11 25 49 40 32 22 48 21 34 47 19 37 33 44 28 18 20 38 6 29 7 45 31 39 9 8 4692.81 4711.04
0 23 17 42 35 3 41 16 13 12 24 14 15 26 5 30 2 43 27 4 10 1 46 36 11 25 49 40 32 22 48 21 34 47 19 37 33 44 28 18 20 38 6 29 7 45 31 39 9 8 4692.81 4692.81
0 23 17 42 35 3 41 16 13 12 24 14 15 26 5 30 2 43 27 4 10 1 46 36 11 25 49 40 32 22 48 21 34 47 19 37 33 44 28 18 20 38 6 29 7 45 31 39 9 8 4692.81 4709.55
0 23 17 42 35 3 41 16 13 12 24 14 15 26 5 30 2 43 27 4 10 1 46 36 11 25 49 40 32 22 48 21 34 47 19 37 33 44 28 18 20 38 6 29 7 45 31 39 9 8 4692.81 4726
0 23 17 42 35 3 41 16 13 12 24 14 15 26 5 30 2 43 27 4 10 1 46 36 11 25 49 40 32 22 48 21 34 47 19 37 33 44 28 18 20 38 6 29 7 45 31 39 9 8 4692.81 4694.21
0 23 17 42 35 3 41 16 13 12 24 14 15 26 5 30 2 43 27 4 10 1 46 36 11 25 49 40 32 22 48 21 34 47 19 37 33 44 28 18 20 38 6 29 7 45 31 39 9 8 4692.81 4699.11
0 23 17 42 35 3 41 16 13 12 24 14 15 26 5 30 2 43 27 4 10 1 46 36 11 25 49 40 32 22 48 21 34 47 19 37 33 44 28 18 20 38 6 29 7 45 31 39 9 8 4692.81 4692.81
0 23 17 42 35 3 41 16 13 12 24 14 15 26 5 30 2 43 27 4 10 1 46 36 11 25 49 40 32 22 48 21 34 47 19 37 33 44 28 18 20 38 6 29 7 45 31 39 9 8 4692.81 4692.81
0 23 17 42 35 3 41 16 13 12 24 14 15 26 5 30 2 43 27 4 10 1 46 36 11 25 49 40 32 22 48 21 34 47 19 37 33 44 28 18 20 38 6 29 7 45 31 39 9 8 4692.81 4692.81
0 23 17 42 35 3 41 16 13 12 24 14 15 26 5 30 2 43 27 4 10 1 46 36 11 25 49 40 32 22 48 21 34 47 19 37 33 44 28 18 20 38 6 29 7 45 31 39 9 8 4692.81 4692.81
0 23 17 42 35 3 41 16 13 12 24 14 15 26 5 30 2 43 27 4 10 1 46 36 11 25 49 40 32 22 48 21 34 47 19 37 33 44 28 18 20 38 6 29 7 45 31 39 9 8 4692.81 4692.81
0 23 17 42 35 3 41 16 13 12 24 14 15 26 5 30 2 43 27 4 10 1 46 36 11 25 49 40 32 22 48 21 34 47 19 37 33 44 28 18 20 38 6 29 7 45 31 39 9 8 4692.81 4692.81
0 23 17 42 35 3 41 16 13 12 24 14 15 26 5 30 2 43 27 4 10 1 46 36 11 25 49 40 32 22 48 21 34 47 19 37 33 44 28 18 20 38 6 29 7 45 31 39 9 8 4692.81 4692.81
0 23 17 42 35 3 41 16 13 12 24 14 15 26 5 30 2 43 27 4 10 1 46 36 11 25 49 40 32 22 48 21 34 47 19 37 33 44 28 18 20 38 6 29 7 45 31 39 9 8 4692.81 4692.81
0 23 17 42 35 3 41 16 13 12 24 14 15 26 5 30 2 43 27 4 10 1 46 36 11 25 49 40 32 22 48 21 34 47 19 37 33 44 28 18 20 38 6 29 7 45 31 39 9 8 4692.81 4692.81
0 23 17 42 35 3 41 16 13 12 24 14 15 26 5 30 2 43 27 4 10 1 46 36 11 25 49 40 32 22 48 21 34 47 19 37 33 44 28 18 20 38 6 29 7 45 31 39 9 8 4692.81 4693.34
0 23 17 42 35 3 41 16 13 12 24 14 15 26 5 30 2 43 27 4 10 1 46 36 11 25 49 40 32 22 48 21 34 47 19 37 33 44 28 18 20 38 6 29 7 45 31 39 9 8 4692.81 4696.63
0 23 17 42 35 3 41 16 13 12 24 14 15 26 5 30 2 43 27 4 10 1 46 36 11 25 49 40 32 22 48 21 34 47 19 37 33 44 28 18 20 38 6 29 7 45 31 39 9 8 4692.81 4705.89
0 23 17 42 35 3 41 16 13 12 24 14 15 26 5 30 2 43 27 4 10 1 46 36 11 25 49 40 32 22 48 21 34 47 19 37 33 44 28 18 20 38 6 29 7 45 31 39 9 8 4692.81 4692.99
0 23 17 42 35 3 41 16 13 12 24 14 15 26 5 30 2 43 27 4 10 1 46 36 11 25 49 40 32 22 48 21 34 47 19 37 33 44 28 18 20 38 6 29 7 45 31 39 9 8 4692.81 4692.81
0 23 17 42 35 3 41 16 13 12 24 14 15 26 5 30 2 43 27 4 10 1 46 36 11 25 49 40 32 22 48 21 34 47 19 37 33 44 28 18 20 38 6 29 7 45 31 39 9 8 4692.81 4693.69
0 23 17 42 35 3 41 16 13 12 24 14 15 26 5 30 2 43 27 4 10 1 46 36 11 25 49 40 32 22 48 21 34 47 19 37 33 44 28 18 20 38 6 29 7 45 31 39 9 8 4692.81 4692.81
0 23 17 42 35 3 41 16 13 12 24 14 15 26 5 30 2 43 27 4 10 1 46 36 11 25 49 40 32 22 48 21 34 47 19 37 33 44 28 18 20 38 6 29 7 45 31 39 9 8 4692.81 4706.05
0 23 17 42 35 3 41 16 13 12 24 14 15 26 5 30 2 43 27 4 10 1 46 36 11 25 49 40 32 22 48 21 34 47 19 37 33 44 28 18 20 38 6 29 7 45 31 39 9 8 4692.81 4699.04
0 23 17 42 35 3 41 16 13 12 24 14 15 26 5 30 2 43 27 4 10 1 46 36 11 25 49 40 32 22 48 21 34 47 19 37 33 44 28 18 20 38 6 29 7 45 31 39 9 8 4692.81 4692.82
0 23 17 42 35 3 41 16 13 12 24 14 15 26 5 30 2 43 27 4 10 1 46 36 11 25 49 40 32 22 48 21 34 47 19 37 33 44 28 18 20 38 6 29 7 45 31 39 9 8 4692.81 4692.81
0 23 17 42 35 3 41 16 13 12 24 14 15 26 5 30 2 43 27 4 10 1 46 36 11 25 49 40 32 22 48 21 34 47 19 37 33 44 28 18 20 38 6 29 7 45 31 39 9 8 4692.81 4692.81
0 23 17 42 35 3 41 16 13 12 24 14 15 26 5 30 2 43 27 4 10 1 46 36 11 25 49 40 32 22 48 21 34 47 19 37 33 44 28 18 20 38 6 29 7 45 31 39 9 8 4692.81 4693.72
0 23 17 42 35 3 41 16 13 12 24 14 15 26 5 30 2 43 27 4 10 1 46 36 11 25 49 40 32 22 48 21 34 47 19 37 33 44 28 18 20 38 6 29 7 45 31 39 9 8 4692.81 4703.67
0 23 17 42 35 3 41 16 13 12 24 14 15 26 5 30 2 43 27 4 10 1 46 36 11 25 49 40 32 22 48 21 34 47 19 37 33 44 28 18 20 38 6 29 7 45 31 39 9 8 4692.81 4704.57
0 23 17 42 35 3 41 16 13 12 24 14 15 26 5 30 2 43 27 4 10 1 46 36 11 25 49 40 32 22 48 21 34 47 19 37 33 44 28 18 20 38 6 29 7 45 31 39 9 8 4692.81 4726.71
0 23 17 42 35 3 41 16 13 12 24 14 15 26 5 30 2 43 27 4 10 1 46 36 11 25 49 40 32 22 48 21 34 47 19 37 33 44 28 18 20 38 6 29 7 45 31 39 9 8 4692.81 4695.84
0 23 17 42 35 3 41 16 13 12 24 14 15 26 5 30 2 43 27 4 10 1 46 36 11 25 49 40 32 22 48 21 34 47 19 37 33 44 28 18 20 38 6 29 7 45 31 39 9 8 4692.81 4695.08
0 23 17 42 35 3 41 16 13 12 24 14 15 26 5 30 2 43 27 4 10 1 46 36 11 25 49 40 32 22 48 21 34 47 19 37 33 44 28 18 20 38 6 29 7 45 31 39 9 8 4692.81 4695.93
0 23 17 42 35 3 41 16 13 12 24 14 15 26 5 30 2 43 27 4 10 1 46 36 11 25 49 40 32 22 48 21 34 47 19 37 33 44 28 18 20 38 6 29 7 45 31 39 9 8 4692.81 4697.98
0 23 17 42 35 3 41 16 13 12 24 14 15 26 5 30 2 43 27 4 10 1 46 36 11 25 49 40 32 22 48 21 34 47 19 37 33 44 28 18 20 38 6 29 7 45 31 39 9 8 4692.81 4709.61
0 23 17 42 35 3 41 16 13 12 24 14 15 26 5 30 2 43 27 4 10 1 46 36 11 25 49 40 32 22 48 21 34 47 19 37 33 44 28 18 20 38 6 29 7 45 31 39 9 8 4692.81 4692.81
0 23 17 42 35 3 41 16 13 12 24 14 15 26 5 30 2 43 27 4 10 1 46 36 11 25 49 40 32 22 48 21 34 47 19 37 33 44 28 18 20 38 6 29 7 45 31 39 9 8 4692.81 4692.81
0 23 17 42 35 3 41 16 13 12 24 14 15 26 5 30 2 43 27 4 10 1 46 36 11 25 49 40 32 22 48 21 34 47 19 37 33 44 28 18 20 38 6 29 7 45 31 39 9 8 4692.81 4692.81
0 23 17 42 35 3 41 16 13 12 24 14 15 26 5 30 2 43 27 4 10 1 46 36 11 25 49 40 32 22 48 21 34 47 19 37 33 44 28 18 20 38 6 29 7 45 31 39 9 8 4692.81 4697.53
0 23 17 42 35 3 41 16 13 12 24 14 15 26 5 30 2 43 27 4 10 1 46 36 11 25 49 40 32 22 48 21 34 47 19 37 33 44 28 18 20 38 6 29 7 45 31 39 9 8 4692.81 4720.37
0 23 17 42 35 3 41 16 13 12 24 14 15 26 5 30 2 43 27 4 10 1 46 36 11 25 49 40 32 22 48 21 34 47 19 37 33 44 28 18 20 38 6 29 7 45 31 39 9 8 4692.81 4701.72
0 23 17 42 35 3 41 16 13 12 24 14 15 26 5 30 2 43 27 4 10 1 46 36 11 25 49 40 32 22 48 21 34 47 19 37 33 44 28 18 20 38 6 29 7 45 31 39 9 8 4692.81 4706.47
0 23 17 42 35 3 41 16 13 12 24 14 15 26 5 30 2 43 27 4 10 1 46 36 11 25 49 40 32 22 48 21 34 47 19 37 33 44 28 18 20 38 6 29 7 45 31 39 9 8 4692.81 4702.63
0 23 17 42 35 3 41 16 13 12 24 14 15 26 5 30 2 43 27 4 10 1 46 36 11 25 49 40 32 22 48 21 34 47 19 37 33 44 28 18 20 38 6 29 7 45 31 39 9 8 4692.81 4701.2
0 23 17 42 35 3 41 16 13 12 24 14 15 26 5 30 2 43 27 4 10 1 46 36 11 25 49 40 32 22 48 21 34 47 19 37 33 44 28 18 20 38 6 29 7 45 31 39 9 8 4692.81 4702.92
0 23 17 42 35 3 41 16 13 12 24 14 15 26 5 30 2 43 27 4 10 1 46 36 11 25 49 40 32 22 48 21 34 47 19 37 33 44 28 18 20 38 6 29 7 45 31 39 9 8 4692.81 4710.52
0 23 17 42 35 3 41 16 13 12 24 14 15 26 5 30 2 43 27 4 10 1 46 36 11 25 49 40 32 22 48 21 34 47 19 37 33 44 28 18 20 38 6 29 7 45 31 39 9 8 4692.81 4712.46
0 23 17 42 35 3 41 16 13 12 24 14 15 26 5 30 2 43 27 4 10 1 46 36 11 25 49 40 32 22 48 21 34 47 19 37 33 44 28 18 20 38 6 29 7 45 31 39 9 8 4692.81 4716.87
0 23 17 42 35 3 41 16 13 12 24 14 15 26 5 30 2 43 27 4 10 1 46 36 11 25 49 40 32 22 48 21 34 47 19 37 33 44 28 18 20 38 6 29 7 45 31 39 9 8 4692.81 4700.23
0 23 17 42 35 3 41 16 13 12 24 14 15 26 5 30 2 43 27 4 10 1 46 36 11 25 49 40 32 22 48 21 34 47 19 37 33 44 28 18 20 38 6 29 7 45 31 39 9 8 4692.81 4692.81
0 23 17 42 35 3 41 16 13 12 24 14 15 26 5 30 2 43 27 4 10 1 46 36 11 25 49 40 32 22 48 21 34 47 19 37 33 44 28 18 20 38 6 29 7 45 31 39 9 8 4692.81 4692.81
0 23 17 42 35 3 41 16 13 12 24 14 15 26 5 30 2 43 27 4 10 1 46 36 11 25 49 40 32 22 48 21 34 47 19 37 33 44 28 18 20 38 6 29 7 45 31 39 9 8 4692.81 4692.81
0 23 17 42 35 3 41 16 13 12 24 14 15 26 5 30 2 43 27 4 10 1 46 36 11 25 49 40 32 22 48 21 34 47 19 37 33 44 28 18 20 38 6 29 7 45 31 39 9 8 4692.81 4693.18
0 23 17 42 35 3 41 16 13 12 24 14 15 26 5 30 2 43 27 4 10 1 46 36 11 25 49 40 32 22 48 21 34 47 19 37 33 44 28 18 20 38 6 29 7 45 31 39 9 8 4692.81 4701.12
0 23 17 42 35 3 41 16 13 12 24 14 15 26 5 30 2 43 27 4 10 1 46 36 11 25 49 40 32 22 48 21 34 47 19 37 33 44 28 18 20 38 6 29 7 45 31 39 9 8 4692.81 4721.07
0 23 17 42 35 3 41 16 13 12 24 14 15 26 5 30 2 43 27 4 10 1 46 36 11 25 49 40 32 22 48 21 34 47 19 37 33 44 28 18 20 38 6 29 7 45 31 39 9 8 4692.81 4715.67
0 23 17 42 35 3 41 16 13 12 24 14 15 26 5 30 2 43 27 4 10 1 46 36 11 25 49 40 32 22 48 21 34 47 19 37 33 44 28 18 20 38 6 29 7 45 31 39 9 8 4692.81 4699.77
0 23 17 42 35 3 41 16 13 12 24 14 15 26 5 30 2 43 27 4 10 1 46 36 11 25 49 40 32 22 48 21 34 47 19 37 33 44 28 18 20 38 6 29 7 45 31 39 9 8 4692.81 4692.81
0 23 17 42 35 3 41 16 13 12 24 14 15 26 5 30 2 43 27 4 10 1 46 36 11 25 49 40 32 22 48 21 34 47 19 37 33 44 28 18 20 38 6 29 7 45 31 39 9 8 4692.81 4692.81
0 23 17 42 35 3 41 16 13 12 24 14 15 26 5 30 2 43 27 4 10 1 46 36 11 25 49 40 32 22 48 21 34 47 19 37 33 44 28 18 20 38 6 29 7 45 31 39 9 8 4692.81 4692.81
0 23 17 42 35 3 41 16 13 12 24 14 15 26 5 30 2 43 27 4 10 1 46 36 11 25 49 40 32 22 48 21 34 47 19 37 33 44 28 18 20 38 6 29 7 45 31 39 9 8 4692.81 4706.01
0 23 17 42 35 3 41 16 13 12 24 14 15 26 5 30 2 43 27 4 10 1 46 36 11 25 49 40 32 22 48 21 34 47 19 37 33 44 28 18 20 38 6 29 7 45 31 39 9 8 4692.81 4697.58
0 23 17 42 35 3 41 16 13 12 24 14 15 26 5 30 2 43 27 4 10 1 46 36 11 25 49 40 32 22 48 21 34 47 19 37 33 44 28 18 20 38 6 29 7 45 31 39 9 8 4692.81 4696.23
0 23 17 42 35 3 41 16 13 12 24 14 15 26 5 30 2 43 27 4 10 1 46 36 11 25 49 40 32 22 48 21 34 47 19 37 33 44 28 18 20 38 6 29 7 45 31 39 9 8 4692.81 4704.3
0 23 17 42 35 3 41 16 13 12 24 14 15 26 5 30 2 43 27 4 10 1 46 36 11 25 49 40 32 22 48 21 34 47 19 37 33 44 28 18 20 38 6 29 7 45 31 39 9 8 4692.81 4692.81
0 23 17 42 35 3 41 16 13 12 24 14 15 26 5 30 2 43 27 4 10 1 46 36 11 25 49 40 32 22 48 21 34 47 19 37 33 44 28 18 20 38 6 29 7 45 31 39 9 8 4692.81 4692.98
0 23 17 42 35 3 41 16 13 12 24 14 15 26 5 30 2 43 27 4 10 1 46 36 11 25 49 40 32 22 48 21 34 47 19 37 33 44 28 18 20 38 6 29 7 45 31 39 9 8 4692.81 4692.81
0 23 17 42 35 3 41 16 13 12 24 14 15 26 5 30 2 43 27 4 10 1 46 36 11 25 49 40 32 22 48 21 34 47 19 37 33 44 28 18 20 38 6 29 7 45 31 39 9 8 4692.81 4692.81
0 23 17 42 35 3 41 16 13 12 24 14 15 26 5 30 2 43 27 4 10 1 46 36 11 25 49 40 32 22 48 21 34 47 19 37 33 44 28 18 20 38 6 29 7 45 31 39 9 8 4692.81 4692.81
0 23 17 42 35 3 41 16 13 12 24 14 15 26 5 30 2 43 27 4 10 1 46 36 11 25 49 40 32 22 48 21 34 47 19 37 33 44 28 18 20 38 6 29 7 45 31 39 9 8 4692.81 4692.81
0 23 17 42 35 3 41 16 13 12 24 14 15 26 5 30 2 43 27 4 10 1 46 36 11 25 49 40 32 22 48 21 34 47 19 37 33 44 28 18 20 38 6 29 7 45 31 39 9 8 4692.81 4692.9
0 23 17 42 35 3 41 16 13 12 24 14 15 26 5 30 2 43 27 4 10 1 46 36 11 25 49 40 32 22 48 21 34 47 19 37 33 44 28 18 20 38 6 29 7 45 31 39 9 8 4692.81 4700.64
0 23 17 42 35 3 41 16 13 12 24 14 15 26 5 30 2 43 27 4 10 1 46 36 11 25 49 40 32 22 48 21 34 47 19 37 33 44 28 18 20 38 6 29 7 45 31 39 9 8 4692.81 4692.81
0 23 17 42 35 3 41 16 13 12 24 14 15 26 5 30 2 43 27 4 10 1 46 36 11 25 49 40 32 22 48 21 34 47 19 37 33 44 28 18 20 38 6 29 7 45 31 39 9 8 4692.81 4703.71
0 23 17 42 35 3 41 16 13 12 24 14 15 26 5 30 2 43 27 4 10 1 46 36 11 25 49 40 32 22 48 21 34 47 19 37 33 44 28 18 20 38 6 29 7 45 31 39 9 8 4692.81 4705.54
0 23 17 42 35 3 41 16 13 12 24 14 15 26 5 30 2 43 27 4 10 1 46 36 11 25 49 40 32 22 48 21 34 47 19 37 33 44 28 18 20 38 6 29 7 45 31 39 9 8 4692.81 4714.43
0 23 17 42 35 3 41 16 13 12 24 14 15 26 5 30 2 43 27 4 10 1 46 36 11 25 49 40 32 22 48 21 34 47 19 37 33 44 28 18 20 38 6 29 7 45 31 39 9 8 4692.81 4705.84
0 23 17 42 35 3 41 16 13 12 24 14 15 26 5 30 2 43 27 4 10 1 46 36 11 25 49 40 32 22 48 21 34 47 19 37 33 44 28 18 20 38 6 29 7 45 31 39 9 8 4692.81 4693.2
0 23 17 42 35 3 41 16 13 12 24 14 15 26 5 30 2 43 27 4 10 1 46 36 11 25 49 40 32 22 48 21 34 47 19 37 33 44 28 18 20 38 6 29 7 45 31 39 9 8 4692.81 4708.41
0 23 17 42 35 3 41 16 13 12 24 14 15 26 5 30 2 43 27 4 10 1 46 36 11 25 49 40 32 22 48 21 34 47 19 37 33 44 28 18 20 38 6 29 7 45 31 39 9 8 4692.81 4732.47
0 23 17 42 35 3 41 16 13 12 24 14 15 26 5 30 2 43 27 4 10 1 46 36 11 25 49 40 32 22 48 21 34 47 19 37 33 44 28 18 20 38 6 29 7 45 31 39 9 8 4692.81 4720.63
0 23 17 42 35 3 41 16 13 12 24 14 15 26 5 30 2 43 27 4 10 1 46 36 11 25 49 40 32 22 48 21 34 47 19 37 33 44 28 18 20 38 6 29 7 45 31 39 9 8 4692.81 4719.95
0 23 17 42 35 3 41 16 13 12 24 14 15 26 5 30 2 43 27 4 10 1 46 36 11 25 49 40 32 22 48 21 34 47 19 37 33 44 28 18 20 38 6 29 7 45 31 39 9 8 4692.81 4694.8
0 23 17 42 35 3 41 16 13 12 24 14 15 26 5 30 2 43 27 4 10 1 46 36 11 25 49 40 32 22 48 21 34 47 19 37 33 44 28 18 20 38 6 29 7 45 31 39 9 8 4692.81 4695.6
0 23 17 42 35 3 41 16 13 12 24 14 15 26 5 30 2 43 27 4 10 1 46 36 11 25 49 40 32 22 48 21 34 47 19 37 33 44 28 18 20 38 6 29 7 45 31 39 9 8 4692.81 4721.06
0 23 17 42 35 3 41 16 13 12 24 14 15 26 5 30 2 43 27 4 10 1 46 36 11 25 49 40 32 22 48 21 34 47 19 37 33 44 28 18 20 38 6 29 7 45 31 39 9 8 4692.81 4701.08
0 23 17 42 35 3 41 16 13 12 24 14 15 26 5 30 2 43 27 4 10 1 46 36 11 25 49 40 32 22 48 21 34 47 19 37 33 44 28 18 20 38 6 29 7 45 31 39 9 8 4692.81 4713.22
0 23 17 42 35 3 41 16 13 12 24 14 15 26 5 30 2 43 27 4 10 1 46 36 11 25 49 40 32 22 48 21 34 47 19 37 33 44 28 18 20 38 6 29 7 45 31 39 9 8 4692.81 4726.51
0 23 17 42 35 3 41 16 13 12 24 14 15 26 5 30 2 43 27 4 10 1 46 36 11 25 49 40 32 22 48 21 34 47 19 37 33 44 28 18 20 38 6 29 7 45 31 39 9 8 4692.81 4730.96
0 23 17 42 35 3 41 16 13 12 24 14 15 26 5 30 2 43 27 4 10 1 46 36 11 25 49 40 32 22 48 21 34 47 19 37 33 44 28 18 20 38 6 29 7 45 31 39 9 8 4692.81 4712.41
0 23 17 42 35 3 41 16 13 12 24 14 15 26 5 30 2 43 27 4 10 1 46 36 11 25 49 40 32 22 48 21 34 47 19 37 33 44 28 18 20 38 6 29 7 45 31 39 9 8 4692.81 4692.81
0 23 17 42 35 3 41 16 13 12 24 14 15 26 5 30 2 43 27 4 10 1 46 36 11 25 49 40 32 22 48 21 34 47 19 37 33 44 28 18 20 38 6 29 7 45 31 39 9 8 4692.81 4695.46
0 23 17 42 35 3 41 16 13 12 24 14 15 26 5 30 2 43 27 4 10 1 46 36 11 25 49 40 32 22 48 21 34 47 19 37 33 44 28 18 20 38 6 29 7 45 31 39 9 8 4692.81 4700.37
0 23 17 42 35 3 41 16 13 12 24 14 15 26 5 30 2 43 27 4 10 1 46 36 11 25 49 40 32 22 48 21 34 47 19 37 33 44 28 18 20 38 6 29 7 45 31 39 9 8 4692.81 4695.37
0 23 17 42 35 3 41 16 13 12 24 14 15 26 5 30 2 43 27 4 10 1 46 36 11 25 49 40 32 22 48 21 34 47 19 37 33 44 28 18 20 38 6 29 7 45 31 39 9 8 4692.81 4692.81
0 23 17 42 35 3 41 16 13 12 24 14 15 26 5 30 2 43 27 4 10 1 46 36 11 25 49 40 32 22 48 21 34 47 19 37 33 44 28 18 20 38 6 29 7 45 31 39 9 8 4692.81 4692.81
0 23 17 42 35 3 41 16 13 12 24 14 15 26 5 30 2 43 27 4 10 1 46 36 11 25 49 40 32 22 48 21 34 47 19 37 33 44 28 18 20 38 6 29 7 45 31 39 9 8 4692.81 4710.35
0 23 17 42 35 3 41 16 13 12 24 14 15 26 5 30 2 43 27 4 10 1 46 36 11 25 49 40 32 22 48 21 34 47 19 37 33 44 28 18 20 38 6 29 7 45 31 39 9 8 4692.81 4692.81
0 23 17 42 35 3 41 16 13 12 24 14 15 26 5 30 2 43 27 4 10 1 46 36 11 25 49 40 32 22 48 21 34 47 19 37 33 44 28 18 20 38 6 29 7 45 31 39 9 8 4692.81 4709.23
0 23 17 42 35 3 41 16 13 12 24 14 15 26 5 30 2 43 27 4 10 1 46 36 11 25 49 40 32 22 48 21 34 47 19 37 33 44 28 18 20 38 6 29 7 45 31 39 9 8 4692.81 4692.83
0 23 17 42 35 3 41 16 13 12 24 14 15 26 5 30 2 43 27 4 10 1 46 36 11 25 49 40 32 22 48 21 34 47 19 37 33 44 28 18 20 38 6 29 7 45 31 39 9 8 4692.81 4692.81
0 23 17 42 35 3 41 16 13 12 24 14 15 26 5 30 2 43 27 4 10 1 46 36 11 25 49 40 32 22 48 21 34 47 19 37 33 44 28 18 20 38 6 29 7 45 31 39 9 8 4692.81 4692.88
0 23 17 42 35 3 41 16 13 12 24 14 15 26 5 30 2 43 27 4 10 1 46 36 11 25 49 40 32 22 48 21 34 47 19 37 33 44 28 18 20 38 6 29 7 45 31 39 9 8 4692.81 4693
0 23 17 42 35 3 41 16 13 12 24 14 15 26 5 30 2 43 27 4 10 1 46 36 11 25 49 40 32 22 48 21 34 47 19 37 33 44 28 18 20 38 6 29 7 45 31 39 9 8 4692.81 4692.81
0 23 17 42 35 3 41 16 13 12 24 14 15 26 5 30 2 43 27 4 10 1 46 36 11 25 49 40 32 22 48 21 34 47 19 37 33 44 28 18 20 38 6 29 7 45 31 39 9 8 4692.81 4699.92
0 23 17 42 35 3 41 16 13 12 24 14 15 26 5 30 2 43 27 4 10 1 46 36 11 25 49 40 32 22 48 21 34 47 19 37 33 44 28 18 20 38 6 29 7 45 31 39 9 8 4692.81 4692.81
0 23 17 42 35 3 41 16 13 12 24 14 15 26 5 30 2 43 27 4 10 1 46 36 11 25 49 40 32 22 48 21 34 47 19 37 33 44 28 18 20 38 6 29 7 45 31 39 9 8 4692.81 4693.24
0 23 17 42 35 3 41 16 13 12 24 14 15 26 5 30 2 43 27 4 10 1 46 36 11 25 49 40 32 22 48 21 34 47 19 37 33 44 28 18 20 38 6 29 7 45 31 39 9 8 4692.81 4692.81
0 23 17 42 35 3 41 16 13 12 24 14 15 26 5 30 2 43 27 4 10 1 46 36 11 25 49 40 32 22 48 21 34 47 19 37 33 44 28 18 20 38 6 29 7 45 31 39 9 8 4692.81 4697.72
0 23 17 42 35 3 41 16 13 12 24 14 15 26 5 30 2 43 27 4 10 1 46 36 11 25 49 40 32 22 48 21 34 47 19 37 33 44 28 18 20 38 6 29 7 45 31 39 9 8 4692.81 4694.87
0 23 17 42 35 3 41 16 13 12 24 14 15 26 5 30 2 43 27 4 10 1 46 36 11 25 49 40 32 22 48 21 34 47 19 37 33 44 28 18 20 38 6 29 7 45 31 39 9 8 4692.81 4692.81
0 23 17 42 35 3 41 16 13 12 24 14 15 26 5 30 2 43 27 4 10 1 46 36 11 25 49 40 32 22 48 21 34 47 19 37 33 44 28 18 20 38 6 29 7 45 31 39 9 8 4692.81 4699.42
0 23 17 42 35 3 41 16 13 12 24 14 15 26 5 30 2 43 27 4 10 1 46 36 11 25 49 40 32 22 48 21 34 47 19 37 33 44 28 18 20 38 6 29 7 45 31 39 9 8 4692.81 4693.59
0 23 17 42 35 3 41 16 13 12 24 14 15 26 5 30 2 43 27 4 10 1 46 36 11 25 49 40 32 22 48 21 34 47 19 37 33 44 28 18 20 38 6 29 7 45 31 39 9 8 4692.81 4696.05
0 23 17 42 35 3 41 16 13 12 24 14 15 26 5 30 2 43 27 4 10 1 46 36 11 25 49 40 32 22 48 21 34 47 19 37 33 44 28 18 20 38 6 29 7 45 31 39 9 8 4692.81 4692.82
0 23 17 42 35 3 41 16 13 12 24 14 15 26 5 30 2 43 27 4 10 1 46 36 11 25 49 40 32 22 48 21 34 47 19 37 33 44 28 18 20 38 6 29 7 45 31 39 9 8 4692.81 4692.81
0 23 17 42 35 3 41 16 13 12 24 14 15 26 5 30 2 43 27 4 10 1 46 36 11 25 49 40 32 22 48 21 34 47 19 37 33 44 28 18 20 38 6 29 7 45 31 39 9 8 4692.81 4697.26
0 23 17 42 35 3 41 16 13 12 24 14 15 26 5 30 2 43 27 4 10 1 46 36 11 25 49 40 32 22 48 21 34 47 19 37 33 44 28 18 20 38 6 29 7 45 31 39 9 8 4692.81 4728.8
0 23 17 42 35 3 41 16 13 12 24 14 15 26 5 30 2 43 27 4 10 1 46 36 11 25 49 40 32 22 48 21 34 47 19 37 33 44 28 18 20 38 6 29 7 45 31 39 9 8 4692.81 4731
0 23 17 42 35 3 41 16 13 12 24 14 15 26 5 30 2 43 27 4 10 1 46 36 11 25 49 40 32 22 48 21 34 47 19 37 33 44 28 18 20 38 6 29 7 45 31 39 9 8 4692.81 4706.42
0 23 17 42 35 3 41 16 13 12 24 14 15 26 5 30 2 43 27 4 10 1 46 36 11 25 49 40 32 22 48 21 34 47 19 37 33 44 28 18 20 38 6 29 7 45 31 39 9 8 4692.81 4692.81
0 23 17 42 35 3 41 16 13 12 24 14 15 26 5 30 2 43 27 4 10 1 46 36 11 25 49 40 32 22 48 21 34 47 19 37 33 44 28 18 20 38 6 29 7 45 31 39 9 8 4692.81 4702.4
0 23 17 42 35 3 41 16 13 12 24 14 15 26 5 30 2 43 27 4 10 1 46 36 11 25 49 40 32 22 48 21 34 47 19 37 33 44 28 18 20 38 6 29 7 45 31 39 9 8 4692.81 4693.62
0 23 17 42 35 3 41 16 13 12 24 14 15 26 5 30 2 43 27 4 10 1 46 36 11 25 49 40 32 22 48 21 34 47 19 37 33 44 28 18 20 38 6 29 7 45 31 39 9 8 4692.81 4692.81
0 23 17 42 35 3 41 16 13 12 24 14 15 26 5 30 2 43 27 4 10 1 46 36 11 25 49 40 32 22 48 21 34 47 19 37 33 44 28 18 20 38 6 29 7 45 31 39 9 8 4692.81 4692.81
0 23 17 42 35 3 41 16 13 12 24 14 15 26 5 30 2 43 27 4 10 1 46 36 11 25 49 40 32 22 48 21 34 47 19 37 33 44 28 18 20 38 6 29 7 45 31 39 9 8 4692.81 4696.41
0 23 17 42 35 3 41 16 13 12 24 14 15 26 5 30 2 43 27 4 10 1 46 36 11 25 49 40 32 22 48 21 34 47 19 37 33 44 28 18 20 38 6 29 7 45 31 39 9 8 4692.81 4693.11
0 23 17 42 35 3 41 16 13 12 24 14 15 26 5 30 2 43 27 4 10 1 46 36 11 25 49 40 32 22 48 21 34 47 19 37 33 44 28 18 20 38 6 29 7 45 31 39 9 8 4692.81 4693.11
0 23 17 42 35 3 41 16 13 12 24 14 15 26 5 30 2 43 27 4 10 1 46 36 11 25 49 40 32 22 48 21 34 47 19 37 33 44 28 18 20 38 6 29 7 45 31 39 9 8 4692.81 4692.84
0 23 17 42 35 3 41 16 13 12 24 14 15 26 5 30 2 43 27 4 10 1 46 36 11 25 49 40 32 22 48 21 34 47 19 37 33 44 28 18 20 38 6 29 7 45 31 39 9 8 4692.81 4694.65
0 23 17 42 35 3 41 16 13 12 24 14 15 26 5 30 2 43 27 4 10 1 46 36 11 25 49 40 32 22 48 21 34 47 19 37 33 44 28 18 20 38 6 29 7 45 31 39 9 8 4692.81 4701.35
0 23 17 42 35 3 41 16 13 12 24 14 15 26 5 30 2 43 27 4 10 1 46 36 11 25 49 40 32 22 48 21 34 47 19 37 33 44 28 18 20 38 6 29 7 45 31 39 9 8 4692.81 4692.98
0 23 17 42 35 3 41 16 13 12 24 14 15 26 5 30 2 43 27 4 10 1 46 36 11 25 49 40 32 22 48 21 34 47 19 37 33 44 28 18 20 38 6 29 7 45 31 39 9 8 4692.81 4696.61
0 23 17 42 35 3 41 16 13 12 24 14 15 26 5 30 2 43 27 4 10 1 46 36 11 25 49 40 32 22 48 21 34 47 19 37 33 44 28 18 20 38 6 29 7 45 31 39 9 8 4692.81 4701.93
0 23 17 42 35 3 41 16 13 12 24 14 15 26 5 30 2 43 27 4 10 1 46 36 11 25 49 40 32 22 48 21 34 47 19 37 33 44 28 18 20 38 6 29 7 45 31 39 9 8 4692.81 4699.84
0 23 17 42 35 3 41 16 13 12 24 14 15 26 5 30 2 43 27 4 10 1 46 36 11 25 49 40 32 22 48 21 34 47 19 37 33 44 28 18 20 38 6 29 7 45 31 39 9 8 4692.81 4703.77
0 23 17 42 35 3 41 16 13 12 24 14 15 26 5 30 2 43 27 4 10 1 46 36 11 25 49 40 32 22 48 21 34 47 19 37 33 44 28 18 20 38 6 29 7 45 31 39 9 8 4692.81 4699.06
0 23 17 42 35 3 41 16 13 12 24 14 15 26 5 30 2 43 27 4 10 1 46 36 11 25 49 40 32 22 48 21 34 47 19 37 33 44 28 18 20 38 6 29 7 45 31 39 9 8 4692.81 4692.86
0 23 17 42 35 3 41 16 13 12 24 14 15 26 5 30 2 43 27 4 10 1 46 36 11 25 49 40 32 22 48 21 34 47 19 37 33 44 28 18 20 38 6 29 7 45 31 39 9 8 4692.81 4693.37
0 23 17 42 35 3 41 16 13 12 24 14 15 26 5 30 2 43 27 4 10 1 46 36 11 25 49 40 32 22 48 21 34 47 19 37 33 44 28 18 20 38 6 29 7 45 31 39 9 8 4692.81 4702.47
0 23 17 42 35 3 41 16 13 12 24 14 15 26 5 30 2 43 27 4 10 1 46 36 11 25 49 40 32 22 48 21 34 47 19 37 33 44 28 18 20 38 6 29 7 45 31 39 9 8 4692.81 4692.81
0 23 17 42 35 3 41 16 13 12 24 14 15 26 5 30 2 43 27 4 10 1 46 36 11 25 49 40 32 22 48 21 34 47 19 37 33 44 28 18 20 38 6 29 7 45 31 39 9 8 4692.81 4692.81
0 23 17 42 35 3 41 16 13 12 24 14 15 26 5 30 2 43 27 4 10 1 46 36 11 25 49 40 32 22 48 21 34 47 19 37 33 44 28 18 20 38 6 29 7 45 31 39 9 8 4692.81 4692.81
0 23 17 42 35 3 41 16 13 12 24 14 15 26 5 30 2 43 27 4 10 1 46 36 11 25 49 40 32 22 48 21 34 47 19 37 33 44 28 18 20 38 6 29 7 45 31 39 9 8 4692.81 4692.87
0 23 17 42 35 3 41 16 13 12 24 14 15 26 5 30 2 43 27 4 10 1 46 36 11 25 49 40 32 22 48 21 34 47 19 37 33 44 28 18 20 38 6 29 7 45 31 39 9 8 4692.81 4709.01
0 23 17 42 35 3 41 16 13 12 24 14 15 26 5 30 2 43 27 4 10 1 46 36 11 25 49 40 32 22 48 21 34 47 19 37 33 44 28 18 20 38 6 29 7 45 31 39 9 8 4692.81 4757.07
0 23 17 42 35 3 41 16 13 12 24 14 15 26 5 30 2 43 27 4 10 1 46 36 11 25 49 40 32 22 48 21 34 47 19 37 33 44 28 18 20 38 6 29 7 45 31 39 9 8 4692.81 4702.74
0 23 17 42 35 3 41 16 13 12 24 14 15 26 5 30 2 43 27 4 10 1 46 36 11 25 49 40 32 22 48 21 34 47 19 37 33 44 28 18 20 38 6 29 7 45 31 39 9 8 4692.81 4709.51
0 23 17 42 35 3 41 16 13 12 24 14 15 26 5 30 2 43 27 4 10 1 46 36 11 25 49 40 32 22 48 21 34 47 19 37 33 44 28 18 20 38 6 29 7 45 31 39 9 8 4692.81 4705.36
0 23 17 42 35 3 41 16 13 12 24 14 15 26 5 30 2 43 27 4 10 1 46 36 11 25 49 40 32 22 48 21 34 47 19 37 33 44 28 18 20 38 6 29 7 45 31 39 9 8 4692.81 4742.66
0 23 17 42 35 3 41 16 13 12 24 14 15 26 5 30 2 43 27 4 10 1 46 36 11 25 49 40 32 22 48 21 34 47 19 37 33 44 28 18 20 38 6 29 7 45 31 39 9 8 4692.81 4701.09
0 23 17 42 35 3 41 16 13 12 24 14 15 26 5 30 2 43 27 4 10 1 46 36 11 25 49 40 32 22 48 21 34 47 19 37 33 44 28 18 20 38 6 29 7 45 31 39 9 8 4692.81 4692.86
0 23 17 42 35 3 41 16 13 12 24 14 15 26 5 30 2 43 27 4 10 1 46 36 11 25 49 40 32 22 48 21 34 47 19 37 33 44 28 18 20 38 6 29 7 45 31 39 9 8 4692.81 4697.44
0 23 17 42 35 3 41 16 13 12 24 14 15 26 5 30 2 43 27 4 10 1 46 36 11 25 49 40 32 22 48 21 34 47 19 37 33 44 28 18 20 38 6 29 7 45 31 39 9 8 4692.81 4695.46
0 23 17 42 35 3 41 16 13 12 24 14 15 26 5 30 2 43 27 4 10 1 46 36 11 25 49 40 32 22 48 21 34 47 19 37 33 44 28 18 20 38 6 29 7 45 31 39 9 8 4692.81 4694.37
0 23 17 42 35 3 41 16 13 12 24 14 15 26 5 30 2 43 27 4 10 1 46 36 11 25 49 40 32 22 48 21 34 47 19 37 33 44 28 18 20 38 6 29 7 45 31 39 9 8 4692.81 4692.81
0 23 17 42 35 3 41 16 13 12 24 14 15 26 5 30 2 43 27 4 10 1 46 36 11 25 49 40 32 22 48 21 34 47 19 37 33 44 28 18 20 38 6 29 7 45 31 39 9 8 4692.81 4693.8
0 23 17 42 35 3 41 16 13 12 24 14 15 26 5 30 2 43 27 4 10 1 46 36 11 25 49 40 32 22 48 21 34 47 19 37 33 44 28 18 20 38 6 29 7 45 31 39 9 8 4692.81 4699.99
0 23 17 42 35 3 41 16 13 12 24 14 15 26 5 30 2 43 27 4 10 1 46 36 11 25 49 40 32 22 48 21 34 47 19 37 33 44 28 18 20 38 6 29 7 45 31 39 9 8 4692.81 4693.37
0 23 17 42 35 3 41 16 13 12 24 14 15 26 5 30 2 43 27 4 10 1 46 36 11 25 49 40 32 22 48 21 34 47 19 37 33 44 28 18 20 38 6 29 7 45 31 39 9 8 4692.81 4697.9
0 23 17 42 35 3 41 16 13 12 24 14 15 26 5 30 2 43 27 4 10 1 46 36 11 25 49 40 32 22 48 21 34 47 19 37 33 44 28 18 20 38 6 29 7 45 31 39 9 8 4692.81 4692.81
0 23 17 42 35 3 41 16 13 12 24 14 15 26 5 30 2 43 27 4 10 1 46 36 11 25 49 40 32 22 48 21 34 47 19 37 33 44 28 18 20 38 6 29 7 45 31 39 9 8 4692.81 4694.21
0 23 17 42 35 3 41 16 13 12 24 14 15 26 5 30 2 43 27 4 10 1 46 36 11 25 49 40 32 22 48 21 34 47 19 37 33 44 28 18 20 38 6 29 7 45 31 39 9 8 4692.81 4692.81
0 23 17 42 35 3 41 16 13 12 24 14 15 26 5 30 2 43 27 4 10 1 46 36 11 25 49 40 32 22 48 21 34 47 19 37 33 44 28 18 20 38 6 29 7 45 31 39 9 8 4692.81 4702.67
0 23 17 42 35 3 41 16 13 12 24 14 15 26 5 30 2 43 27 4 10 1 46 36 11 25 49 40 32 22 48 21 34 47 19 37 33 44 28 18 20 38 6 29 7 45 31 39 9 8 4692.81 4692.81
0 23 17 42 35 3 41 16 13 12 24 14 15 26 5 30 2 43 27 4 10 1 46 36 11 25 49 40 32 22 48 21 34 47 19 37 33 44 28 18 20 38 6 29 7 45 31 39 9 8 4692.81 4692.81
0 23 17 42 35 3 41 16 13 12 24 14 15 26 5 30 2 43 27 4 10 1 46 36 11 25 49 40 32 22 48 21 34 47 19 37 33 44 28 18 20 38 6 29 7 45 31 39 9 8 4692.81 4695.76
