3.66593 0 3.35287 0 6.00296 0 5.80332 0
2.57557 1.09036 2.42298 0.929891 5.49652 0.506441 5.39651 0.406815
2.22178 0.722125 2.11741 0.617744 5.33367 0.334688 5.26154 0.270891
2.03802 0.542679 1.96266 0.463412 5.24578 0.252451 5.18745 0.205378
1.93522 0.432745 1.86575 0.37181 5.19233 0.202723 5.14467 0.164738
1.86206 0.36083 1.80266 0.310067 5.1616 0.16835 5.11155 0.138524
1.81045 0.309293 1.75919 0.265636 5.14305 0.143486 5.0925 0.118614
1.77267 0.270507 1.72882 0.232043 5.12217 0.126004 5.08005 0.103475
1.74379 0.240306 1.705 0.206025 5.10866 0.111943 5.07443 0.0914293
1.72042 0.216203 1.68325 0.185554 5.10488 0.100196 5.0679 0.0820369
1.69958 0.19667 1.66651 0.168672 5.09437 0.0912383 5.06051 0.0745729
1.68343 0.180259 1.65209 0.154649 5.08664 0.0836471 5.05779 0.0681297
1.66953 0.166397 1.63981 0.142786 5.08051 0.0771873 5.04954 0.0632104
1.65806 0.15448 1.6299 0.132565 5.07909 0.0714758 5.04605 0.0586257
1.6473 0.144215 1.61974 0.123828 5.07314 0.0668061 5.04175 0.0547465
1.63783 0.135232 1.61324 0.116013 5.06874 0.0626459 5.0389 0.0512899
1.63003 0.127268 1.60758 0.109122 5.0644 0.0590055 5.03447 0.0483817
1.62275 0.12021 1.60189 0.103039 5.05897 0.055895 5.03137 0.0457198
1.61584 0.113917 1.59693 0.0975911 5.05866 0.0528723 5.02943 0.0432904
1.61093 0.108183 1.59172 0.0927298 5.05438 0.0503411 5.02539 0.0412671
1.60463 0.103095 1.58753 0.088303 5.05033 0.0480552 5.02379 0.0392851
1.59992 0.0984101 1.58362 0.0842844 5.05009 0.0458195 5.02092 0.0375666
1.59522 0.0941512 1.57931 0.0806517 5.04969 0.0437838 5.01901 0.0359473
1.59054 0.0902643 1.57583 0.0772966 5.04743 0.0419805 5.01677 0.0344897
1.58729 0.0866397 1.57259 0.0742111 5.04525 0.0403256 5.01651 0.0330824
1.5832 0.0833411 1.56957 0.0713636 5.04539 0.0387439 5.01376 0.0319029
1.58082 0.0802303 1.56675 0.0687275 5.04455 0.0372908 5.01223 0.0307365
1.57859 0.0773438 1.56389 0.0662891 5.04393 0.0359397 5.01129 0.0296334
1.5759 0.0746776 1.56085 0.0640348 5.04204 0.0347296 5.00946 0.0286516
1.57354 0.0721841 1.5585 0.0619078 5.04027 0.0335983 5.01079 0.0277116
1.57164 0.0698427 1.55605 0.0599277 5.03958 0.0325039 5.01107 0.0268043
1.56903 0.067675 1.55483 0.0580376 5.03679 0.0315955 5.00916 0.0260235
1.5666 0.0656374 1.55272 0.0562908 5.03358 0.0307905 5.00892 0.0252237
1.56529 0.0636911 1.55074 0.0546462 5.0324 0.0298944 5.00967 0.0244821
1.56302 0.0618863 1.54931 0.0530812 5.03145 0.0290433 5.00878 0.0237891
1.5614 0.0601644 1.54778 0.0516083 5.03092 0.02823 5.01008 0.0231557
1.56011 0.0585299 1.54573 0.0502359 5.03015 0.0274673 5.01022 0.0225215
1.55834 0.0569965 1.54413 0.0489221 5.02982 0.0267367 5.01018 0.0219209
1.55731 0.0555253 1.5436 0.0476541 5.02879 0.0260622 5.00989 0.0213535
1.55529 0.0541572 1.54261 0.0464581 5.02894 0.0254027 5.01012 0.0208141
1.5539 0.0528381 1.54091 0.0453428 5.02706 0.0248468 5.00856 0.02036
1.55217 0.0515935 1.53988 0.0442619 5.02723 0.0242487 5.00948 0.0198906
1.55073 0.0504 1.53924 0.043225 5.02594 0.0237133 5.00994 0.0194278
1.54911 0.0492677 1.53831 0.0422416 5.02591 0.0231682 5.01062 0.0189934
1.54791 0.0481753 1.53738 0.0413027 5.02673 0.0226624 5.01074 0.0185669
1.54643 0.0471398 1.53657 0.0404029 5.0254 0.0222037 5.01188 0.0181946
1.54567 0.0461321 1.53577 0.039542 5.02445 0.0217472 5.01192 0.0178033
1.54487 0.0451679 1.53516 0.0387142 5.0247 0.0212908 5.01127 0.0174408
1.544 0.0442451 1.53448 0.037922 5.02414 0.0208595 5.00909 0.0172194
1.54271 0.0433703 1.53377 0.0371627 5.02387 0.0204397 5.00917 0.0168716
1.5417 0.0425234 1.53273 0.0364416 5.02389 0.0200349 5.00893 0.0165393
1.54115 0.0417012 1.53201 0.0357413 5.02323 0.0196569 5.00789 0.0162511
1.54048 0.0409124 1.53134 0.0350667 5.02222 0.0193088 5.00708 0.0159623
1.53939 0.0401623 1.53044 0.0344231 5.02149 0.0189619 5.00645 0.0156765
1.53868 0.0394317 1.52987 0.0337962 5.02145 0.018614 5.00725 0.0154096
1.53815 0.0387249 1.5291 0.033196 5.02161 0.0182793 5.00623 0.0151663
1.53739 0.0380469 1.52867 0.0326112 5.02164 0.0179557 5.0057 0.0149072
1.53682 0.0373895 1.52819 0.0320477 5.02158 0.0176435 5.00531 0.0146533
1.53636 0.0367532 1.52792 0.031501 5.02258 0.0173708 5.00462 0.014419
1.53581 0.0361396 1.52729 0.0309778 5.02241 0.0170798 5.00428 0.0141807
1.53546 0.035544 1.52661 0.0304734 5.02074 0.0168796 5.0051 0.0139704
1.53468 0.0349746 1.52626 0.0299798 5.01999 0.0166224 5.00509 0.0137432
1.53432 0.0344169 1.52568 0.0295059 5.01995 0.0163564 5.00523 0.0135241
1.53368 0.0338808 1.52529 0.0290439 5.01841 0.0161726 5.00478 0.0133185
1.53333 0.0333574 1.52509 0.0285943 5.01794 0.0159287 5.00508 0.0131154
1.53279 0.0328526 1.5246 0.0281619 5.01752 0.0156912 5.00487 0.0129169
1.53213 0.0323652 1.52392 0.0277468 5.01692 0.0154667 5.0048 0.0127229
1.5316 0.03189 1.52333 0.027342 5.01647 0.0152443 5.00514 0.012539
1.53092 0.0314318 1.52289 0.0269465 5.01641 0.0150218 5.00466 0.0123653
1.53026 0.0309866 1.52252 0.0265613 5.01685 0.0148122 5.00393 0.0122091
1.52958 0.0305547 1.52222 0.0261863 5.01627 0.0146134 5.0036 0.0120403
1.52934 0.0301282 1.52182 0.0258231 5.01598 0.0144119 5.00328 0.0118761
1.5289 0.0297159 1.52175 0.025467 5.01663 0.0142277 5.00323 0.0117124
1.52853 0.029314 1.52125 0.0251255 5.0158 0.0140588 5.0034 0.0115543
1.52808 0.028924 1.52115 0.0247884 5.01602 0.0138719 5.00364 0.0114018
1.52758 0.0285451 1.52096 0.0244608 5.01547 0.0136995 5.00339 0.0112536
1.52735 0.028173 1.52037 0.0241482 5.01505 0.0135268 5.00283 0.0111205
1.52716 0.0278101 1.52011 0.023838 5.01521 0.0133532 5.00298 0.010978
1.52646 0.0274648 1.51969 0.0235381 5.0157 0.013192 5.00298 0.0108381
1.52598 0.0271235 1.51955 0.0232424 5.01541 0.0130294 5.0028 0.0107033
1.52579 0.0267872 1.51924 0.0229558 5.01374 0.0129747 5.00294 0.0105712
1.52555 0.0264597 1.51909 0.0226746 5.01298 0.0128381 5.00346 0.0104546
1.52526 0.0261405 1.51869 0.0224032 5.01283 0.0126834 5.00351 0.010328
1.52506 0.0258282 1.51852 0.0221356 5.01312 0.012535 5.00352 0.0102043
1.52489 0.0255231 1.51846 0.0218737 5.01278 0.0123915 5.00402 0.0100959
1.52465 0.0252257 1.51835 0.0216182 5.01336 0.0122607 5.00525 0.0100532
1.52437 0.0249356 1.51821 0.0213687 5.01316 0.0121206 5.00508 0.00993845
1.52426 0.0246509 1.51791 0.0211266 5.01299 0.0119834 5.00485 0.00982756
1.52415 0.0243726 1.51759 0.0208904 5.01266 0.0118525 5.00445 0.00972488
1.52384 0.0241023 1.51737 0.0206581 5.01263 0.0117201 5.00439 0.00961639
1.52364 0.0238368 1.51721 0.0204305 5.01244 0.0115921 5.00432 0.00951042
1.52325 0.0235795 1.51695 0.0202089 5.01221 0.0114677 5.00429 0.00940653
1.52321 0.0233246 1.51671 0.0199918 5.01171 0.011355 5.00453 0.00930796
1.52299 0.0230762 1.5164 0.0197805 5.01204 0.0112384 5.00476 0.00921143
1.52266 0.0228345 1.51612 0.0195731 5.01159 0.0111286 5.0051 0.00912021
1.52236 0.0225973 1.51605 0.0193682 5.01157 0.0110121 5.00497 0.00902564
1.522 0.022366 1.51592 0.019168 5.01123 0.0109032 5.0049 0.00893244
1.5217 0.0221387 1.51577 0.018972 5.01032 0.0108297 5.00493 0.00884088
1.52139 0.0219161 1.51567 0.0187796 5.00935 0.010763 5.00462 0.00875659
1.52129 0.0216961 1.51558 0.0185911 5.00943 0.010655 5.00392 0.00869695
