1.48861 0 1.52236 0 5.00453 0 5.02786 0
1.49403 0.00541968 1.51106 0.0113077 4.97614 0.0283954 4.99246 0.0354009
1.49578 0.00358376 1.50834 0.00707242 4.97889 0.0166242 4.99814 0.0212135
1.49985 0.0047949 1.50834 0.00500096 4.99859 0.0229325 5.00215 0.0155268
1.49642 0.00505515 1.50428 0.00560889 4.99708 0.0178269 4.99974 0.0122651
1.49699 0.0041665 1.50291 0.00478081 4.9924 0.0152896 5.00033 0.0100318
1.49825 0.00373904 1.50102 0.00446052 4.993 0.0129361 5.00415 0.0092994
1.49992 0.00364366 1.50313 0.00439887 4.99144 0.0113109 5.00777 0.00882759
1.50171 0.00367724 1.50386 0.00394858 4.9894 0.0101834 5.0131 0.00943358
1.50043 0.0035298 1.50248 0.00379298 4.99509 0.0107427 5.01152 0.00858302
1.49946 0.00333609 1.50468 0.00407693 4.992 0.0101987 5.01934 0.0110136
1.50065 0.00326898 1.50355 0.00389138 4.9954 0.00991253 5.02095 0.0101832
1.49982 0.00311738 1.5033 0.00358784 4.99272 0.00950298 5.01925 0.00952072
1.4996 0.00289468 1.50372 0.00334767 4.98969 0.00930702 5.01813 0.00888592
1.49944 0.0026997 1.50393 0.00312369 4.98836 0.0087648 5.01618 0.00849871
1.4979 0.00295976 1.50391 0.002922 4.99139 0.00873945 5.01759 0.00807513
1.49847 0.00283865 1.50432 0.00277497 4.99089 0.00822462 5.01864 0.00765748
1.49956 0.00288852 1.50379 0.00266922 4.99378 0.0082768 5.01767 0.0072844
1.49992 0.002756 1.50308 0.00262189 4.99383 0.0078292 5.01633 0.00701996
1.50103 0.00284232 1.50202 0.00270688 4.99123 0.00786807 5.01707 0.00670029
1.50083 0.00271121 1.5028 0.00269246 4.9943 0.00808731 5.01652 0.00639702
1.50008 0.00269237 1.50369 0.00271522 4.99261 0.00789398 5.01485 0.00632212
1.49904 0.00277243 1.50345 0.00260565 4.99596 0.00825357 5.01232 0.00654932
1.4992 0.00265928 1.50273 0.00259681 4.99695 0.00796437 5.0129 0.00629704
1.49895 0.00256322 1.50182 0.00265123 4.99657 0.00764853 5.01242 0.0060588
1.49877 0.00246928 1.50235 0.00260215 4.99604 0.00736781 5.01137 0.0059157
1.49869 0.00237748 1.50207 0.00251927 4.99651 0.00710525 5.01234 0.00577397
1.49893 0.0023036 1.50238 0.00244674 4.99726 0.00688812 5.01271 0.00557667
1.49848 0.00226811 1.50267 0.00237872 4.99833 0.00673172 5.01158 0.0054988
1.4989 0.002231 1.50223 0.00233913 4.9968 0.00668087 5.01251 0.00539233
1.49896 0.00215885 1.50252 0.00228125 4.99539 0.00661481 5.0119 0.00525097
1.49952 0.00216248 1.50198 0.00227397 4.99506 0.00641327 5.01019 0.00536149
1.4996 0.00209776 1.50212 0.00220807 4.99449 0.00624177 5.01142 0.00533939
1.49981 0.00204597 1.50189 0.00215376 4.99494 0.00607246 5.01015 0.00533368
1.49934 0.00204296 1.50179 0.0020937 4.99536 0.00591134 5.01087 0.00522894
1.49968 0.00201447 1.50165 0.00204011 4.99617 0.00580073 5.01107 0.00508558
1.50003 0.00198993 1.50168 0.00198455 4.99712 0.00572242 5.01139 0.00495654
1.49952 0.00200083 1.5021 0.0019759 4.99806 0.00564876 5.0109 0.00484905
1.5003 0.00209818 1.50243 0.00195343 4.99887 0.00556028 5.01074 0.00472576
1.5002 0.00204769 1.50139 0.00217048 4.99842 0.00543762 5.0097 0.00472324
1.50053 0.00202514 1.50119 0.00212653 4.99937 0.00538694 5.00963 0.00460714
1.50063 0.00197862 1.50075 0.00212135 4.99933 0.00525726 5.00974 0.00449756
1.50072 0.00193433 1.50124 0.00212928 4.99828 0.00524031 5.01013 0.00440876
1.50048 0.00190546 1.50145 0.00209098 4.99749 0.00518035 5.01115 0.00442687
1.50043 0.00186336 1.50139 0.00204486 4.99694 0.00509349 5.01073 0.00434754
1.50078 0.00185696 1.50141 0.002 4.99818 0.0051347 5.01116 0.0042731
1.50063 0.00182369 1.50135 0.00195788 4.99843 0.00503008 5.00975 0.00441261
1.50079 0.00179228 1.50125 0.00191923 4.99814 0.00493229 5.01018 0.00434193
1.50061 0.00176372 1.50089 0.00191368 4.99767 0.00485381 5.00953 0.00430222
1.50026 0.00176509 1.50067 0.00188849 4.99869 0.00486312 5.00954 0.0042153
1.50022 0.00173057 1.50067 0.0018511 4.99929 0.00480548 5.00932 0.00413756
1.5003 0.00169892 1.50039 0.00183552 4.99913 0.00471491 5.00977 0.00408172
1.50026 0.00166691 1.50025 0.00180611 4.99927 0.00462726 5.0099 0.00400623
1.50019 0.00163749 1.50014 0.00177621 4.99906 0.00454589 5.00879 0.0040855
1.50052 0.00164049 1.5001 0.00174397 4.99872 0.00447551 5.00779 0.00413219
1.50035 0.00161938 1.50002 0.00171422 4.99881 0.00439588 5.00746 0.0040716
1.50049 0.0015967 1.50018 0.00169125 4.99787 0.00442067 5.00703 0.00402193
1.50038 0.00157246 1.50035 0.0016701 4.99822 0.00435785 5.00779 0.00402386
1.50065 0.00156811 1.50044 0.00164431 4.99851 0.00429348 5.0076 0.00395961
1.50088 0.00155836 1.50057 0.00162196 4.99875 0.00422838 5.00701 0.00393816
1.50107 0.00154431 1.50032 0.00161582 4.99827 0.00418653 5.00682 0.0038776
1.50091 0.00152725 1.50005 0.0016122 4.99797 0.00412903 5.00671 0.00381624
1.50064 0.00152629 1.49994 0.00158999 4.99753 0.00408747 5.00676 0.00375551
1.50061 0.00150252 1.49988 0.001566 4.99738 0.00402582 5.00565 0.00385889
1.50072 0.00148279 1.49983 0.00154257 4.99838 0.00408866 5.00543 0.00380529
1.50104 0.00149471 1.49974 0.00152191 4.99814 0.00403366 5.0047 0.00381848
1.50107 0.00147254 1.49972 0.00149914 4.99892 0.00404892 5.0055 0.00384519
1.50114 0.00145248 1.49967 0.00147766 4.99823 0.00404766 5.00533 0.00379195
1.50111 0.0014315 1.49995 0.00148204 4.99774 0.00401934 5.00591 0.00378169
1.50124 0.00141697 1.4999 0.0014617 4.99871 0.00408034 5.00614 0.00373411
1.50116 0.00139957 1.49999 0.00144425 4.99836 0.00403818 5.00576 0.00369985
1.5011 0.0013813 1.49997 0.0014242 4.999 0.00403385 5.00571 0.00364859
1.50102 0.00136417 1.50014 0.00141439 4.99961 0.00402332 5.00621 0.00363309
1.50103 0.00134565 1.5001 0.00139573 4.99915 0.00399494 5.00625 0.0035839
1.50105 0.00132766 1.49998 0.00138206 4.99866 0.00397094 5.00596 0.00354759
1.50089 0.00131905 1.49974 0.00138486 4.99869 0.00391843 5.00627 0.00351429
1.50065 0.00132471 1.4996 0.00137405 4.99855 0.00386974 5.00561 0.00352982
1.5006 0.00130864 1.49959 0.00135637 4.9984 0.00382254 5.00487 0.00356295
1.50066 0.00129337 1.49948 0.00134294 4.99803 0.00379227 5.005 0.00352011
1.50067 0.00127714 1.49925 0.00134588 4.99749 0.00378302 5.00433 0.00354041
1.50059 0.00126367 1.49932 0.00133078 4.99796 0.00376463 5.00394 0.00351826
1.5004 0.00126206 1.49943 0.00131864 4.9968 0.00389411 5.00437 0.00350127
1.50034 0.00124858 1.4993 0.00130908 4.99685 0.00384729 5.00401 0.00347691
1.5004 0.0012354 1.49915 0.00130187 4.99623 0.00385204 5.00347 0.00347704
1.50044 0.00122147 1.49936 0.00130366 4.9953 0.00391825 5.00349 0.00343592
1.50047 0.00120751 1.49951 0.00129729 4.99547 0.00387623 5.00326 0.00340372
1.50054 0.00119537 1.49955 0.00128308 4.99574 0.00384042 5.00375 0.00340049
1.50072 0.00119606 1.49938 0.00127973 4.99607 0.00381093 5.00363 0.00336377
1.50074 0.0011827 1.49948 0.00126919 4.99679 0.00383607 5.00308 0.00337037
1.50068 0.0011708 1.49952 0.00125557 4.99655 0.00380046 5.00295 0.00333557
1.50048 0.00117498 1.49953 0.00124173 4.99662 0.00375902 5.00277 0.00330349
1.50045 0.00116273 1.4995 0.00122858 4.99694 0.003732 5.00276 0.0032674
1.50048 0.00115065 1.49945 0.00121617 4.99696 0.00369171 5.00276 0.00323208
1.50042 0.00114015 1.49967 0.00122245 4.99685 0.00365391 5.00312 0.00321782
1.50037 0.00112889 1.49971 0.0012101 4.99608 0.00369538 5.00354 0.00321177
1.50054 0.00112861 1.49965 0.00119862 4.99602 0.00365723 5.00308 0.00321129
1.50047 0.00111912 1.49962 0.00118674 4.99552 0.00365402 5.00284 0.00318696
1.50043 0.00110836 1.49968 0.00117643 4.99536 0.00362004 5.00312 0.00316616
1.50043 0.00109713 1.49997 0.00120016 4.99543 0.00358395 5.00259 0.00317766
1.5002 0.0011102 1.5 0.00118838 4.9953 0.00355004 5.00208 0.00318698
