0 15 33 20 2 5 32 4 22 24 3 30 28 9 13 26 8 27 11 25 6 31 12 1 19 17 18 14 23 29 16 10 21 7 3.14207
0 15 33 20 2 5 32 4 22 24 3 30 28 9 13 26 8 27 11 25 6 31 12 1 19 17 18 14 23 29 16 10 21 7 3.14207
0 15 33 20 2 5 32 4 22 24 3 30 28 9 13 26 8 27 11 25 6 31 12 1 19 17 18 14 23 29 16 10 21 7 3.14207
0 15 33 20 2 5 32 4 22 24 3 30 28 9 13 26 8 27 11 25 6 31 12 1 19 17 18 14 23 29 16 10 21 7 3.14207
0 15 33 20 2 5 32 4 22 24 3 30 28 9 13 26 8 27 11 25 6 31 12 1 19 17 18 14 23 29 16 10 21 7 3.14207
0 15 33 20 2 5 32 4 22 24 3 30 28 9 13 26 8 27 11 25 6 31 12 1 19 17 18 14 23 29 16 10 21 7 3.14207
0 15 33 20 2 5 32 4 22 24 3 30 28 9 13 26 8 27 11 25 6 31 12 1 19 17 18 14 23 29 16 10 21 7 3.14207
0 15 33 20 2 5 32 4 22 24 3 30 28 9 13 26 8 27 11 25 6 31 12 1 19 17 18 14 23 29 16 10 21 7 3.14207
0 15 33 20 2 5 32 4 22 24 3 30 28 9 13 26 8 27 11 25 6 31 12 1 19 17 18 14 23 29 16 10 21 7 3.14207
0 15 33 20 2 5 32 4 22 24 3 30 28 9 13 26 8 27 11 25 6 31 12 1 19 17 18 14 23 29 16 10 21 7 3.14207
0 15 33 20 2 5 32 4 22 24 3 30 28 9 13 26 8 27 11 25 6 31 12 1 19 17 18 14 23 29 16 10 21 7 3.14207
0 15 33 20 2 5 32 4 22 24 3 30 28 9 13 26 8 27 11 25 6 31 12 1 19 17 18 14 23 29 16 10 21 7 3.14207
0 15 33 20 2 5 32 4 22 24 3 30 28 9 13 26 8 27 11 25 6 31 12 1 19 17 18 14 23 29 16 10 21 7 3.14207
0 15 33 20 2 5 32 4 22 24 3 30 28 9 13 26 8 27 11 25 6 31 12 1 19 17 18 14 23 29 16 10 21 7 3.14207
0 15 33 20 2 5 32 4 22 24 3 30 28 9 13 26 8 27 11 25 6 31 12 1 19 17 18 14 23 29 16 10 21 7 3.14207
0 15 33 20 2 5 32 4 22 24 3 30 28 9 13 26 8 27 11 25 6 31 12 1 19 17 18 14 23 29 16 10 21 7 3.14207
0 15 33 20 2 5 32 4 22 24 3 30 28 9 13 26 8 27 11 25 6 31 12 1 19 17 18 14 23 29 16 10 21 7 3.14207
0 15 33 20 2 5 32 4 22 24 3 30 28 9 13 26 8 27 11 25 6 31 12 1 19 17 18 14 23 29 16 10 21 7 3.14207
0 15 33 20 2 5 32 4 22 24 3 30 28 9 13 26 8 27 11 25 6 31 12 1 19 17 18 14 23 29 16 10 21 7 3.14207
0 15 33 20 2 5 32 4 22 24 3 30 28 9 13 26 8 27 11 25 6 31 12 1 19 17 18 14 23 29 16 10 21 7 3.14207
0 15 33 20 2 5 32 4 22 24 3 30 28 9 13 26 8 27 11 25 6 31 12 1 19 17 18 14 23 29 16 10 21 7 3.14207
0 15 33 20 2 5 32 4 22 24 3 30 28 9 13 26 8 27 11 25 6 31 12 1 19 17 18 14 23 29 16 10 21 7 3.14207
0 15 33 20 2 5 32 4 22 24 3 30 28 9 13 26 8 27 11 25 6 31 12 1 19 17 18 14 23 29 16 10 21 7 3.14207
0 15 33 20 2 5 32 4 22 24 3 30 28 9 13 26 8 27 11 25 6 31 12 1 19 17 18 14 23 29 16 10 21 7 3.14207
0 15 33 20 2 5 32 4 22 24 3 30 28 9 13 26 8 27 11 25 6 31 12 1 19 17 18 14 23 29 16 10 21 7 3.14207
0 15 33 20 2 5 32 4 22 24 3 30 28 9 13 26 8 27 11 25 6 31 12 1 19 17 18 14 23 29 16 10 21 7 3.14207
0 15 33 20 2 5 32 4 22 24 3 30 28 9 13 26 8 27 11 25 6 31 12 1 19 17 18 14 23 29 16 10 21 7 3.14207
0 15 33 20 2 5 32 4 22 24 3 30 28 9 13 26 8 27 11 25 6 31 12 1 19 17 18 14 23 29 16 10 21 7 3.14207
0 15 33 20 2 5 32 4 22 24 3 30 28 9 13 26 8 27 11 25 6 31 12 1 19 17 18 14 23 29 16 10 21 7 3.14207
0 15 33 20 2 5 32 4 22 24 3 30 28 9 13 26 8 27 11 25 6 31 12 1 19 17 18 14 23 29 16 10 21 7 3.14207
0 15 33 20 2 5 32 4 22 24 3 30 28 9 13 26 8 27 11 25 6 31 12 1 19 17 18 14 23 29 16 10 21 7 3.14207
0 15 33 20 2 5 32 4 22 24 3 30 28 9 13 26 8 27 11 25 6 31 12 1 19 17 18 14 23 29 16 10 21 7 3.14207
0 15 33 20 2 5 32 4 22 24 3 30 28 9 13 26 8 27 11 25 6 31 12 1 19 17 18 14 23 29 16 10 21 7 3.14207
0 15 33 20 2 5 32 4 22 24 3 30 28 9 13 26 8 27 11 25 6 31 12 1 19 17 18 14 23 29 16 10 21 7 3.14207
0 15 33 20 2 5 32 4 22 24 3 30 28 9 13 26 8 27 11 25 6 31 12 1 19 17 18 14 23 29 16 10 21 7 3.14207
0 15 33 20 2 5 32 4 22 24 3 30 28 9 13 26 8 27 11 25 6 31 12 1 19 17 18 14 23 29 16 10 21 7 3.14207
0 15 33 20 2 5 32 4 22 24 3 30 28 9 13 26 8 27 11 25 6 31 12 1 19 17 18 14 23 29 16 10 21 7 3.14207
0 15 33 20 2 5 32 4 22 3 24 30 28 9 13 26 8 27 11 25 6 31 12 1 19 17 18 14 23 29 16 10 21 7 3.1653
0 15 33 20 2 5 32 4 22 24 3 30 28 9 13 26 8 27 11 6 25 31 12 1 19 17 18 14 23 29 16 10 21 7 3.1999
0 15 33 20 2 5 32 4 22 24 3 30 28 9 13 26 8 27 11 6 25 31 12 1 19 17 18 14 23 29 16 10 21 7 3.1999
0 15 33 20 2 5 32 4 22 24 3 30 28 9 13 26 8 27 11 6 25 31 12 1 19 17 18 14 23 29 16 10 21 7 3.1999
0 15 33 20 2 5 32 4 22 24 3 30 28 9 13 26 8 27 11 6 25 31 12 1 19 17 18 14 23 29 16 10 21 7 3.1999
0 15 33 20 2 5 32 4 22 24 3 30 28 9 13 26 27 8 11 25 6 31 12 1 19 17 18 14 23 29 16 10 21 7 3.20542
0 15 33 20 2 5 32 4 24 22 3 30 28 9 13 26 8 27 11 25 6 31 12 1 19 17 18 14 23 29 16 10 21 7 3.21734
0 15 33 20 2 5 32 4 22 24 30 3 28 9 13 26 8 27 11 25 6 31 12 1 19 17 18 14 23 29 16 10 21 7 3.2835
0 15 33 20 2 5 32 4 22 24 30 3 28 9 13 26 8 27 11 25 6 31 12 1 19 17 18 14 23 29 16 10 21 7 3.2835
0 15 33 20 2 5 32 4 22 30 3 24 28 9 13 26 8 27 11 25 6 31 12 1 19 17 18 14 23 29 16 10 21 7 3.34713
0 15 33 20 2 5 32 4 22 24 3 30 28 9 13 26 8 27 11 18 17 19 1 12 31 6 25 14 23 29 16 10 21 7 3.4037
0 15 33 20 2 5 32 4 22 24 3 30 28 9 13 26 8 27 11 18 17 19 1 12 31 6 25 14 23 29 16 10 21 7 3.4037
0 2 5 32 4 22 24 3 30 28 9 13 26 8 27 11 25 6 31 12 1 19 17 18 14 23 29 16 10 21 7 20 33 15 3.41892
0 15 33 20 2 5 32 4 22 24 3 30 28 9 13 26 8 27 11 25 6 12 31 1 19 17 18 14 23 29 16 10 21 7 3.42363
0 15 33 20 2 5 32 4 22 24 3 30 28 9 13 26 8 27 11 25 19 1 12 31 6 17 18 14 23 29 16 10 21 7 3.48843
0 15 33 20 2 5 32 4 30 3 24 22 28 9 13 26 8 27 11 25 6 31 12 1 17 19 18 14 23 29 16 10 21 7 3.50634
0 15 33 20 2 5 32 4 22 24 3 30 28 9 13 26 8 27 11 18 17 19 1 12 31 6 25 14 23 29 16 10 7 21 3.50748
0 15 33 20 2 5 32 24 4 22 3 30 28 9 13 26 8 27 11 25 6 31 12 1 19 17 18 14 23 29 16 10 21 7 3.5498
0 15 33 20 2 5 32 4 22 24 3 30 28 9 13 26 8 27 11 25 6 31 12 1 19 17 14 18 23 29 16 10 21 7 3.55135
0 15 33 20 2 5 32 22 24 3 30 4 28 9 13 26 8 27 11 25 6 31 12 1 19 17 18 14 23 29 16 10 21 7 3.6188
0 15 33 20 2 5 32 22 24 3 30 4 28 9 13 26 8 27 11 25 6 31 12 1 19 17 18 14 23 29 16 10 21 7 3.6188
0 15 33 20 2 5 32 4 22 30 3 24 28 26 9 13 8 27 11 25 6 31 12 1 19 17 18 14 23 29 16 10 21 7 3.62664
0 15 33 20 2 5 32 4 22 24 3 30 28 13 9 26 8 27 11 25 19 1 12 31 6 17 18 14 23 29 16 10 21 7 3.64145
0 15 33 20 2 5 32 30 3 24 22 4 28 9 13 26 8 27 11 25 6 31 12 1 19 17 18 14 23 29 16 10 21 7 3.6455
0 15 33 20 2 21 10 16 29 23 14 18 17 19 1 12 31 6 25 11 27 8 26 13 9 28 30 3 24 22 4 32 5 7 3.71751
0 15 33 20 2 5 32 4 22 9 28 30 3 24 13 26 8 27 11 25 6 31 12 1 19 17 18 14 23 29 16 10 21 7 3.74804
0 15 33 20 2 5 22 4 32 24 3 30 28 9 13 26 8 27 11 25 6 31 12 1 19 17 18 14 23 29 16 10 21 7 3.76007
0 15 33 20 2 5 22 4 32 24 3 30 28 9 13 26 8 27 11 25 6 31 12 1 19 17 18 14 23 29 16 10 21 7 3.76007
0 15 33 20 2 5 22 4 32 24 3 30 28 9 13 26 8 27 11 25 6 31 12 1 19 17 18 14 23 29 16 10 21 7 3.76007
0 15 33 20 2 5 32 4 22 24 3 30 28 9 13 26 25 11 27 8 6 31 12 1 19 17 18 14 23 29 16 10 21 7 3.7669
0 2 5 32 4 22 24 3 30 28 9 13 26 8 27 11 25 6 31 12 1 19 17 18 14 23 29 16 10 15 33 20 21 7 3.77149
0 15 33 20 2 5 32 4 22 24 3 30 28 9 13 26 8 18 17 19 1 12 31 6 25 11 27 14 23 29 16 10 21 7 3.85286
0 7 21 10 16 29 23 14 27 11 25 6 31 12 1 19 17 18 8 26 13 9 28 30 3 24 22 4 32 5 2 20 33 15 3.85286
0 15 33 20 2 5 32 4 22 24 3 30 28 9 13 26 8 27 11 25 6 31 12 1 19 17 18 14 23 7 21 10 16 29 3.87422
0 23 29 16 7 10 15 33 20 2 5 32 4 22 24 3 30 28 9 13 26 8 27 11 25 6 31 12 1 19 17 18 14 21 3.94565
0 15 10 16 29 23 14 18 17 19 1 12 31 6 25 11 27 8 26 13 9 28 30 3 24 22 4 32 5 2 20 33 21 7 3.97358
0 7 21 10 16 29 23 14 18 17 19 1 12 31 6 25 13 9 11 27 8 26 28 30 3 24 22 4 32 5 2 20 33 15 3.97776
0 15 33 20 2 5 32 4 22 24 3 30 28 9 13 26 8 27 11 25 6 31 12 1 19 17 18 14 29 16 10 21 23 7 3.99535
0 15 33 20 2 5 32 4 22 24 13 9 28 30 3 26 8 27 11 25 6 31 12 1 19 17 18 14 23 29 16 10 21 7 4.01916
0 15 33 20 5 2 32 4 22 24 3 30 28 9 13 26 8 27 11 21 25 6 31 12 1 19 17 18 14 23 29 16 10 7 4.04667
0 15 33 20 2 5 32 4 22 24 3 30 28 9 13 26 8 27 10 16 29 23 14 18 17 19 1 12 31 6 25 11 21 7 4.13192
0 16 10 21 7 15 33 20 2 5 32 4 22 24 3 30 28 9 13 26 8 27 11 25 6 31 12 1 19 17 18 14 23 29 4.1506
0 15 33 20 2 5 32 4 22 24 3 30 28 9 13 26 8 27 14 23 29 16 10 21 11 25 6 31 12 1 19 17 18 7 4.19595
0 15 33 20 2 5 28 30 3 24 22 4 32 9 13 26 8 27 11 25 6 31 12 1 19 17 18 14 23 29 16 10 21 7 4.22704
0 15 33 10 20 2 5 32 4 22 24 3 30 28 9 13 26 8 27 11 25 6 31 12 1 19 17 18 14 23 29 16 21 7 4.25269
0 15 33 20 2 5 32 4 22 24 3 30 28 9 13 26 8 27 11 14 23 29 16 10 21 25 6 31 12 1 19 17 18 7 4.30905
0 15 33 20 2 5 32 4 26 13 9 28 30 3 24 22 8 27 11 25 6 31 12 1 19 17 18 14 23 29 16 10 21 7 4.33998
0 15 33 20 2 5 32 4 22 24 3 30 28 9 13 26 8 11 25 6 31 12 1 19 17 18 14 27 23 29 16 10 21 7 4.34725
0 15 33 20 2 5 32 4 8 26 13 9 28 30 3 24 22 27 11 25 6 31 12 1 19 17 18 14 23 29 16 10 21 7 4.4015
0 15 33 20 21 10 16 29 23 14 18 17 19 1 12 31 6 25 28 9 13 26 8 27 11 30 3 24 22 4 32 5 2 7 4.41357
0 15 33 20 2 5 32 4 13 26 8 22 24 3 30 28 9 27 11 25 6 31 12 1 19 17 18 14 23 29 16 10 21 7 4.44441
0 15 33 20 2 5 32 9 28 30 3 24 22 4 13 26 8 27 11 25 6 31 12 1 19 17 18 14 23 29 16 10 21 7 4.55375
0 15 33 32 5 2 20 4 22 24 3 30 28 9 13 26 8 27 11 25 6 31 12 1 19 17 18 14 23 29 16 10 21 7 4.55447
0 32 4 22 24 3 30 28 9 13 26 8 27 11 25 6 31 12 1 19 17 18 14 23 29 16 10 21 7 5 2 20 33 15 4.55944
0 15 33 20 2 5 7 21 10 16 29 23 14 18 17 19 1 12 31 6 25 11 27 8 26 13 9 28 30 3 24 22 4 32 4.55944
0 15 33 20 2 5 8 26 13 9 32 4 22 24 3 30 28 27 11 25 6 31 12 1 19 17 18 14 23 29 16 10 21 7 4.58375
0 15 33 20 2 5 32 4 22 24 8 26 13 9 28 30 3 27 11 25 6 31 12 1 19 17 18 14 23 29 16 10 21 7 4.59036
0 15 33 20 2 5 10 16 29 23 14 18 17 19 1 12 31 6 25 11 27 8 26 13 9 28 30 3 24 22 4 32 21 7 4.60457
0 15 33 20 2 5 32 4 22 24 3 30 28 9 13 26 8 27 19 1 12 31 6 25 11 17 18 14 23 29 16 10 21 7 4.65861
0 15 33 20 2 5 32 4 22 24 3 30 28 9 13 26 8 27 19 1 12 31 6 25 11 17 18 14 23 29 16 10 21 7 4.65861
0 15 33 20 2 5 32 4 22 24 3 30 28 9 13 26 8 27 19 1 12 31 6 25 11 17 18 14 23 29 16 10 21 7 4.65861
0 15 33 20 2 5 32 4 22 24 28 9 13 26 3 30 8 27 11 25 6 31 12 1 19 17 18 14 7 21 10 16 29 23 4.66006
0 15 33 32 4 22 24 3 30 28 9 13 26 8 27 11 25 6 31 12 1 19 17 18 14 23 29 16 7 20 2 5 10 21 4.85073
0 15 33 20 2 5 32 4 13 26 8 22 24 3 30 28 9 27 18 17 19 1 12 31 6 25 11 14 23 29 16 10 21 7 4.86148
0 15 33 20 2 5 32 22 24 3 30 28 9 13 4 26 8 27 11 25 6 31 12 1 19 17 18 14 23 29 16 10 21 7 4.87719
0 15 33 20 2 5 32 4 22 24 3 30 28 9 13 26 14 23 29 16 10 21 27 8 11 25 6 31 12 1 19 17 18 7 4.89241
0 23 29 16 10 21 7 14 18 17 19 1 12 31 6 25 11 27 9 28 30 3 24 22 8 26 13 4 32 5 2 20 33 15 4.9382
0 15 33 20 29 23 14 18 17 19 1 12 31 6 25 11 27 8 26 13 9 28 30 3 24 22 4 32 5 2 16 10 21 7 4.95689
0 15 33 20 2 5 32 4 22 24 3 30 28 6 25 11 27 8 26 13 9 31 12 1 19 17 18 14 23 29 16 10 21 7 4.96584
0 15 33 20 2 5 32 13 9 28 30 3 24 22 4 26 8 27 11 25 6 31 12 1 19 17 18 14 23 29 16 10 21 7 5.06847
0 15 33 20 2 5 32 4 22 24 3 30 28 9 13 26 8 27 31 6 25 11 12 1 19 17 18 14 23 29 16 10 21 7 5.08018
0 15 33 20 2 5 32 4 22 24 3 30 28 9 13 26 8 27 11 25 6 31 12 1 19 16 10 17 18 14 23 29 21 7 5.19309
0 15 33 20 2 5 32 4 22 24 3 30 28 9 13 26 25 6 8 27 18 17 12 1 19 31 11 14 23 29 16 10 21 7 5.22463
0 15 33 20 2 5 32 4 22 24 3 30 28 9 13 26 8 27 11 25 6 31 12 1 19 21 10 16 29 23 14 18 17 7 5.24839
0 15 33 20 2 5 11 27 8 26 13 9 28 30 3 24 22 4 32 25 6 31 12 1 19 17 18 14 23 29 16 10 21 7 5.26793
0 15 33 20 2 5 32 4 22 24 3 30 28 9 13 26 19 1 12 31 6 25 11 27 8 17 18 14 23 29 16 10 21 7 5.31781
0 15 33 20 2 26 13 9 3 30 28 24 22 4 32 5 8 27 11 25 6 31 12 1 19 17 18 14 23 29 16 10 21 7 5.32088
0 15 23 14 18 17 19 1 12 31 6 25 11 27 8 26 13 9 28 30 3 24 22 4 32 5 2 20 33 29 16 10 21 7 5.35774
0 15 33 20 2 5 32 4 22 24 3 30 28 9 13 26 8 27 11 29 16 17 19 1 12 31 6 25 14 23 18 10 21 7 5.38411
0 15 33 20 2 5 32 4 22 24 3 30 28 9 13 26 8 14 23 29 16 10 21 7 27 11 25 6 31 12 1 19 17 18 5.39148
0 15 33 20 26 13 9 28 30 3 24 22 4 32 5 2 8 27 11 25 6 31 12 1 19 17 18 14 23 29 16 10 21 7 5.39766
0 15 33 20 2 13 26 8 5 32 4 22 24 3 30 28 9 27 11 25 6 19 1 12 31 17 18 14 23 29 16 10 21 7 5.48242
0 33 20 16 29 23 14 18 17 19 1 12 31 6 25 11 27 8 26 13 9 28 30 3 24 22 4 32 15 5 2 10 21 7 5.50184
0 15 33 20 2 5 32 4 22 24 3 30 28 9 13 26 8 14 18 25 11 17 19 1 12 31 6 27 23 29 16 10 21 7 5.50788
0 15 33 20 2 5 32 4 22 24 3 30 28 9 13 26 12 1 19 17 8 27 11 25 6 31 18 14 23 29 16 10 21 7 5.56621
0 15 33 20 2 5 32 4 22 24 3 30 14 23 29 16 10 21 28 9 13 26 8 27 11 25 6 31 12 1 19 17 18 7 5.59142
0 15 33 32 4 22 24 3 30 28 9 13 26 8 20 2 5 27 11 25 6 31 12 1 19 17 18 14 23 29 16 10 21 7 5.59914
0 15 33 20 2 18 14 23 29 16 10 5 32 4 22 24 3 30 28 9 13 26 8 27 11 25 6 31 12 1 19 17 21 7 5.65959
0 15 33 20 2 5 25 11 27 28 30 3 24 22 4 32 9 13 26 8 6 31 12 1 19 17 18 14 23 29 16 10 21 7 5.66682
0 15 23 33 20 2 5 32 4 22 24 3 30 28 9 13 26 8 27 11 25 6 31 12 1 19 17 18 14 29 16 10 21 7 5.67249
0 15 33 20 2 5 22 24 3 30 28 9 13 26 8 27 11 25 6 31 12 1 19 17 18 14 23 29 16 10 32 4 21 7 5.6923
0 15 25 6 31 12 1 19 17 18 14 23 29 16 10 33 20 2 5 32 4 22 24 3 30 28 9 13 26 8 27 11 21 7 5.72403
0 15 33 20 2 5 32 4 22 24 3 30 28 9 13 26 8 27 11 25 6 31 12 1 21 19 17 18 14 23 29 16 10 7 5.72444
0 15 33 20 2 5 32 4 22 24 3 30 28 9 13 6 31 12 1 26 8 27 11 25 19 17 18 14 23 29 16 10 21 7 5.72525
0 15 33 20 2 5 32 4 22 24 3 30 28 9 13 26 8 16 10 21 7 27 11 25 6 31 12 1 19 17 18 14 23 29 5.75283
0 15 33 20 2 5 32 4 22 24 3 30 28 9 13 8 27 11 25 6 31 12 26 1 19 17 18 14 23 29 16 10 21 7 5.77841
0 15 33 20 2 5 32 4 22 24 3 30 28 9 13 8 27 11 25 6 31 12 26 1 19 17 18 14 23 29 16 10 21 7 5.77841
0 15 33 20 2 24 3 30 28 9 13 26 8 27 11 5 32 4 22 25 6 31 12 1 19 17 18 14 23 29 16 10 21 7 5.82567
0 5 32 4 22 24 30 3 28 9 13 26 8 15 33 20 2 27 11 25 6 31 12 1 19 17 18 14 23 29 16 10 21 7 5.83442
0 15 33 20 2 5 32 4 22 24 3 30 28 9 13 8 27 11 25 6 31 12 1 26 19 17 18 14 23 29 16 10 21 7 5.83687
0 29 16 20 2 5 32 4 22 24 3 30 28 9 13 26 8 27 11 25 6 31 12 1 19 17 18 14 23 15 33 10 21 7 5.84425
0 15 33 20 9 28 30 3 24 22 4 32 5 2 13 26 8 27 11 25 6 31 12 1 19 17 18 14 23 29 16 10 21 7 5.85734
0 15 33 20 2 23 14 18 17 19 1 12 31 6 25 11 27 8 26 13 9 28 30 3 24 22 4 32 5 29 16 10 21 7 5.86806
0 15 33 20 2 5 32 4 22 24 3 11 25 6 31 12 1 19 17 18 14 23 29 16 10 21 30 28 9 13 26 8 27 7 5.8757
0 15 33 20 2 5 32 4 22 24 3 30 28 9 31 13 26 8 27 11 25 6 12 1 19 17 18 14 23 29 16 10 21 7 5.88462
0 15 33 20 2 5 32 4 22 24 3 30 28 9 13 26 16 29 23 14 18 17 19 1 12 31 6 25 11 27 8 10 21 7 5.90287
0 15 33 20 2 5 32 4 22 24 3 30 28 9 26 8 27 11 21 10 16 29 23 14 18 17 19 1 12 31 6 13 25 7 5.93045
0 15 29 33 20 2 5 32 4 22 24 3 30 28 9 13 26 8 27 11 25 6 31 12 1 19 17 18 14 23 21 7 16 10 5.93075
0 15 33 20 2 5 32 4 22 24 3 30 28 9 13 26 8 27 11 25 29 23 14 18 17 19 1 12 31 6 7 21 10 16 6.02903
0 15 7 21 8 10 16 29 23 14 17 19 1 12 18 31 6 25 11 27 26 13 9 28 30 3 24 22 4 32 5 2 20 33 6.03171
0 15 33 20 2 5 32 28 9 13 26 8 27 11 25 6 31 12 1 19 17 18 14 23 29 16 10 21 4 22 24 3 30 7 6.06106
0 15 33 20 2 5 32 4 7 21 10 16 29 23 14 18 17 19 1 12 31 6 25 11 27 8 26 13 9 28 30 3 24 22 6.07719
0 15 33 20 2 5 32 27 11 25 4 22 24 3 30 28 9 13 26 8 6 31 12 1 19 17 18 14 23 29 16 10 21 7 6.07757
0 15 5 32 4 22 24 3 30 28 9 13 26 8 27 11 25 6 31 12 1 19 17 18 14 23 33 20 2 29 16 10 21 7 6.08296
0 15 33 20 2 5 32 4 22 24 3 30 28 9 12 13 26 8 27 11 25 6 31 1 19 17 18 14 23 29 16 10 21 7 6.08738
0 15 33 20 2 5 32 4 22 26 13 9 28 30 3 24 8 27 1 12 31 6 25 11 19 17 18 14 23 29 16 10 21 7 6.09927
0 15 33 20 24 3 30 28 9 13 26 8 27 11 25 6 31 12 1 19 17 18 14 23 29 16 10 2 5 32 4 22 21 7 6.10888
0 15 33 20 10 16 29 23 14 18 17 19 1 12 31 6 5 32 4 22 24 3 30 28 9 13 26 8 27 11 25 2 21 7 6.11474
0 15 33 20 2 5 32 4 22 24 21 3 30 28 9 13 26 8 27 11 25 6 31 12 1 19 17 18 14 23 29 16 10 7 6.1232
0 15 33 20 2 5 32 4 30 28 9 13 26 8 27 11 25 6 31 12 1 19 17 18 14 23 29 16 10 21 22 24 3 7 6.15605
0 15 33 20 2 9 13 26 11 25 6 31 12 1 19 17 18 14 23 29 16 10 21 8 5 32 4 22 24 3 30 28 27 7 6.16746
0 15 33 20 2 5 27 4 22 24 3 30 28 9 13 26 8 32 11 25 6 31 12 1 19 17 18 14 23 29 16 10 21 7 6.17328
0 15 33 20 2 5 32 14 23 29 16 10 21 4 22 24 3 30 28 9 13 26 8 27 18 17 19 1 12 31 6 25 11 7 6.21664
0 15 33 22 4 32 5 2 20 24 3 30 28 9 13 26 8 27 11 25 6 31 12 1 19 17 18 14 23 29 16 10 21 7 6.23156
0 15 33 30 3 24 22 4 32 5 2 20 28 9 13 26 8 27 11 25 6 31 12 1 19 17 14 18 23 29 16 10 21 7 6.23571
0 15 33 20 2 18 14 23 29 16 5 32 4 22 24 3 30 28 9 13 26 8 27 11 25 6 31 12 1 19 17 10 21 7 6.23632
0 15 33 20 2 5 32 4 22 24 3 27 17 18 8 26 13 9 28 30 11 25 6 31 12 1 19 14 23 29 16 10 21 7 6.28582
0 15 33 20 2 5 32 4 22 24 3 30 28 9 13 26 8 27 11 25 6 31 12 1 21 7 19 17 18 14 23 29 16 10 6.29287
0 14 23 29 16 10 21 7 18 17 19 1 12 31 6 25 22 24 3 30 28 9 13 26 8 27 11 4 32 5 2 20 33 15 6.29414
0 15 33 20 2 5 32 14 23 29 16 10 4 22 24 3 30 28 9 13 26 8 27 11 25 6 31 12 1 19 17 18 21 7 6.31727
0 15 33 20 2 5 24 3 30 28 9 13 26 8 27 11 25 6 31 12 1 19 17 18 14 23 29 16 10 21 7 32 4 22 6.32075
0 15 33 20 17 19 1 12 31 6 25 11 27 8 26 13 9 28 3 30 24 22 4 32 5 2 18 14 23 29 16 10 21 7 6.34353
0 15 33 20 2 5 32 4 22 24 3 30 28 9 8 27 11 25 6 31 12 1 19 13 26 17 18 14 23 29 16 10 21 7 6.37337
0 15 32 4 22 24 3 30 28 9 13 26 8 27 11 25 6 31 12 1 19 17 18 14 33 20 2 5 23 29 16 10 21 7 6.38569
0 8 26 13 9 28 30 3 24 22 4 32 5 33 15 27 11 25 6 31 12 1 19 17 18 14 23 29 16 10 21 2 20 7 6.38696
0 15 33 29 23 14 18 17 19 1 12 31 6 25 11 27 8 26 13 9 28 5 32 4 22 24 3 30 2 20 16 10 21 7 6.4283
0 15 33 20 2 5 11 17 19 1 12 31 6 25 32 4 22 24 3 30 28 9 13 26 8 27 18 14 23 29 16 10 21 7 6.43294
0 15 33 28 9 13 26 8 27 11 25 6 31 12 1 19 17 18 14 23 29 16 10 21 20 2 5 32 4 22 24 3 30 7 6.44084
0 15 33 20 2 5 32 4 22 24 3 30 28 19 1 12 31 6 25 11 27 8 26 13 9 17 18 14 23 29 16 10 21 7 6.44704
0 11 25 6 31 12 1 19 17 14 18 23 29 16 10 21 7 27 8 26 13 3 24 22 4 32 9 28 30 5 2 20 33 15 6.46433
0 15 33 20 2 5 32 4 22 13 9 25 6 30 3 24 28 11 27 8 26 31 12 1 19 17 18 14 23 29 16 10 21 7 6.49714
0 15 33 20 2 5 6 31 12 1 19 17 18 14 23 29 16 10 32 4 22 24 3 30 28 9 13 26 8 27 11 25 21 7 6.51895
0 15 33 20 2 5 25 11 27 8 26 13 9 28 30 3 24 22 4 32 6 31 12 1 19 17 18 14 23 29 16 10 21 7 6.52057
0 26 13 9 28 30 3 24 22 4 32 5 2 20 33 15 8 27 11 25 6 31 12 1 19 17 18 14 23 29 16 10 21 7 6.52622
0 15 33 20 2 5 32 4 22 24 3 28 9 13 26 8 27 11 25 6 31 12 1 19 17 18 14 23 29 16 10 21 7 30 6.53252
0 15 33 20 2 5 32 4 30 3 24 28 9 13 26 8 27 11 25 6 31 12 1 19 17 18 14 23 29 16 10 21 7 22 6.57519
0 15 22 4 32 5 2 20 33 24 3 30 28 9 13 26 8 27 11 25 6 31 12 1 19 17 18 14 23 29 16 10 21 7 6.5872
0 15 33 20 2 9 28 30 3 24 4 22 32 5 13 26 8 27 11 25 6 31 12 1 19 23 29 16 10 17 18 14 21 7 6.604
0 15 33 20 2 5 32 4 22 30 28 9 13 26 8 27 11 25 6 31 12 1 19 17 18 14 23 29 16 10 21 24 3 7 6.62172
0 15 33 20 2 5 32 4 22 24 3 30 28 25 6 31 12 1 19 17 18 14 23 9 13 26 8 27 11 29 16 10 21 7 6.62541
0 15 33 27 11 25 6 31 12 1 19 17 18 20 2 5 32 4 22 24 3 30 28 9 13 26 8 14 23 29 16 10 21 7 6.62668
0 15 33 20 2 5 32 4 22 24 3 27 11 25 6 31 12 1 19 17 18 14 23 29 16 10 21 7 30 28 9 13 26 8 6.62906
0 15 33 20 2 5 32 4 22 30 3 24 28 9 13 26 8 27 11 25 6 7 21 10 16 29 23 14 18 17 19 1 12 31 6.63272
0 2 20 33 15 18 5 32 4 22 24 3 30 28 9 13 26 8 27 11 25 6 31 12 1 19 17 14 23 29 16 10 21 7 6.64727
0 11 25 6 31 12 1 19 17 8 27 7 21 10 16 29 23 18 14 26 13 9 28 30 3 24 22 4 32 5 2 20 33 15 6.64768
0 15 33 20 2 5 32 4 22 24 3 30 28 26 8 27 11 25 6 31 12 9 13 1 19 17 18 14 23 29 16 10 21 7 6.65425
0 15 33 20 2 5 32 4 22 11 25 6 31 12 1 19 17 18 14 23 29 16 10 27 28 9 13 26 8 30 3 24 21 7 6.66984
0 6 31 12 1 19 17 15 33 20 2 5 32 4 22 24 3 30 28 9 13 26 8 27 11 25 18 14 23 29 16 10 21 7 6.69903
0 30 28 9 13 26 8 27 11 25 6 31 12 1 19 17 18 14 23 29 16 10 21 7 3 24 22 4 32 5 2 20 33 15 6.76863
0 15 33 20 2 5 32 4 22 24 3 7 21 10 16 29 23 14 18 17 19 1 12 31 6 25 11 27 8 26 13 9 28 30 6.76863
0 15 33 20 2 5 32 4 30 28 9 13 26 8 27 11 25 6 31 12 1 19 17 18 14 23 29 16 10 21 7 22 24 3 6.78063
0 15 33 20 2 5 28 30 3 24 22 4 32 9 13 11 25 6 31 26 8 27 12 1 19 17 18 14 23 29 16 10 21 7 6.82133
0 15 33 20 21 14 23 29 16 10 2 5 32 22 24 3 30 4 28 9 13 26 17 19 1 12 31 6 25 11 27 8 18 7 6.83634
0 32 4 22 24 3 30 28 9 13 26 8 11 25 6 31 12 1 19 17 18 14 21 27 7 15 33 20 2 5 23 29 16 10 6.83702
0 17 18 14 23 29 16 10 21 7 19 1 12 31 6 25 11 27 8 28 30 3 13 26 9 24 22 4 32 5 2 20 33 15 6.87075
0 15 33 20 2 11 5 32 28 9 13 26 8 27 25 6 31 12 1 19 17 18 14 23 29 16 10 21 4 22 24 3 30 7 6.90302
0 15 32 4 22 24 3 30 28 9 13 26 33 20 2 5 8 27 11 25 6 31 12 1 19 17 18 14 23 29 16 10 21 7 6.90556
0 15 33 20 2 5 32 4 22 24 3 30 28 9 13 11 25 10 16 18 17 19 1 12 31 26 8 27 6 21 14 23 29 7 6.92761
0 15 33 20 2 5 32 4 22 24 3 30 28 9 13 26 8 27 11 25 19 17 18 14 23 29 16 10 21 7 6 31 12 1 6.94961
0 15 33 20 2 5 32 4 22 13 26 8 27 16 29 23 14 18 17 19 1 12 31 6 25 11 24 3 30 28 9 10 21 7 6.97827
0 15 3 30 33 20 2 5 32 4 22 24 28 9 13 26 8 27 11 25 6 31 12 1 19 17 18 14 23 29 16 10 21 7 6.99313
0 20 2 5 18 17 19 1 12 31 6 25 11 27 8 26 13 9 28 30 3 24 22 32 4 14 23 29 16 10 15 33 21 7 7.00224
0 15 33 20 2 5 32 13 26 8 27 11 25 6 31 12 1 19 17 18 4 22 24 3 30 28 9 14 23 29 16 10 21 7 7.03844
0 15 33 20 13 9 28 30 3 24 32 4 22 5 2 26 8 27 11 25 6 31 12 1 19 17 18 14 23 29 16 10 21 7 7.03854
0 15 33 20 2 5 13 9 28 30 3 24 22 4 32 26 25 6 8 27 11 31 19 1 12 17 18 14 23 29 16 10 21 7 7.03939
0 5 32 4 26 13 9 15 33 20 2 28 30 3 24 22 8 27 11 25 6 31 12 1 19 17 18 14 23 29 16 10 21 7 7.10495
0 15 20 33 2 5 32 7 4 22 24 3 30 28 9 13 26 8 6 31 27 11 25 12 1 19 17 18 14 23 29 16 10 21 7.1068
0 25 6 9 31 12 1 19 17 18 14 23 29 16 10 21 7 11 27 8 26 13 28 24 30 3 22 4 32 5 2 20 33 15 7.1273
0 15 33 20 2 5 32 4 22 24 3 30 28 9 17 19 1 12 31 25 11 27 8 6 26 13 18 14 23 29 16 10 21 7 7.16161
0 15 33 20 2 5 32 13 26 8 27 11 25 6 31 12 1 19 17 18 14 23 29 16 10 21 7 4 22 24 3 30 28 9 7.18425
0 15 33 20 2 5 32 4 22 24 3 30 28 26 8 27 11 25 6 31 12 1 19 17 18 14 23 29 16 10 21 7 9 13 7.22106
0 15 33 20 2 5 32 4 22 13 26 8 27 11 25 6 31 12 1 19 17 18 14 23 29 16 10 24 28 30 3 9 21 7 7.27169
0 20 2 5 32 4 22 24 3 30 28 26 8 27 11 25 6 31 12 1 19 17 18 14 23 29 16 10 21 9 13 15 33 7 7.27644
0 19 17 18 14 23 29 15 33 20 2 5 32 4 22 24 3 30 28 9 13 26 8 27 11 25 6 31 12 1 16 10 21 7 7.29529
0 15 33 20 2 5 32 4 22 24 3 11 25 6 31 30 28 9 13 26 8 27 12 1 19 17 18 14 23 29 16 10 21 7 7.29848
0 15 33 20 2 5 32 4 22 25 6 31 12 1 19 17 8 27 11 24 3 30 28 9 13 26 18 14 23 29 16 10 21 7 7.32103
0 15 33 20 2 5 32 4 16 29 23 14 18 17 19 1 12 31 6 25 11 27 8 26 13 9 28 30 3 24 22 10 21 7 7.32443
0 15 33 26 13 24 3 30 28 9 22 4 32 5 2 20 8 27 11 25 6 31 12 1 19 17 18 14 23 29 16 10 21 7 7.32624
0 25 6 31 12 1 19 17 18 14 23 29 16 10 8 27 11 15 33 20 2 5 32 4 22 24 3 30 28 9 13 26 21 7 7.37148
0 15 33 20 2 5 32 4 22 24 3 30 28 14 18 17 19 1 12 11 25 6 31 27 8 26 13 9 23 29 16 10 21 7 7.37402
0 15 33 20 2 5 32 4 18 14 23 29 16 10 21 22 24 3 30 28 9 13 26 8 27 11 25 6 31 12 1 19 17 7 7.3834
0 15 33 20 2 5 32 4 22 24 3 30 28 9 13 26 8 27 11 25 31 6 12 23 29 1 19 17 18 14 16 10 21 7 7.38942
0 24 22 4 32 5 2 20 33 15 3 30 28 9 13 26 8 27 11 25 6 31 12 1 19 17 18 14 23 29 16 10 21 7 7.41617
0 15 26 8 27 11 25 6 31 12 1 19 17 18 14 23 29 16 10 33 20 2 5 32 4 22 24 3 30 28 9 13 21 7 7.41632
0 7 21 10 16 29 23 14 18 17 19 1 12 31 6 25 13 9 11 27 8 26 28 30 3 24 33 20 2 5 32 4 22 15 7.4229
0 15 33 20 2 8 27 11 25 6 31 12 1 19 17 18 14 23 29 5 32 4 22 24 3 30 28 9 13 26 16 10 21 7 7.44477
0 15 17 18 14 33 20 2 5 32 4 24 22 3 30 28 9 13 26 8 27 25 11 6 31 12 1 19 23 29 16 10 21 7 7.47521
0 15 33 20 2 5 32 4 22 25 6 31 12 1 19 17 8 27 11 24 3 30 28 9 13 26 18 14 10 16 29 23 21 7 7.52143
0 15 33 22 24 3 30 28 9 13 26 8 27 11 4 32 21 10 16 29 23 14 18 17 19 1 12 31 6 25 5 2 20 7 7.524
0 15 33 20 2 6 31 12 1 5 32 4 22 24 3 30 28 9 13 26 8 27 11 25 19 17 18 14 23 29 16 10 21 7 7.55139
0 15 33 20 2 32 4 22 24 3 30 11 27 8 26 13 9 28 25 6 31 12 1 19 17 18 14 23 5 29 16 10 21 7 7.56871
0 15 33 20 2 5 32 4 22 24 3 30 13 26 8 27 11 25 6 31 12 1 19 17 18 14 23 29 28 9 16 10 21 7 7.59741
0 15 33 20 2 5 32 26 8 27 11 25 28 9 13 4 22 30 3 24 6 31 12 1 19 17 18 14 23 29 16 10 21 7 7.62243
0 25 6 31 7 21 10 16 29 23 14 18 17 19 1 12 11 27 8 26 13 9 28 30 3 24 22 4 32 5 2 20 33 15 7.64008
0 15 33 20 2 5 32 4 22 24 6 31 12 1 19 17 18 3 30 28 9 13 26 8 27 11 25 14 23 29 16 10 21 7 7.66614
0 17 19 1 12 31 6 25 11 27 8 30 3 26 13 9 28 24 22 4 32 5 2 20 33 15 18 14 7 21 10 16 29 23 7.67799
0 15 33 20 2 21 7 4 22 24 3 30 28 9 13 26 8 27 11 25 6 31 12 1 19 16 29 23 14 18 17 10 5 32 7.68672
0 15 33 27 11 25 6 31 12 1 19 17 18 14 23 20 2 5 32 4 22 24 3 30 28 9 13 26 8 29 16 10 21 7 7.69701
0 6 31 12 1 19 17 18 14 23 29 15 33 20 2 5 32 4 22 24 3 30 28 9 13 26 8 27 16 10 21 11 25 7 7.75402
0 15 2 5 27 8 19 1 12 31 6 25 11 32 4 22 24 3 30 28 9 13 26 17 18 14 23 29 16 10 21 33 20 7 7.77149
0 15 33 20 2 5 7 21 10 16 29 23 13 26 8 27 11 25 6 31 12 1 19 17 18 14 9 28 30 3 24 22 4 32 7.78806
0 15 33 20 2 5 32 4 22 24 3 26 8 27 11 25 6 31 12 1 19 17 18 14 23 29 16 10 21 7 30 28 9 13 7.8066
0 15 33 20 2 5 32 4 24 22 3 8 27 25 11 6 31 12 1 19 17 30 28 9 13 26 18 14 23 29 16 10 21 7 7.81512
0 15 33 20 2 5 17 18 14 23 29 16 10 21 32 4 22 24 3 30 28 9 13 26 8 27 11 25 6 31 12 1 19 7 7.82112
0 15 33 20 2 5 17 18 14 23 29 16 10 32 4 22 24 3 30 28 9 13 26 8 27 11 25 6 31 12 1 19 21 7 7.83904
0 26 15 33 20 2 5 32 4 22 24 3 30 28 9 13 8 27 11 25 31 6 12 1 19 17 18 14 23 29 16 10 21 7 7.94551
0 15 33 20 2 5 32 4 22 6 31 12 1 19 17 30 3 24 28 9 13 26 8 27 11 25 18 14 23 29 16 10 21 7 7.96
0 15 33 20 2 5 32 4 22 24 11 25 6 31 12 1 19 17 18 14 23 29 16 3 30 28 9 13 26 8 27 10 21 7 7.97643
0 15 33 20 2 5 32 4 22 24 3 30 28 9 10 16 29 23 25 11 31 12 1 19 17 6 14 18 27 8 26 13 21 7 8.01198
0 15 33 20 2 5 13 9 28 30 3 24 22 4 32 26 8 27 11 25 14 23 29 16 19 17 18 6 31 12 1 10 21 7 8.02388
0 15 33 20 2 5 32 4 22 24 3 30 28 9 13 17 18 14 23 29 16 10 21 26 8 27 11 25 6 31 12 1 19 7 8.02426
0 16 10 21 7 14 18 17 19 1 12 31 6 25 11 27 8 26 13 9 28 30 20 2 5 32 4 22 24 3 33 15 23 29 8.04062
0 25 6 31 12 1 19 17 18 14 23 29 16 10 21 7 11 26 8 27 13 9 28 30 3 2 5 32 4 22 24 20 33 15 8.05331
0 15 33 20 2 5 32 4 22 13 26 8 27 11 25 6 31 24 3 30 28 9 12 1 19 17 18 14 23 29 16 10 21 7 8.08148
0 15 33 20 2 5 32 4 22 24 3 30 28 9 13 26 8 27 11 25 6 31 1 19 17 18 14 23 29 12 16 10 21 7 8.1257
0 15 33 20 2 5 32 4 22 24 3 30 29 23 14 18 17 19 1 12 31 6 25 11 27 8 26 13 9 28 16 10 21 7 8.14187
0 15 33 30 3 24 22 4 32 5 2 20 28 9 13 26 8 27 11 25 6 23 14 18 17 19 1 12 31 29 16 10 21 7 8.14886
0 15 3 30 28 9 13 26 8 27 11 33 20 2 5 32 4 22 24 25 6 31 12 1 19 17 18 14 23 29 16 10 21 7 8.15924
0 15 33 20 2 5 32 4 22 24 3 30 28 9 13 26 8 27 11 25 6 31 12 7 1 19 17 18 14 23 29 16 10 21 8.1777
0 15 33 20 2 5 32 4 3 30 28 9 13 26 8 27 11 25 6 31 12 1 19 17 18 14 23 29 16 22 24 10 21 7 8.18487
0 15 24 3 30 28 9 13 26 8 27 11 25 6 31 12 1 19 17 18 14 23 29 16 33 20 2 5 32 4 22 10 21 7 8.26015
0 26 8 27 11 25 6 31 12 1 19 17 18 14 23 29 16 2 5 32 4 22 24 3 30 28 9 13 10 21 7 15 33 20 8.29504
0 15 20 2 5 32 4 22 24 3 30 25 11 27 8 26 13 9 28 33 6 31 12 1 19 17 18 14 23 29 16 10 21 7 8.3112
0 15 33 20 2 5 32 4 22 24 3 30 28 9 17 19 1 12 31 6 25 11 27 8 26 13 23 14 18 29 16 10 21 7 8.37006
0 15 33 20 2 25 11 27 8 13 9 28 30 3 24 22 4 32 5 6 31 12 26 1 19 17 18 14 23 29 16 10 21 7 8.41568
0 15 33 16 29 23 14 18 17 19 1 12 31 6 25 20 2 5 32 4 22 24 3 30 28 21 10 11 27 8 26 13 9 7 8.47195
0 15 33 16 29 23 14 18 17 19 1 12 31 6 25 20 2 5 32 4 22 24 3 30 28 21 10 11 27 8 26 13 9 7 8.47195
0 15 33 2 5 25 6 31 12 1 19 17 18 13 26 8 27 11 32 4 22 24 3 30 28 9 14 23 29 16 20 10 21 7 8.48291
0 1 12 31 6 25 11 27 8 26 13 9 28 30 3 24 22 4 32 5 2 20 33 15 19 17 18 14 23 29 16 10 21 7 8.52888
0 15 33 20 2 5 32 4 22 1 12 31 6 25 11 27 8 26 13 24 3 30 28 9 17 19 18 14 23 29 16 10 21 7 8.54673
0 15 4 22 24 3 33 20 2 5 32 30 28 9 13 18 17 19 1 12 31 6 25 11 27 8 26 14 23 29 16 10 21 7 8.55065
0 15 4 22 24 3 33 20 2 5 32 30 28 9 13 18 17 19 1 12 31 6 25 11 27 8 26 14 23 29 16 10 21 7 8.55065
0 26 8 27 11 25 6 31 12 1 19 17 16 29 23 14 18 10 21 7 15 33 20 2 5 32 4 22 24 3 30 28 9 13 8.57455
0 15 33 20 2 5 32 4 25 6 31 12 1 22 24 3 30 28 9 13 26 8 27 11 19 17 18 14 23 29 16 10 21 7 8.5827
0 15 33 20 2 5 32 4 22 30 3 26 8 27 11 25 6 31 12 1 19 17 18 14 23 29 16 10 21 7 24 28 9 13 8.60282
0 15 33 20 2 5 3 30 28 9 13 26 8 27 11 25 6 32 4 22 24 31 12 1 19 17 18 14 23 29 16 10 21 7 8.60667
0 15 33 20 2 5 3 30 28 9 13 26 8 27 11 25 6 32 4 22 24 31 12 1 19 17 18 14 23 29 16 10 21 7 8.60667
0 15 22 24 3 30 28 9 13 26 8 27 11 25 6 31 12 1 19 17 18 14 23 29 33 20 2 5 32 4 16 10 21 7 8.60963
0 20 2 14 4 32 22 24 3 30 28 9 13 26 8 27 11 25 6 31 12 1 19 17 18 5 23 29 16 10 15 33 21 7 8.67467
0 15 33 20 2 30 3 24 22 4 32 5 28 13 26 8 27 11 25 6 31 12 1 19 17 18 14 23 9 29 16 10 21 7 8.69811
0 14 23 21 7 15 33 20 2 5 32 4 22 24 3 30 31 6 25 11 27 8 26 13 9 28 12 1 19 17 18 29 16 10 8.73791
0 15 33 20 2 5 32 4 22 24 3 30 28 9 23 29 13 26 8 27 11 25 6 31 12 1 19 17 18 14 16 10 21 7 8.74105
0 15 14 23 29 5 32 4 22 24 3 30 28 9 13 26 8 27 11 25 6 31 12 1 19 17 18 33 20 2 16 10 21 7 8.77185
0 20 2 5 32 4 22 24 3 30 28 9 13 26 8 27 11 25 18 14 17 19 1 12 31 6 15 29 23 33 16 10 21 7 8.77851
0 15 33 20 2 5 32 4 22 6 27 8 26 13 9 28 30 3 24 31 12 1 19 17 11 25 18 14 23 29 16 10 21 7 8.83064
0 15 33 20 2 5 32 4 22 24 3 19 1 12 31 6 25 11 27 8 26 13 9 28 30 17 18 14 23 29 16 10 21 7 8.86184
0 15 33 20 2 5 32 13 26 8 27 11 25 19 1 12 31 6 17 4 22 24 3 30 28 9 18 14 23 29 16 10 21 7 8.86494
0 15 33 21 10 16 29 23 14 18 17 19 1 13 9 28 30 3 24 22 25 6 31 12 26 8 27 11 4 32 5 2 20 7 8.86955
0 15 33 20 2 5 32 27 11 25 6 31 12 1 19 17 18 14 23 29 22 24 3 30 4 28 9 13 26 8 16 10 21 7 8.86998
0 15 33 20 2 5 31 12 1 19 32 4 22 24 3 30 28 9 13 26 8 27 11 25 6 17 18 14 23 29 16 10 21 7 8.88162
0 28 9 13 26 15 11 25 6 31 12 1 19 17 18 14 23 29 16 10 33 20 2 5 32 4 22 24 3 30 8 27 21 7 8.94162
0 24 3 30 28 9 13 26 8 27 11 25 15 33 20 2 5 32 4 22 6 31 12 1 19 17 18 14 23 29 16 10 21 7 9.0184
0 15 33 20 2 5 32 14 11 25 6 31 12 1 19 17 18 16 10 21 7 23 29 28 9 4 22 24 3 30 13 26 8 27 9.02965
0 12 1 19 17 18 14 23 29 16 15 33 20 2 5 32 4 22 24 3 30 28 9 13 26 8 27 11 25 6 31 10 21 7 9.05977
0 15 13 26 8 27 3 24 22 4 32 5 2 20 33 9 28 30 11 25 6 31 12 1 19 17 18 14 23 29 16 10 21 7 9.08348
0 7 21 19 1 12 31 6 25 11 13 9 28 30 3 24 22 4 27 8 10 16 29 23 14 18 17 26 32 5 2 20 33 15 9.09158
0 1 19 15 33 20 2 5 32 4 22 24 3 30 28 9 13 26 8 27 11 25 6 31 12 17 18 14 23 29 16 10 21 7 9.09218
0 15 14 18 17 19 1 12 31 33 20 2 5 32 4 22 24 3 30 28 9 13 26 8 27 11 21 10 16 29 23 6 25 7 9.15246
0 15 27 11 25 6 31 12 1 19 17 18 14 23 29 16 10 21 13 26 8 33 20 2 5 32 4 22 24 3 30 28 9 7 9.15406
0 15 33 20 2 4 22 24 3 30 28 9 13 26 8 27 11 25 6 31 12 1 19 5 32 17 18 14 23 29 16 10 21 7 9.20552
0 14 23 29 16 15 33 20 2 5 32 4 22 8 6 13 28 30 3 24 26 9 31 12 1 19 17 18 27 11 25 10 21 7 9.22261
0 15 33 20 2 5 32 4 22 24 3 30 28 1 19 17 18 14 23 29 16 9 13 26 8 27 11 25 6 31 12 10 21 7 9.33206
0 14 23 29 16 10 21 7 18 17 19 1 11 27 8 26 13 9 28 30 12 31 6 25 3 24 22 4 32 5 2 20 33 15 9.39016
0 15 33 20 2 5 13 26 8 27 11 25 6 31 12 1 32 4 22 24 3 30 28 9 19 17 18 14 23 29 16 10 21 7 9.43071
0 21 27 7 15 33 8 11 25 6 31 12 1 19 17 18 14 23 29 20 2 5 32 4 22 24 3 30 28 9 13 26 16 10 9.43927
0 15 33 19 17 18 14 23 29 16 10 21 7 20 2 5 32 4 22 24 3 30 28 9 13 26 8 27 11 25 6 31 12 1 9.49774
0 15 33 20 2 5 32 4 23 14 18 17 19 1 12 6 31 25 11 27 8 26 13 9 28 30 3 24 22 29 16 10 21 7 9.54118
0 8 26 13 9 20 33 15 27 28 30 3 24 22 4 32 5 2 11 7 21 10 16 29 23 14 18 17 19 1 12 31 6 25 9.54408
0 15 33 20 2 5 10 16 29 23 14 6 25 11 27 8 26 13 9 28 30 3 24 18 17 19 1 12 31 22 4 32 21 7 9.59956
0 15 33 20 2 5 32 19 1 12 31 6 25 11 27 8 26 13 9 28 30 3 24 22 4 17 18 14 23 29 16 10 21 7 9.60573
0 15 33 20 2 5 31 12 1 19 17 18 28 9 13 26 8 27 11 25 6 32 4 22 24 3 30 14 23 29 16 10 21 7 9.61708
0 15 8 29 23 14 33 20 2 5 32 4 22 24 3 30 28 9 13 26 18 17 19 1 12 31 6 25 11 27 16 10 21 7 9.69201
0 8 27 11 25 20 2 5 32 4 22 24 3 30 28 9 13 26 14 23 29 16 10 6 31 12 1 19 17 18 15 33 21 7 9.73157
0 23 29 16 10 21 7 14 18 17 19 1 12 25 11 27 9 28 30 3 24 22 8 26 13 4 32 5 2 20 33 15 31 6 9.75959
0 17 19 1 12 31 27 8 26 13 9 28 2 5 32 4 22 24 15 33 20 30 3 11 25 6 18 14 23 29 16 10 21 7 9.77884
0 15 33 20 2 4 22 24 3 30 28 9 13 26 8 27 11 25 6 31 12 1 5 32 19 17 18 14 23 29 16 10 21 7 9.80741
0 15 28 9 13 26 8 27 11 25 6 31 12 1 19 17 18 14 23 29 16 4 22 24 3 30 33 20 2 5 32 10 21 7 9.87382
0 20 2 5 18 17 19 1 12 9 13 26 8 27 11 25 14 23 29 16 10 6 31 28 30 3 24 22 4 32 15 33 21 7 9.88704
0 15 33 20 2 5 32 4 22 11 25 6 31 12 1 19 17 13 9 28 27 10 16 29 23 14 18 26 8 30 3 24 21 7 9.91336
0 15 33 20 2 5 32 4 22 24 1 12 31 6 25 11 27 8 26 13 9 28 30 3 19 17 18 14 23 29 16 10 21 7 9.92206
0 15 32 4 22 24 3 30 28 9 33 20 2 5 13 26 8 27 11 25 6 31 12 19 17 18 14 23 1 29 16 10 21 7 9.9265
0 15 33 20 1 19 17 18 14 23 2 5 32 4 22 24 3 30 28 9 13 26 8 27 11 25 6 31 12 29 16 10 21 7 9.98095
0 15 33 20 1 19 17 18 14 23 2 5 32 4 22 24 3 30 28 9 13 26 8 27 11 25 6 31 12 29 16 10 21 7 9.98095
0 4 27 11 25 6 31 12 1 19 17 18 14 16 10 21 7 22 24 3 30 28 9 13 26 8 32 5 2 20 29 23 33 15 10.0071
0 6 25 11 27 8 26 13 9 28 30 3 24 22 4 7 32 5 2 33 20 15 31 12 1 19 17 18 14 23 29 16 10 21 10.0117
0 15 25 11 27 8 26 13 4 32 5 9 3 30 28 24 22 2 20 33 6 31 12 1 19 17 18 14 23 29 16 10 21 7 10.1252
0 5 32 4 22 24 15 33 20 2 3 26 30 28 9 13 10 16 29 23 14 18 17 19 1 12 31 6 25 11 27 8 21 7 10.1411
0 6 25 11 3 30 20 5 32 4 22 24 15 33 2 28 9 13 26 8 27 31 12 1 19 17 18 14 23 29 16 10 21 7 10.1416
0 15 33 20 2 5 1 19 32 4 22 30 3 24 28 9 13 26 8 27 11 25 6 31 12 17 18 14 23 29 16 10 21 7 10.1426
0 15 33 20 2 5 13 26 8 27 11 25 6 31 12 1 19 17 18 10 21 7 14 23 32 4 22 24 3 30 28 9 29 16 10.1486
0 15 33 20 2 5 32 22 1 12 31 6 25 11 27 8 26 13 9 28 4 30 3 24 19 17 18 14 23 29 16 10 21 7 10.1869
0 15 13 26 8 27 3 24 22 4 32 5 2 20 33 9 25 28 30 11 6 31 12 1 19 17 18 14 23 29 16 10 21 7 10.2035
0 13 26 8 27 11 3 30 28 9 25 6 31 12 1 19 17 18 15 33 20 2 5 32 4 22 24 14 23 29 16 10 21 7 10.2838
0 15 33 20 12 2 5 32 4 22 24 3 30 28 9 13 26 8 27 11 25 6 31 1 19 17 18 14 23 29 16 10 21 7 10.3465
0 15 25 11 27 8 26 13 9 28 30 3 24 22 4 32 5 2 20 33 6 31 12 1 19 29 16 10 21 7 17 18 14 23 10.3826
0 15 5 32 4 22 24 3 30 28 9 13 26 8 27 11 25 6 31 33 20 2 12 1 19 17 18 14 23 29 16 10 21 7 10.4626
0 26 33 15 8 20 2 5 32 4 22 24 3 30 28 9 13 27 11 25 6 31 12 1 19 17 18 14 23 29 16 10 21 7 10.4743
0 15 3 33 20 2 5 32 4 22 24 25 6 31 12 1 19 17 18 30 28 9 13 26 8 27 11 14 23 29 16 10 21 7 10.4816
0 15 33 20 2 5 17 18 14 23 29 16 10 21 32 4 22 24 3 30 28 9 13 26 8 27 11 6 31 12 1 19 7 25 10.5454
0 15 1 12 31 6 25 33 20 2 5 32 4 22 24 3 30 28 9 13 26 8 27 11 21 10 16 29 23 14 18 17 19 7 10.5613
0 15 33 9 28 2 20 13 26 8 27 11 25 30 3 24 22 4 32 5 6 31 12 1 19 17 18 14 23 29 16 10 21 7 10.5687
0 2 5 18 17 19 1 12 31 6 20 25 11 27 8 26 13 9 28 30 3 24 22 32 4 14 23 29 16 10 15 33 21 7 10.5823
0 15 33 20 2 5 32 4 22 9 13 24 3 30 28 26 8 27 11 25 10 21 6 31 12 7 1 19 17 18 14 23 29 16 10.626
0 15 26 8 27 11 28 9 13 25 33 20 2 30 3 24 22 4 32 5 6 31 12 1 19 17 18 14 23 29 16 10 21 7 10.6358
0 8 27 21 7 26 13 9 28 30 3 24 22 2 5 32 4 20 33 25 11 6 31 12 1 19 17 18 14 23 29 16 10 15 10.6665
0 15 33 20 2 5 32 4 22 14 19 1 12 24 3 30 28 9 13 26 8 27 11 18 17 16 29 23 31 6 25 10 21 7 10.7511
0 15 33 20 2 5 32 4 22 14 19 1 12 24 3 30 28 9 13 26 8 27 11 18 17 16 29 23 31 6 25 10 21 7 10.7511
0 15 33 17 18 14 23 29 16 10 21 31 12 1 19 20 2 5 32 4 22 24 3 30 28 9 13 26 8 27 11 25 6 7 10.7607
0 15 33 20 2 5 17 19 1 12 31 6 25 11 27 26 13 9 28 30 3 24 22 4 32 18 14 23 29 8 16 10 21 7 10.7824
0 22 24 3 30 28 9 13 26 8 27 11 25 6 31 12 1 19 15 33 20 2 5 32 4 17 18 14 23 29 16 10 21 7 10.8113
0 32 4 22 24 3 30 28 9 13 26 8 27 11 25 6 1 19 17 18 14 23 29 16 10 21 7 5 2 31 12 20 33 15 10.8169
0 15 33 20 2 5 32 4 22 7 21 10 16 12 1 19 17 18 14 23 29 31 6 25 11 27 8 26 13 9 28 30 3 24 10.8442
0 30 28 9 13 26 8 27 11 25 6 17 18 1 19 31 12 14 23 15 33 20 2 5 32 4 22 24 3 29 16 10 21 7 10.9905
0 15 33 20 2 5 32 4 6 24 3 30 28 9 13 26 8 27 11 25 22 31 12 1 19 17 18 14 23 29 16 10 21 7 11.0066
0 15 33 20 2 5 32 4 29 7 21 10 16 22 24 8 26 13 9 28 30 3 27 11 25 6 31 12 1 19 17 18 14 23 11.1071
0 15 33 20 2 5 31 12 1 19 32 4 22 24 3 11 25 6 17 18 8 27 30 28 9 13 26 14 23 29 16 10 21 7 11.2287
0 24 22 4 32 5 21 10 16 3 30 28 9 13 26 8 27 11 25 29 23 14 6 31 12 1 19 17 18 7 2 20 33 15 11.2414
0 15 33 2 5 32 4 22 24 3 30 28 9 13 26 8 27 21 7 11 25 6 31 20 12 1 19 17 18 14 23 29 16 10 11.2832
0 15 33 20 2 5 8 26 13 9 32 4 22 24 19 1 12 31 6 25 11 27 28 30 3 17 18 14 23 29 16 10 21 7 11.3086
0 15 28 6 31 12 1 19 17 18 33 20 2 5 32 4 21 22 24 3 30 25 11 27 8 26 13 9 14 23 29 16 10 7 11.3739
0 15 13 26 8 29 23 14 18 17 19 1 12 31 6 25 11 27 33 20 2 5 32 4 22 24 3 30 28 9 16 10 21 7 11.4411
0 15 33 20 2 7 18 17 19 1 12 31 6 24 22 4 32 5 21 10 16 3 30 28 9 13 26 8 27 11 25 29 23 14 11.5235
0 15 33 20 2 5 6 24 3 30 28 9 13 26 8 27 18 17 19 1 12 31 32 4 22 25 11 14 23 29 16 10 21 7 11.5662
0 15 33 8 27 11 25 6 31 20 2 23 14 18 17 19 1 12 26 13 9 28 30 3 24 22 4 32 5 29 16 10 21 7 11.6183
0 15 33 8 20 2 29 16 6 31 12 1 19 17 18 14 23 5 32 4 26 13 9 28 30 3 24 22 27 11 25 10 21 7 11.6346
0 15 3 33 20 2 5 32 4 22 24 30 28 9 16 13 26 8 27 11 25 6 31 12 1 19 17 18 14 23 29 10 21 7 11.7653
0 15 26 2 30 3 24 22 4 32 5 28 9 13 25 6 31 12 1 19 17 18 14 23 29 8 27 11 33 20 16 10 21 7 11.7772
0 15 4 22 24 3 33 20 2 5 32 30 9 13 18 17 19 1 12 28 31 6 25 11 27 8 26 14 23 29 16 10 21 7 11.8417
0 15 33 20 2 5 32 26 8 27 11 25 6 31 12 1 19 17 18 14 23 29 16 10 21 4 22 24 7 3 30 28 9 13 11.8528
0 15 33 20 2 12 1 19 17 18 14 23 29 16 10 13 26 8 27 11 25 6 31 21 7 5 32 4 22 24 3 30 28 9 11.9541
0 15 33 20 2 5 22 4 32 24 3 29 16 10 8 27 11 25 6 31 12 1 19 17 18 14 23 30 28 9 13 26 21 7 11.9543
0 15 33 20 2 27 18 14 23 29 26 8 11 25 6 31 12 1 19 17 5 32 4 22 24 3 30 28 9 13 16 10 21 7 12.0634
0 15 33 20 2 5 32 14 23 29 28 30 13 26 8 27 11 25 6 31 9 4 22 24 3 12 1 19 17 18 16 10 21 7 12.1142
0 1 12 31 6 15 33 20 2 5 32 4 22 24 28 9 13 17 19 25 11 27 8 3 30 26 18 14 23 29 16 10 21 7 12.1523
0 26 8 27 11 25 14 23 29 16 19 17 18 6 31 15 33 20 2 5 32 4 22 24 3 30 28 9 13 12 1 10 21 7 12.2021
0 15 33 20 22 4 29 23 14 18 17 19 1 12 31 6 25 11 27 8 26 32 5 2 24 3 30 28 9 13 16 10 21 7 12.2227
0 15 33 20 2 5 32 4 22 24 3 30 29 16 13 26 8 27 11 25 6 31 12 1 19 17 18 14 23 28 9 10 21 7 12.2373
0 15 33 20 12 31 6 25 11 27 8 26 13 9 28 30 3 24 22 4 32 5 2 1 21 19 17 18 14 23 29 16 10 7 12.248
0 15 33 20 2 5 32 25 6 31 12 1 19 17 4 22 18 14 23 29 16 10 21 11 27 8 26 13 9 28 30 3 24 7 12.2739
0 15 33 20 10 21 2 29 16 5 32 4 22 24 17 19 1 12 31 6 25 11 27 8 26 13 9 28 30 3 18 14 23 7 12.2931
0 15 33 20 2 13 9 28 30 3 24 22 12 1 4 32 5 26 8 27 11 25 6 31 19 17 18 14 23 29 16 10 21 7 12.3251
0 15 33 20 2 3 30 28 9 13 26 8 27 11 25 5 32 6 4 22 24 31 12 1 19 17 18 14 23 29 16 10 21 7 12.3463
0 15 3 18 14 23 29 16 10 21 30 28 9 13 26 8 27 11 33 20 2 5 32 4 22 24 25 6 31 12 1 19 17 7 12.3906
0 7 21 19 1 12 25 11 27 8 10 16 29 23 14 18 17 26 13 9 28 30 3 24 22 4 32 5 2 20 31 6 33 15 12.4324
0 15 33 20 2 5 32 4 22 24 6 31 12 1 19 10 21 7 18 17 16 3 30 28 9 13 26 8 27 11 25 29 23 14 12.4352
0 15 33 20 2 5 32 12 1 19 17 18 14 9 13 26 8 27 11 25 6 31 4 22 24 3 30 28 23 29 16 10 21 7 12.4772
0 14 23 29 15 33 20 2 5 32 4 22 24 3 16 28 9 13 26 8 27 11 25 6 31 12 1 19 17 18 30 10 21 7 12.5481
0 11 8 27 9 29 28 30 3 24 22 4 32 5 2 20 33 15 25 6 13 26 31 12 1 19 17 18 14 23 16 10 21 7 12.5765
0 15 33 20 2 5 4 32 22 24 6 25 11 27 8 17 26 13 9 28 30 3 31 14 12 1 19 18 23 29 16 10 21 7 12.7818
0 22 24 3 30 28 9 13 26 8 27 11 25 6 31 12 15 33 20 2 5 32 4 1 19 17 18 14 23 29 16 10 21 7 12.8135
0 15 33 20 2 6 25 11 27 8 26 13 9 28 30 24 22 4 32 5 31 12 1 19 3 17 18 14 23 29 16 10 21 7 12.9291
0 15 33 20 2 5 32 4 29 16 10 21 7 22 24 8 26 13 9 28 30 18 17 19 1 12 31 6 25 11 27 3 14 23 12.9453
0 15 5 32 4 22 24 3 30 28 9 13 26 8 27 11 25 19 17 18 14 23 6 31 33 20 2 12 1 29 16 10 21 7 12.9797
0 15 33 20 2 5 32 13 10 21 7 4 22 24 27 11 25 6 31 12 1 19 17 18 14 23 29 16 9 28 3 30 8 26 12.9816
0 12 31 6 25 11 1 15 33 2 20 5 32 4 22 24 3 30 28 9 13 26 8 27 19 17 18 14 23 21 7 29 16 10 12.9856
0 15 11 25 6 31 12 1 32 4 22 24 3 30 28 9 13 26 8 27 19 17 33 20 2 5 18 14 23 29 16 10 21 7 13.012
0 7 21 10 16 29 23 14 18 17 32 5 2 25 13 9 11 27 8 26 28 30 3 24 22 4 19 1 12 31 6 20 33 15 13.0306
0 15 33 20 2 5 32 26 8 27 11 25 6 31 22 24 3 12 1 19 17 18 14 23 29 16 10 21 4 30 28 9 13 7 13.057
0 15 33 20 2 5 32 4 22 24 12 31 1 19 17 18 14 3 6 25 11 27 8 26 13 9 28 30 23 29 21 10 16 7 13.1193
0 15 33 20 16 3 32 24 22 4 5 2 28 9 13 26 8 27 11 25 6 31 12 1 19 17 18 14 23 29 30 10 21 7 13.1777
0 15 33 20 2 5 11 25 6 3 30 28 9 13 26 8 27 19 17 18 14 23 29 16 10 21 31 12 1 32 4 22 24 7 13.2231
0 8 27 11 25 6 31 12 15 10 16 29 23 14 18 17 19 1 20 33 2 5 32 4 22 24 3 30 28 9 13 26 21 7 13.2845
0 4 22 24 3 30 28 9 23 29 16 10 13 26 8 14 21 7 32 5 2 20 33 18 17 19 1 12 31 6 25 11 27 15 13.2916
0 15 33 20 12 6 31 25 11 27 8 26 9 28 30 13 3 24 22 4 32 5 2 1 21 19 17 18 14 23 29 16 10 7 13.2972
0 15 4 22 24 17 18 3 33 7 21 10 16 29 23 14 19 1 12 31 6 25 11 27 8 26 13 9 28 30 32 5 2 20 13.3229
0 15 33 8 27 1 19 17 18 14 23 20 2 11 25 6 31 12 5 32 4 22 24 3 30 28 9 13 26 29 16 10 21 7 13.4677
0 15 25 6 19 1 12 31 17 18 14 23 29 24 22 4 32 5 2 20 33 21 10 16 3 30 28 9 13 26 8 27 11 7 13.4769
0 15 33 20 2 25 11 27 8 26 13 9 28 30 3 24 22 4 16 5 6 31 12 1 19 17 18 14 23 29 32 10 21 7 13.563
0 8 27 11 25 6 31 12 2 5 32 4 22 24 3 30 28 9 13 26 15 10 16 29 23 14 18 17 19 1 20 33 21 7 13.5682
0 15 33 21 16 29 11 27 8 26 13 9 28 30 3 10 24 22 25 6 31 12 1 19 17 18 14 23 4 32 5 2 20 7 13.5916
0 15 33 20 2 5 32 4 22 24 3 29 16 26 8 27 11 25 6 31 12 1 19 17 18 14 23 30 28 9 13 10 21 7 13.6754
0 15 33 20 12 1 19 17 18 14 23 29 2 5 32 11 25 6 31 16 4 22 24 3 30 28 9 13 26 8 27 10 21 7 13.7282
0 15 33 9 13 26 8 27 20 2 5 32 4 16 10 21 7 18 17 19 1 12 31 6 24 22 3 30 28 11 25 29 23 14 13.8074
0 15 8 27 11 25 6 31 12 33 20 2 30 28 9 13 26 1 19 17 18 14 23 29 16 10 5 32 4 22 24 3 21 7 13.9538
0 19 17 18 14 16 10 21 7 22 24 3 30 28 9 13 26 15 33 23 29 20 2 5 32 4 27 11 25 6 31 12 1 8 14.4749
0 15 33 20 2 5 10 27 25 11 6 31 12 1 32 19 17 18 14 4 22 24 3 30 28 9 13 26 8 23 29 16 21 7 14.5576
0 15 32 4 22 18 14 24 3 30 33 20 2 5 28 9 13 26 8 27 11 25 6 31 12 7 1 19 17 23 29 16 10 21 14.6931
0 15 32 4 22 31 12 19 17 18 14 23 24 3 30 28 9 33 20 2 5 13 26 8 27 11 25 6 1 29 16 10 21 7 14.7881
0 15 19 17 18 14 23 29 16 4 8 33 20 2 5 32 3 24 22 27 11 25 6 31 12 1 26 13 9 28 30 10 21 7 14.8494
0 15 33 20 2 18 14 4 22 24 3 30 28 9 8 32 27 11 25 6 26 13 23 29 5 31 12 1 19 17 16 10 21 7 14.9098
0 20 33 26 24 3 30 28 9 13 22 15 31 6 25 11 27 8 4 32 5 2 12 1 19 17 18 14 23 29 16 10 21 7 14.9115
0 15 33 20 2 27 11 25 6 31 12 1 19 22 24 3 30 13 26 8 5 32 14 23 29 28 9 4 17 18 16 10 21 7 14.9639
0 20 2 23 14 18 17 19 1 12 31 6 25 11 27 30 8 26 5 32 4 22 24 3 28 9 16 29 13 15 33 10 21 7 14.9793
0 15 33 20 2 5 32 4 22 24 9 28 23 14 18 17 19 1 12 31 6 7 21 10 16 26 13 3 30 29 8 27 11 25 15.1221
0 1 12 31 6 15 33 20 2 5 32 4 22 24 14 18 26 30 3 8 27 11 25 19 17 13 9 28 23 29 16 10 21 7 15.2659
0 8 27 11 25 6 31 12 2 5 32 4 22 24 3 33 20 1 19 17 18 14 23 29 16 10 15 26 13 9 28 30 21 7 15.9257
0 26 8 27 15 33 20 2 11 25 6 31 12 1 19 17 18 14 23 5 32 4 22 24 29 16 10 3 30 28 9 13 21 7 16.1887
0 14 18 17 19 1 12 25 11 27 30 28 9 23 15 33 20 8 2 5 32 4 22 6 31 24 3 13 26 29 16 10 21 7 16.2861
0 15 33 30 31 12 20 2 5 32 4 22 24 28 9 13 26 8 27 11 25 6 3 1 19 17 18 14 23 29 16 10 21 7 16.3016
0 15 4 22 19 17 18 14 23 29 10 16 21 7 31 12 1 24 3 30 28 9 13 26 8 27 11 25 6 33 20 2 5 32 16.4538
0 1 12 31 8 27 11 5 2 3 30 28 23 29 16 20 33 15 19 17 32 4 22 24 9 13 26 25 6 18 14 10 21 7 16.6258
0 25 31 6 12 1 19 5 32 4 22 24 3 30 28 21 10 15 33 20 2 8 27 11 9 23 29 13 26 17 18 14 16 7 16.6741
0 15 22 24 9 28 30 3 13 6 31 12 33 20 2 5 32 4 1 19 17 18 14 26 8 27 11 25 23 29 16 10 21 7 16.69
0 15 33 30 28 9 13 3 29 18 17 19 1 12 31 6 26 8 23 14 27 11 25 20 2 5 32 4 22 24 16 10 21 7 16.7628
0 21 2 20 11 27 8 26 24 22 4 30 3 33 13 7 10 9 28 32 5 16 29 23 14 18 17 19 1 12 31 6 25 15 16.9005
0 15 33 2 5 7 32 4 29 16 22 24 3 30 28 9 13 26 8 27 11 25 6 31 20 12 1 19 17 18 14 23 10 21 17.6012
0 6 31 12 1 15 33 20 19 17 18 14 2 5 32 4 7 24 3 30 28 9 13 26 8 27 11 25 23 29 16 10 21 22 17.6561
0 15 33 20 27 11 25 2 12 14 17 18 19 1 5 13 26 8 9 28 30 3 24 22 4 32 6 31 29 23 16 10 21 7 17.8946
0 15 2 5 32 33 30 28 9 13 3 29 18 17 19 1 12 31 6 26 8 23 14 27 11 25 20 4 22 24 16 10 21 7 18.29
0 15 33 1 19 20 2 5 32 9 28 30 3 24 22 4 13 31 14 23 26 12 18 17 6 25 11 27 8 29 16 10 21 7 18.8212
0 15 33 20 24 3 28 9 16 29 23 14 18 17 19 1 12 2 5 32 13 10 21 7 4 22 31 6 25 11 27 30 8 26 19.7201
0 14 18 17 19 1 12 25 11 27 30 28 9 23 22 6 31 24 3 13 26 29 16 15 33 20 8 2 5 32 4 10 21 7 20.3412
0 25 6 31 12 1 19 4 22 24 3 30 20 2 5 32 17 18 23 14 29 28 26 8 27 11 15 33 16 10 9 13 21 7 20.6243
0 15 33 12 1 19 17 18 14 23 29 16 9 28 3 24 22 4 7 21 10 13 32 5 2 20 31 6 25 11 27 30 8 26 20.7059
0 33 31 12 1 19 15 5 32 8 26 13 27 11 25 6 17 18 14 23 29 28 30 20 2 9 16 10 4 22 24 3 21 7 20.7299
0 15 33 3 30 28 23 18 14 25 6 31 20 2 29 21 10 16 7 12 1 19 5 32 4 22 24 8 27 11 9 13 26 17 21.2174
0 15 33 1 19 20 2 5 8 29 16 10 21 7 32 9 28 30 3 24 22 4 13 31 14 23 26 12 18 17 6 25 11 27 21.6405
0 15 8 27 11 25 6 31 12 1 19 32 16 29 24 22 26 13 9 28 30 3 23 14 18 17 5 2 20 33 4 10 21 7 22.4068
0 15 33 3 31 20 2 29 21 30 28 23 18 14 25 6 10 16 7 12 1 19 5 32 4 22 24 8 27 11 9 13 26 17 25.5073
0 31 24 4 32 15 29 18 6 14 7 5 17 11 2 21 23 26 3 13 10 1 19 12 16 8 9 28 20 30 22 33 25 27 32.6663
0 5 29 23 9 22 3 18 15 33 14 28 27 2 16 21 8 11 26 25 20 12 19 17 24 32 1 31 6 7 30 13 4 10 34.4418
0 21 16 4 22 27 1 7 10 2 25 30 3 5 28 29 17 8 12 26 9 31 24 15 32 11 14 6 18 13 19 33 23 20 35.9547
0 2 26 14 12 6 25 19 11 13 9 7 22 8 5 32 31 10 16 20 3 27 4 23 17 30 1 28 24 15 33 18 21 29 36.2407
0 5 4 7 14 33 32 6 31 25 27 19 1 11 30 17 18 22 28 12 3 16 24 2 21 23 8 13 10 20 15 29 26 9 37.8104
0 7 11 28 31 3 18 22 10 27 15 23 21 33 20 29 1 8 24 6 14 9 16 2 26 17 25 32 5 4 13 12 19 30 38.3899
0 17 31 4 8 16 10 27 9 18 14 29 3 23 13 33 26 30 24 22 32 15 5 11 28 2 21 7 25 19 20 1 12 6 38.4833
0 21 16 4 22 27 20 23 33 19 13 18 6 14 11 32 15 24 31 9 26 12 8 17 29 28 5 3 30 25 2 10 7 1 38.6257
0 16 30 33 7 25 23 22 3 15 28 1 27 5 24 20 17 29 19 18 26 11 32 6 10 9 13 4 31 12 2 8 14 21 39.1318
0 33 5 26 28 2 3 20 1 30 19 13 16 9 17 18 12 23 22 32 27 6 14 11 15 25 31 8 24 21 29 10 4 7 40.0073
0 3 33 21 16 5 10 13 14 25 11 29 18 23 1 31 7 6 20 15 9 30 26 4 12 32 17 19 22 8 27 24 28 2 40.2155
0 26 25 21 16 19 28 2 14 23 17 29 12 30 20 3 8 9 27 15 6 1 33 24 10 7 31 5 22 4 13 18 32 11 41.5381
0 28 26 19 7 2 12 17 23 14 4 10 32 1 27 11 20 21 13 24 15 25 8 18 22 9 3 33 6 31 30 29 16 5 41.9027
0 14 31 11 3 28 20 23 12 15 27 24 30 5 4 33 1 17 18 22 6 25 13 7 19 9 16 26 10 21 8 29 32 2 41.9547
0 16 8 17 15 24 4 12 9 33 20 13 1 26 2 31 3 22 27 14 10 29 5 19 25 6 21 28 18 23 32 7 11 30 42.0622
0 10 17 29 14 4 33 19 5 25 13 11 15 30 20 32 26 22 1 28 8 12 23 24 27 2 7 3 6 21 9 18 31 16 42.2532
0 19 25 15 18 7 29 33 21 8 12 27 30 13 16 10 26 2 17 6 9 32 31 20 23 5 22 14 24 1 11 28 4 3 42.538
0 3 13 5 19 14 16 22 15 20 29 28 12 11 23 8 2 17 32 7 18 1 26 27 21 4 24 25 6 33 30 31 9 10 42.8152
0 31 26 23 22 29 11 3 9 13 12 28 32 14 4 8 18 25 19 16 7 6 10 33 30 17 27 15 2 21 5 20 24 1 42.873
0 30 20 15 28 13 11 16 22 23 10 33 3 26 25 17 6 27 21 7 9 4 14 12 24 5 29 31 2 8 18 19 32 1 43.058
0 21 18 5 27 14 12 26 15 20 25 28 4 11 24 33 2 13 7 9 22 29 32 17 6 19 10 16 31 30 8 3 23 1 43.4229
0 10 5 12 6 8 14 25 13 9 31 29 22 11 17 7 26 15 30 1 4 33 20 2 18 32 16 19 3 21 28 24 27 23 44.1112
0 2 17 1 24 3 10 26 32 30 20 13 16 9 28 6 22 25 21 19 27 31 14 5 8 7 15 11 18 4 12 23 33 29 44.1817
0 10 27 21 23 4 30 9 5 26 28 15 31 13 33 1 16 2 20 3 29 7 8 18 22 25 24 12 6 19 11 32 14 17 44.4464
0 1 11 17 27 15 3 19 22 26 28 33 7 20 31 14 5 32 10 6 21 23 25 18 9 2 12 29 8 16 24 13 4 30 44.5559
0 11 14 10 26 2 19 20 29 31 18 28 7 8 17 3 1 22 32 15 33 13 4 27 12 24 6 23 16 25 9 21 30 5 44.648
0 12 28 14 11 22 31 2 15 32 7 8 25 33 30 17 23 24 9 16 27 13 4 5 26 10 6 3 21 18 20 29 19 1 45.3235
0 20 14 27 21 6 7 17 2 18 8 29 11 1 23 13 15 25 32 33 9 4 10 5 28 3 22 31 30 12 19 26 16 24 46.413
0 11 14 10 26 2 19 20 29 31 18 28 7 8 17 3 1 22 32 15 33 13 4 27 12 24 6 30 21 9 25 16 23 5 46.5401
0 16 19 29 9 18 4 6 10 14 8 30 32 23 11 24 3 5 17 31 33 25 13 15 12 21 27 20 2 22 7 1 26 28 46.6349
0 18 26 20 25 8 4 9 27 10 15 31 30 33 32 19 11 24 21 7 14 2 16 17 3 6 5 12 1 13 23 28 22 29 46.834
0 12 28 14 23 24 9 16 27 11 22 31 2 15 32 7 8 25 33 30 17 13 4 5 26 10 6 3 21 18 20 29 19 1 47.3271
0 14 15 10 26 32 23 30 31 33 12 13 24 27 2 7 4 19 20 16 11 17 25 22 5 28 3 1 9 8 29 6 21 18 48.1612
0 18 13 15 25 14 8 4 19 2 9 17 6 27 30 33 1 24 23 22 32 20 3 5 26 12 10 21 31 11 7 29 16 28 48.5242
0 23 29 4 13 9 22 26 8 30 5 19 28 27 20 12 15 6 1 24 10 17 14 33 25 7 18 32 16 11 2 21 3 31 48.8225
0 26 23 17 2 24 28 10 7 9 14 15 1 22 4 29 13 6 33 20 31 27 5 18 12 11 3 19 30 8 32 16 25 21 48.9961
0 16 23 30 9 7 25 29 4 20 22 18 21 14 2 11 10 15 12 32 8 27 24 17 13 28 31 3 26 6 33 19 1 5 49.2334
0 10 26 8 14 2 12 18 11 17 32 25 15 30 27 28 22 1 5 29 4 24 21 16 6 31 9 7 3 19 20 33 23 13 49.3929
0 3 2 31 23 9 29 10 24 12 8 32 26 13 19 30 14 4 20 28 15 5 1 22 21 11 7 25 17 33 27 16 6 18 49.7143
0 18 8 5 11 16 30 1 25 26 10 2 6 24 3 21 32 28 7 9 4 17 14 27 19 22 15 12 29 13 20 33 31 23 50.3582
0 17 30 25 21 4 14 22 20 10 26 16 12 33 3 19 29 7 31 27 23 13 8 11 24 2 18 6 9 15 32 1 28 5 50.3941
0 23 27 4 17 11 28 19 22 8 32 1 29 24 21 33 2 26 25 13 30 31 10 12 15 9 14 5 6 7 18 16 20 3 50.7073
0 12 7 8 11 22 27 32 10 17 20 6 4 19 23 33 2 15 31 24 29 5 3 25 16 28 18 1 30 9 26 14 21 13 51.5663
0 18 29 3 20 6 14 27 32 4 12 23 28 10 2 1 7 13 24 15 26 9 16 22 17 33 11 25 8 5 30 19 21 31 53.4389
