1 0.935052 0.935052 0
2 0.871384 0.903218 0.031834
3 0.936756 0.914397 0.0215123
4 0.957816 0.925252 0.0186872
5 0.982524 0.936706 0.0184589
6 0.80546 0.914832 0.026564
7 0.798884 0.898268 0.0278998
8 0.927152 0.901879 0.0244302
9 0.941512 0.906282 0.0219908
10 0.918208 0.907475 0.0197053
11 0.955396 0.911831 0.0183488
12 0.781236 0.900948 0.0199751
13 0.597104 0.877576 0.0297304
14 0.944388 0.882348 0.0279357
15 0.849696 0.880171 0.0260977
16 0.892436 0.880938 0.0244241
17 0.867352 0.880139 0.0229564
18 0.7703 0.874036 0.0224873
19 0.968912 0.87903 0.0218491
20 0.922784 0.881218 0.020843
1 0.642112 0.642112 0
2 0.506764 0.574438 0.067674
3 0.60718 0.585352 0.0405673
4 0.5502 0.576564 0.0300014
5 0.59818 0.580887 0.0236377
6 0.533956 0.573065 0.0208248
7 0.518992 0.565341 0.0192208
8 0.593752 0.568892 0.0170203
9 0.636764 0.576433 0.0167984
10 0.499324 0.568722 0.0168881
11 0.531352 0.565325 0.0156491
12 0.578796 0.566448 0.0143296
13 0.44976 0.557472 0.0159473
14 0.543068 0.556443 0.0148001
15 0.470772 0.550731 0.014915
16 0.3284 0.536836 0.0196912
17 0.63132 0.542394 0.0193136
18 0.44974 0.537246 0.0189226
19 0.568156 0.538873 0.0179728
20 0.569176 0.540388 0.0171177
1 0.305024 0.305024 0
2 0.311976 0.3085 0.003476
3 0.356696 0.324565 0.0161902
4 0.194032 0.291932 0.0345832
5 0.226368 0.278819 0.0298252
6 0.202616 0.266119 0.0274651
7 0.269448 0.266594 0.0232171
8 0.287376 0.269192 0.0202737
9 0.238056 0.265732 0.0182114
10 0.315972 0.270756 0.0170459
11 0.280048 0.271601 0.0154417
12 0.244924 0.269378 0.0142705
13 0.397732 0.279251 0.0164256
14 0.298236 0.280607 0.0152675
15 0.200324 0.275255 0.0151876
16 0.255772 0.274037 0.0142588
17 0.212256 0.270403 0.0138781
18 0.272108 0.270498 0.0130847
19 0.293148 0.27169 0.0124342
20 0.26086 0.271149 0.0118086
1 0.202108 0.202108 0
2 0.162916 0.182512 0.019596
3 0.151896 0.172307 0.0152365
4 0.147804 0.166181 0.0123935
5 0.108024 0.15455 0.0150814
6 0.154836 0.154597 0.012314
7 0.141864 0.152778 0.010565
8 0.118228 0.148459 0.0101176
9 0.182412 0.152232 0.00968763
10 0.20094 0.157103 0.00994006
11 0.206892 0.161629 0.0100662
12 0.18348 0.16345 0.00936778
13 0.184548 0.165073 0.00876861
14 0.15754 0.164535 0.00813596
15 0.17878 0.165485 0.00763347
16 0.150412 0.164543 0.00720233
17 0.163984 0.16451 0.00676549
18 0.221584 0.16768 0.00712321
19 0.140404 0.166245 0.00688912
20 0.109624 0.163414 0.00712241
1 0.098032 0.098032 0
2 0.11778 0.107906 0.009874
3 0.12868 0.114831 0.00896937
4 0.148412 0.123226 0.0105217
5 0.093268 0.117234 0.0101155
6 0.117248 0.117237 0.00825926
7 0.124292 0.118245 0.00705274
8 0.110748 0.117307 0.00617932
9 0.124148 0.118068 0.00550239
10 0.136472 0.119908 0.00525436
11 0.098016 0.117918 0.00515261
12 0.112784 0.11749 0.00472309
13 0.116952 0.117449 0.00434481
14 0.12884 0.118262 0.00410398
15 0.12158 0.118483 0.00382699
16 0.115356 0.118288 0.00358516
17 0.046904 0.114089 0.00538268
18 0.12008 0.114422 0.00508575
19 0.14328 0.115941 0.00504471
20 0.110752 0.115681 0.00479286
1 0.071132 0.071132 0
2 0.091948 0.08154 0.010408
3 0.081504 0.081528 0.00600907
4 0.05616 0.075186 0.00763384
5 0.093412 0.0788312 0.00694642
6 0.08124 0.0792327 0.00568592
7 0.07956 0.0792794 0.00480571
8 0.071332 0.078286 0.00427879
9 0.076344 0.0780702 0.0037797
10 0.068028 0.077066 0.00352666
11 0.089208 0.0781698 0.00337556
12 0.077252 0.0780933 0.0030824
13 0.064444 0.0770434 0.00302355
14 0.095368 0.0783523 0.00309017
15 0.063832 0.0773843 0.00303529
16 0.080216 0.0775612 0.00284476
17 0.067208 0.0769522 0.00274071
18 0.045048 0.0751798 0.00313345
19 0.060384 0.0744011 0.00306453
20 0.0626 0.073811 0.00296655
1 0.063336 0.063336 0
2 0.059472 0.061404 0.001932
3 0.050092 0.0576333 0.00393219
4 0.079008 0.062977 0.00602377
5 0.046048 0.0595912 0.00576499
6 0.055284 0.0588733 0.00476152
7 0.065908 0.0598783 0.0041478
8 0.045248 0.0580495 0.00403084
9 0.06002 0.0582684 0.0035616
10 0.07066 0.0595076 0.00341812
11 0.060904 0.0596345 0.00309441
12 0.082056 0.061503 0.00338683
13 0.046748 0.060368 0.00331574
14 0.066604 0.0608134 0.00310192
15 0.050624 0.0601341 0.00296655
16 0.055688 0.0598562 0.00278884
17 0.047092 0.0591054 0.00272513
18 0.058228 0.0590567 0.00256974
19 0.049008 0.0585278 0.0024876
20 0.056972 0.05845 0.00236123
1 0.057872 0.057872 0
2 0.054032 0.055952 0.00192
3 0.041788 0.0512307 0.00484972
4 0.045304 0.049749 0.00373567
5 0.035688 0.0469368 0.00403505
6 0.04834 0.0471707 0.00330289
7 0.053652 0.0480966 0.00294101
8 0.058812 0.049436 0.00287771
9 0.048692 0.0493533 0.00253925
10 0.056068 0.0500248 0.00236835
11 0.063016 0.0512058 0.00244623
12 0.052596 0.0513217 0.0022361
13 0.052572 0.0514178 0.00205916
14 0.044264 0.0509069 0.0019737
15 0.046864 0.0506373 0.00185708
16 0.057588 0.0510717 0.00179064
17 0.024512 0.0495094 0.00229566
18 0.039708 0.0489649 0.00223182
19 0.0461 0.0488141 0.00211646
20 0.050548 0.0489008 0.00200972
1 0.04456 0.04456 0
2 0.02412 0.03434 0.01022
3 0.021028 0.0299027 0.00738282
4 0.032936 0.030661 0.00527523
5 0.03882 0.0322928 0.00439996
6 0.031316 0.03213 0.00359624
7 0.018844 0.030232 0.00358332
8 0.048232 0.032482 0.0038331
9 0.045144 0.0338889 0.00366155
10 0.054076 0.0359076 0.00384718
11 0.031624 0.0355182 0.00350162
12 0.046996 0.0364747 0.00333656
13 0.036508 0.0364772 0.00306919
14 0.03228 0.0361774 0.00285729
15 0.023176 0.0353107 0.00279765
16 0.042932 0.035787 0.00265996
17 0.038496 0.0359464 0.00250367
18 0.03848 0.0360871 0.00236468
19 0.029716 0.0357518 0.00226176
20 0.02982 0.0354552 0.00216609
1 0.037904 0.037904 0
2 0.03954 0.038722 0.000818
3 0.037468 0.038304 0.000630686
4 0.035472 0.037596 0.000836748
5 0.033532 0.0367832 0.00103958
6 0.032024 0.03599 0.00116175
7 0.030756 0.0352423 0.00123415
8 0.034464 0.035145 0.00107322
9 0.0347 0.0350956 0.000947782
10 0.038512 0.0354372 0.000913976
11 0.032848 0.0352018 0.000859578
12 0.030776 0.034833 0.000867039
13 0.037252 0.0350191 0.000818979
14 0.031236 0.0347489 0.000804939
15 0.040372 0.0351237 0.000837895
16 0.03752 0.0352735 0.00079796
17 0.03498 0.0352562 0.000749752
18 0.017584 0.0342744 0.00120979
19 0.031272 0.0341164 0.0011552
20 0.034432 0.0341322 0.00109603
1 0.027844 0.027844 0
2 0.019048 0.023446 0.004398
3 0.02218 0.023024 0.00257401
4 0.037068 0.026535 0.00395473
5 0.027368 0.0267016 0.00306785
6 0.028056 0.0269273 0.00251504
7 0.028268 0.0271189 0.00213421
8 0.023792 0.026703 0.00189448
9 0.026552 0.0266862 0.00167086
10 0.027104 0.026728 0.00149505
11 0.031956 0.0272033 0.00143341
12 0.02786 0.027258 0.00130966
13 0.026268 0.0271818 0.00120712
14 0.023112 0.0268911 0.00115476
15 0.030676 0.0271435 0.00110424
16 0.033244 0.0275248 0.00110105
17 0.034476 0.0279336 0.00111215
18 0.025676 0.0278082 0.00105602
19 0.02772 0.0278036 0.000998906
20 0.030988 0.0279628 0.000960928
