1 -0.061192 -0.061192 0
2 -0.124048 -0.09262 0.031428
3 -0.069932 -0.0850573 0.0196579
4 0.748116 0.123236 0.208757
5 0.094928 0.117574 0.161801
6 0.452988 0.173477 0.143451
7 0.28528 0.189449 0.122286
8 0.237904 0.195505 0.106076
9 0.35174 0.212865 0.0951469
10 0.517556 0.243334 0.090392
11 0.336612 0.251814 0.0822012
12 0.22496 0.249576 0.0750724
13 0.211928 0.24668 0.0691173
14 0.181416 0.242018 0.0641597
15 0.289048 0.245154 0.0598117
16 -0.026948 0.228147 0.0584763
17 -0.525904 0.183791 0.070602
18 0.809916 0.218576 0.075105
19 0.099624 0.212315 0.0713176
20 -0.202684 0.191565 0.0707682
1 -0.092844 -0.092844 0
2 0.05884 -0.017002 0.075842
3 0.051648 0.00588133 0.0494063
4 0.326084 0.085932 0.0873419
5 -0.088164 0.0511128 0.076089
6 -0.131288 0.0207127 0.0691655
7 -0.015548 0.0155326 0.0586845
8 -0.02762 0.0101385 0.0511078
9 -0.072528 0.000953333 0.0459992
10 -0.073388 -0.0064808 0.0418092
11 0.11626 0.00467745 0.0394296
12 0.07698 0.0107027 0.0364949
13 0.144344 0.0209828 0.0351092
14 -0.08626 0.0133226 0.0333952
15 0.00422 0.0127157 0.0310952
16 -0.06854 0.00763725 0.0295269
17 -0.152876 -0.00180471 0.0292988
18 0.093328 0.00348044 0.0281242
19 0.072776 0.00712758 0.0268517
20 -0.104224 0.00156 0.0260751
1 -0.046072 -0.046072 0
2 -0.06276 -0.054416 0.008344
3 -0.010552 -0.0397947 0.0153945
4 0.07724 -0.010536 0.031218
5 -0.076204 -0.0236696 0.0275178
6 -0.137804 -0.042692 0.0294393
7 -0.155184 -0.0587623 0.0296193
8 0.033856 -0.047185 0.0281427
9 -0.068372 -0.0495391 0.0249309
10 0.115784 -0.0330068 0.0277589
11 -0.043892 -0.0339964 0.0251284
12 0.049744 -0.027018 0.023977
13 0.092964 -0.0177886 0.0239088
14 -0.016084 -0.0176669 0.0221356
15 -0.117396 -0.0243155 0.0216531
16 -0.028408 -0.0245712 0.0202562
17 0.052976 -0.0200096 0.0195666
18 0.06412 -0.0153358 0.0190304
19 -0.022368 -0.0157059 0.0180048
20 -0.011716 -0.0155064 0.017082
1 0.008804 0.008804 0
2 -0.050736 -0.020966 0.02977
3 -0.004324 -0.0154187 0.0180607
4 0.029736 -0.00413 0.0170449
5 0.030928 0.0028816 0.0149493
6 0.042112 0.00942 0.0138469
7 -0.02946 0.00386571 0.012954
8 -0.0077 0.00242 0.0113112
9 -0.02214 -0.000308889 0.0103421
10 0.01658 0.00138 0.00940316
11 -0.029136 -0.00139418 0.00894647
12 -0.022564 -0.00315833 0.00835534
13 -0.005652 -0.00335015 0.00768819
14 0.028072 -0.00110571 0.00746336
15 -0.000752 -0.00108213 0.00694805
16 -0.057884 -0.00463225 0.00740569
17 0.027956 -0.00271529 0.00721573
18 0.069244 0.00128244 0.00789072
19 0.032452 0.00292295 0.00764203
20 0.04706 0.0051298 0.00757831
1 -0.002716 -0.002716 0
2 0.036876 0.01708 0.019796
3 -0.017156 0.005668 0.0161512
4 -0.016652 8.8e-05 0.0127109
5 0.015832 0.0032368 0.0103371
6 0.003408 0.00326533 0.00844023
7 0.028512 0.006872 0.00799325
8 -0.018816 0.003661 0.00763083
9 0.005448 0.00385956 0.00673268
10 -0.010004 0.0024732 0.00617942
11 0.038868 0.00578182 0.00649534
12 -0.007312 0.00469067 0.00602897
13 0.004076 0.00464338 0.00554605
14 0.01012 0.00503457 0.00514952
15 -0.006836 0.0042432 0.00485882
16 0.000372 0.00400125 0.00455145
17 -0.003136 0.00358141 0.0042959
18 0.00684 0.00376244 0.00405426
19 -0.001672 0.00347642 0.0038456
20 -0.039428 0.0013312 0.00423223
1 -0.004028 -0.004028 0
2 0.003576 -0.000226 0.003802
3 0.01264 0.00406267 0.00481779
4 -0.003548 0.00216 0.00390201
5 -0.040216 -0.0063152 0.00899802
6 -0.000872 -0.005408 0.00740265
7 -0.004908 -0.00533657 0.00625679
8 -0.00234 -0.004962 0.00543147
9 -0.020584 -0.00669778 0.00509491
10 -0.02472 -0.0085 0.00490045
11 0.033652 -0.004668 0.00585939
12 -0.01548 -0.005569 0.00542422
13 0.007376 -0.00457323 0.00508795
14 -0.010308 -0.00498286 0.0047283
15 0.028252 -0.0027672 0.00492799
16 0.001208 -0.00251875 0.0046164
17 0.008768 -0.00185482 0.00438689
18 0.007624 -0.00132822 0.00416938
19 -0.008708 -0.00171663 0.00396292
20 0.018984 -0.0006816 0.00389943
1 0.009648 0.009648 0
2 0.001588 0.005618 0.00403
3 -0.013492 -0.000752 0.00678163
4 -0.009036 -0.002823 0.00522344
5 -0.020012 -0.0062608 0.00530934
6 0.008556 -0.00379133 0.00498908
7 0.000348 -0.0032 0.00425781
8 0.022428 3.5e-06 0.00488458
9 -0.002352 -0.000258222 0.00431574
10 -0.024188 -0.0026512 0.00454168
11 -0.005448 -0.00290545 0.00411596
12 0.00058 -0.002615 0.00376855
13 -0.016492 -0.00368246 0.00362719
14 0.002096 -0.00326971 0.0033834
15 -0.01318 -0.0039304 0.00321832
16 -0.007044 -0.004125 0.00301674
17 -0.005784 -0.00422259 0.00283542
18 -0.024992 -0.00537644 0.00291165
19 0.023976 -0.00383158 0.00315783
20 0.001932 -0.0035434 0.00300961
1 0.000872 0.000872 0
2 0.002112 0.001492 0.00062
3 -0.012468 -0.00316133 0.00466708
4 0.00776 -0.000431 0.00428317
5 -0.012192 -0.0027832 0.00406696
6 0.006152 -0.001294 0.0036393
7 -0.001268 -0.00129029 0.00307577
8 0.007204 -0.0002285 0.00286752
9 0.002232 4.48889e-05 0.00254365
10 -0.001268 -8.64e-05 0.00227889
11 0.00376 0.000263273 0.00209078
12 -0.008796 -0.000491667 0.0020525
13 -0.010372 -0.00125169 0.00203526
14 0.00602 -0.000732286 0.00195456
15 0.020444 0.000679467 0.00230304
16 -0.005952 0.000265 0.0021938
17 0.003748 0.000469882 0.00207088
18 -0.013104 -0.000284222 0.00209301
19 0.005068 -2.52632e-06 0.00199973
20 -4e-05 -4.4e-06 0.00189711
1 -0.000532 -0.000532 0
2 -0.003984 -0.002258 0.001726
3 0.0109 0.002128 0.00449778
4 -0.003472 0.000728 0.00347491
5 0.011716 0.0029256 0.00347483
6 -0.002252 0.00206267 0.00296552
7 -0.004232 0.00116343 0.00266275
8 0.018184 0.003291 0.00313756
9 -0.005336 0.00233244 0.00292839
10 -0.002956 0.0018036 0.00267209
11 -0.006824 0.00101927 0.00254107
12 -0.008932 0.00019 0.00246344
13 0.010952 0.00101785 0.00241252
14 0.011044 0.001734 0.00234556
15 0.00068 0.00166373 0.00218473
16 0.007184 0.00200875 0.00207255
17 -0.000708 0.00184894 0.00195337
18 0.005148 0.00203222 0.00185075
19 0.000468 0.00194989 0.00175257
20 0.004776 0.0020912 0.00166863
1 -0.001984 -0.001984 0
2 0.001588 -0.000198 0.001786
3 0.012756 0.00412 0.00443941
4 0.000568 0.003232 0.00326232
5 0.013948 0.0053752 0.00331345
6 0.00048 0.00455933 0.00282576
7 0.01022 0.005368 0.0025214
8 -0.001316 0.0045325 0.00233798
9 0.007984 0.004916 0.00209727
10 0.01352 0.0057764 0.00206376
11 0.005636 0.00576364 0.00186679
12 -0.007548 0.00465433 0.00203338
13 0.002676 0.00450215 0.00187662
14 -0.009908 0.00347286 0.00201942
15 0.000244 0.0032576 0.00189226
16 -0.000916 0.00299675 0.00178916
17 0.005488 0.00314329 0.001687
18 -0.002812 0.00281244 0.00162457
19 0.000796 0.00270632 0.00154035
20 0.003048 0.0027234 0.0014614
1 0.011388 0.011388 0
2 0.000476 0.005932 0.005456
3 0.003972 0.00527867 0.00321706
4 -0.005312 0.002631 0.00349069
5 -0.005772 0.0009504 0.00318361
6 0.006196 0.00182467 0.00274249
7 -0.011416 -6.68571e-05 0.00299168
8 0.001924 0.000182 0.0026028
9 0.008724 0.00113111 0.00248393
10 0.006744 0.0016924 0.0022915
11 -0.007796 0.000829818 0.00224506
12 0.0113 0.00170233 0.00222745
13 0.001216 0.00166492 0.0020493
14 -0.009604 0.00086 0.00206096
15 -0.002596 0.0006296 0.00193244
16 0.000628 0.0006295 0.00180763
17 0.00686 0.000996 0.00173708
18 -0.006944 0.000554889 0.0016961
19 0.008684 0.000982737 0.00166042
20 0.002112 0.0010392 0.00157622
