1 0.0998678 0.0998678 0
2 0.141682 0.120775 0.0209071
3 0.0884357 0.109995 0.0161835
4 0.0848295 0.103704 0.0130589
5 0.0572412 0.0944113 0.0137358
6 0.163983 0.106007 0.0161317
7 0.126509 0.108936 0.0139449
8 0.125844 0.111049 0.0122602
9 0.116281 0.11163 0.0108281
10 0.119192 0.112387 0.00971439
11 0.0781873 0.109278 0.0093208
12 0.181979 0.115336 0.0104452
13 0.136801 0.116987 0.00974908
14 0.108465 0.116378 0.00904639
15 0.164138 0.119562 0.00900351
16 0.116025 0.119341 0.00842491
17 0.163536 0.121941 0.00832989
18 0.113175 0.121454 0.00786858
19 0.0781391 0.119174 0.00778424
20 0.0999508 0.118213 0.00744707
1 0.28984 0.28984 0
2 0.343606 0.316723 0.0268829
3 0.317518 0.316988 0.0155231
4 0.318431 0.317349 0.0109824
5 0.299314 0.313742 0.00924002
6 0.33321 0.316987 0.00821261
7 0.340502 0.320346 0.00771113
8 0.350116 0.324067 0.00764486
9 0.328296 0.324537 0.00675848
10 0.372372 0.329321 0.00770868
11 0.32555 0.328978 0.00698118
12 0.316869 0.327969 0.00645231
13 0.298786 0.325724 0.00634559
14 0.335444 0.326418 0.00591576
15 0.34817 0.327868 0.00569498
16 0.350487 0.329282 0.00551155
17 0.334536 0.329591 0.00518641
18 0.352339 0.330855 0.00505047
19 0.320889 0.33033 0.00480598
20 0.31319 0.329473 0.00463919
1 0.398039 0.398039 0
2 0.424933 0.411486 0.013447
3 0.417004 0.413326 0.00797858
4 0.420803 0.415195 0.00594335
5 0.43692 0.41954 0.0063304
6 0.433294 0.421832 0.00565429
7 0.415767 0.420966 0.00485667
8 0.4088 0.419445 0.0044725
9 0.410842 0.418489 0.00405854
10 0.419615 0.418602 0.00363181
11 0.405189 0.417382 0.0035041
12 0.409852 0.416755 0.00325977
13 0.397457 0.41527 0.00334587
14 0.420171 0.415621 0.00311738
15 0.416647 0.415689 0.00290293
16 0.417219 0.415785 0.00271713
17 0.412729 0.415605 0.00255862
18 0.401174 0.414803 0.00254202
19 0.406598 0.414371 0.00244299
20 0.410012 0.414153 0.00232785
1 0.408276 0.408276 0
2 0.413049 0.410662 0.00238682
3 0.423715 0.415013 0.00456385
4 0.416617 0.415414 0.00325195
5 0.428676 0.418067 0.00365786
6 0.410049 0.41673 0.00327193
7 0.413186 0.416224 0.00281126
8 0.420803 0.416796 0.00250101
9 0.414051 0.416491 0.00222667
10 0.409836 0.415826 0.00209985
11 0.410438 0.415336 0.00196153
12 0.415674 0.415364 0.00179084
13 0.41393 0.415254 0.00165102
14 0.416928 0.415373 0.00153322
15 0.419767 0.415666 0.00145709
16 0.412328 0.415458 0.00137886
17 0.41612 0.415497 0.0012958
18 0.409496 0.415163 0.00126637
19 0.415647 0.415189 0.00119814
20 0.422368 0.415548 0.00119198
1 0.38093 0.38093 0
2 0.38846 0.384695 0.00376525
3 0.385919 0.385103 0.00221182
4 0.384414 0.384931 0.00157344
5 0.387134 0.385371 0.00129602
6 0.389256 0.386019 0.00124055
7 0.385722 0.385976 0.00104931
8 0.391585 0.386678 0.00114771
9 0.386491 0.386657 0.0010124
10 0.389195 0.386911 0.00094042
11 0.389879 0.38718 0.000892425
12 0.387605 0.387216 0.000815435
13 0.392141 0.387595 0.000840355
14 0.383064 0.387271 0.000842653
15 0.387646 0.387296 0.000784866
16 0.392465 0.387619 0.000802105
17 0.388186 0.387652 0.000754184
18 0.386664 0.387598 0.000713168
19 0.380704 0.387235 0.00076598
20 0.384657 0.387106 0.000738011
1 0.351431 0.351431 0
2 0.348936 0.350183 0.00124721
3 0.349254 0.349874 0.000783831
4 0.3508 0.350105 0.000600718
5 0.351782 0.350441 0.00057355
6 0.349723 0.350321 0.000483341
7 0.351166 0.350442 0.000425958
8 0.349608 0.350338 0.000383317
9 0.34727 0.349997 0.000480076
10 0.349691 0.349966 0.000430483
11 0.353647 0.350301 0.000513406
12 0.349575 0.35024 0.000472556
13 0.349878 0.350212 0.000435578
14 0.351622 0.350313 0.000415642
15 0.353022 0.350494 0.000427007
16 0.351545 0.350559 0.000404797
17 0.354932 0.350817 0.000459071
18 0.350266 0.350786 0.000433894
19 0.3517 0.350834 0.000413235
20 0.351403 0.350863 0.000393058
1 0.312195 0.312195 0
2 0.31126 0.311727 0.00046723
3 0.311538 0.311664 0.000277021
4 0.31298 0.311993 0.000382737
5 0.313623 0.312319 0.000440665
6 0.313644 0.31254 0.00042215
7 0.310976 0.312317 0.000420962
8 0.314536 0.312594 0.000458106
9 0.31404 0.312755 0.000434765
10 0.309951 0.312474 0.0004794
11 0.310611 0.312305 0.00046554
12 0.310306 0.312138 0.000456469
13 0.311595 0.312097 0.000421964
14 0.313883 0.312224 0.00041098
15 0.311595 0.312182 0.000384891
16 0.311831 0.31216 0.0003607
17 0.31233 0.31217 0.000338966
18 0.3111 0.312111 0.000325064
19 0.312657 0.31214 0.000308822
20 0.309784 0.312022 0.000315769
1 0.277978 0.277978 0
2 0.276843 0.27741 0.000567552
3 0.275408 0.276743 0.000743398
4 0.277355 0.276896 0.000547483
5 0.276733 0.276863 0.000425327
6 0.276608 0.276821 0.00034988
7 0.278356 0.27704 0.000368142
8 0.275679 0.27687 0.000361372
9 0.277621 0.276953 0.000329431
10 0.276947 0.276953 0.000294652
11 0.275759 0.276844 0.000287763
12 0.275091 0.276698 0.000300577
13 0.274331 0.276516 0.000331061
14 0.278582 0.276664 0.000340191
15 0.273836 0.276475 0.000368559
16 0.275719 0.276428 0.000347983
17 0.276577 0.276437 0.000326991
18 0.275736 0.276398 0.000310735
19 0.276302 0.276393 0.00029397
20 0.276291 0.276388 0.00027893
1 0.245839 0.245839 0
2 0.244521 0.24518 0.000658893
3 0.244762 0.245041 0.000405099
4 0.243265 0.244597 0.000528425
5 0.243534 0.244384 0.000461229
6 0.244582 0.244417 0.000378035
7 0.244107 0.244373 0.000322559
8 0.244762 0.244422 0.000283554
9 0.244155 0.244392 0.000251825
10 0.243418 0.244295 0.000245393
11 0.244559 0.244319 0.000223264
12 0.244441 0.244329 0.000204065
13 0.24358 0.244271 0.000196357
14 0.244812 0.24431 0.000185854
15 0.245112 0.244363 0.000181088
16 0.246157 0.244475 0.000203138
17 0.243894 0.244441 0.000193852
18 0.244123 0.244424 0.000183618
19 0.24397 0.2444 0.00017532
20 0.244446 0.244402 0.000166339
1 0.21813 0.21813 0
2 0.217197 0.217664 0.000466455
3 0.216011 0.217113 0.000613153
4 0.216712 0.217013 0.000444993
5 0.216988 0.217008 0.000344725
6 0.21729 0.217055 0.000285384
7 0.216811 0.21702 0.000243696
8 0.21611 0.216906 0.000239755
9 0.215634 0.216765 0.000254322
10 0.216718 0.21676 0.00022752
11 0.217422 0.21682 0.000214417
12 0.217363 0.216866 0.000200894
13 0.217041 0.216879 0.000185288
14 0.216626 0.216861 0.000172494
15 0.217262 0.216888 0.000162795
16 0.216826 0.216884 0.00015233
17 0.217424 0.216916 0.00014657
18 0.216231 0.216878 0.000143328
19 0.216145 0.216839 0.000140955
20 0.216751 0.216835 0.000133795
1 0.193036 0.193036 0
2 0.192522 0.192779 0.000257455
3 0.192954 0.192837 0.000159697
4 0.19251 0.192756 0.000139491
5 0.192644 0.192733 0.00011032
6 0.193248 0.192819 0.000124343
7 0.192681 0.192799 0.000106916
8 0.193431 0.192878 0.000121676
9 0.192762 0.192865 0.000108082
10 0.192916 0.19287 9.68041e-05
11 0.193439 0.192922 0.000101698
12 0.192258 0.192867 0.00010806
13 0.192512 0.192839 0.000103083
14 0.192648 0.192826 9.64143e-05
15 0.192282 0.19279 9.6798e-05
16 0.193493 0.192834 0.000100654
17 0.193201 0.192855 9.69887e-05
18 0.1926 0.192841 9.25367e-05
19 0.192882 0.192843 8.75575e-05
20 0.19282 0.192842 8.30722e-05
