1 -1.00579 -1.00579 0
2 -0.999116 -1.00245 0.00333668
3 -1.00734 -1.00408 0.00252194
4 -1.00825 -1.00512 0.00206595
5 -1.01231 -1.00656 0.00215164
6 -0.994813 -1.0046 0.00263063
7 -0.999586 -1.00389 0.00233598
8 -1.00235 -1.00369 0.00203211
9 -1.00379 -1.00371 0.00179218
10 -1.003 -1.00363 0.00160454
11 -1.00901 -1.00412 0.00153149
12 -0.991977 -1.00311 0.00172601
13 -0.994134 -1.00242 0.00173136
14 -1.00492 -1.0026 0.00161284
15 -0.995738 -1.00214 0.0015696
16 -1.00282 -1.00218 0.00146883
17 -0.996219 -1.00183 0.00142364
18 -1.00071 -1.00177 0.00134367
19 -1.00935 -1.00217 0.00133206
20 -1.0055 -1.00234 0.00127465
1 -0.94837 -0.94837 0
2 -0.933239 -0.940805 0.00756548
3 -0.941512 -0.94104 0.00437428
4 -0.939988 -0.940777 0.00310425
5 -0.94518 -0.941658 0.00256067
6 -0.936239 -0.940755 0.00227749
7 -0.934284 -0.93983 0.0021353
8 -0.933531 -0.939043 0.00200988
9 -0.939519 -0.939096 0.00177334
10 -0.92653 -0.937839 0.00202352
11 -0.937739 -0.93783 0.00183037
12 -0.940824 -0.93808 0.00168941
13 -0.942379 -0.93841 0.00158884
14 -0.935933 -0.938233 0.00148158
15 -0.931767 -0.937802 0.00144507
16 -0.927952 -0.937187 0.00148533
17 -0.93817 -0.937245 0.00139643
18 -0.930059 -0.936845 0.00137576
19 -0.939667 -0.936994 0.00130978
20 -0.941376 -0.937213 0.00126174
1 -0.867108 -0.867108 0
2 -0.85684 -0.861974 0.00513448
3 -0.861198 -0.861715 0.00297566
4 -0.855945 -0.860273 0.00255119
5 -0.850423 -0.858303 0.00279025
6 -0.851276 -0.857132 0.00256159
7 -0.859661 -0.857493 0.00219488
8 -0.862404 -0.858107 0.00199747
9 -0.860561 -0.85838 0.00178259
10 -0.858935 -0.858435 0.00159536
11 -0.863521 -0.858897 0.00151532
12 -0.861194 -0.859089 0.00139647
13 -0.869163 -0.859864 0.0015002
14 -0.858605 -0.859774 0.00139182
15 -0.85775 -0.859639 0.00130272
16 -0.858771 -0.859585 0.00121979
17 -0.859429 -0.859576 0.00114583
18 -0.864658 -0.859858 0.00111659
19 -0.863607 -0.860055 0.00107446
20 -0.861337 -0.860119 0.00102133
1 -0.794666 -0.794666 0
2 -0.791002 -0.792834 0.00183192
3 -0.784838 -0.790169 0.00286761
4 -0.7889 -0.789852 0.00205237
5 -0.781072 -0.788096 0.0023686
6 -0.792601 -0.788847 0.00207459
7 -0.790725 -0.789115 0.00177377
8 -0.785589 -0.788674 0.00159812
9 -0.790864 -0.788918 0.00143026
10 -0.794011 -0.789427 0.00137693
11 -0.793706 -0.789816 0.00130481
12 -0.790102 -0.78984 0.00119137
13 -0.791243 -0.789948 0.0011012
14 -0.789063 -0.789884 0.00102147
15 -0.78768 -0.789737 0.00096223
16 -0.791144 -0.789825 0.000904368
17 -0.78956 -0.78981 0.00084965
18 -0.794656 -0.790079 0.000845087
19 -0.789344 -0.79004 0.000800307
20 -0.784448 -0.789761 0.000809082
1 -0.730321 -0.730321 0
2 -0.724548 -0.727434 0.00288652
3 -0.727102 -0.727323 0.00167021
4 -0.728592 -0.727641 0.00122289
5 -0.725057 -0.727124 0.00107897
6 -0.723857 -0.726579 0.00103566
7 -0.726934 -0.72663 0.000876754
8 -0.721615 -0.726003 0.000984635
9 -0.726643 -0.726074 0.000871272
10 -0.724473 -0.725914 0.000795561
11 -0.723168 -0.725665 0.000761677
12 -0.72544 -0.725646 0.000695566
13 -0.721651 -0.725339 0.000709793
14 -0.729473 -0.725634 0.000720444
15 -0.725576 -0.72563 0.000670708
16 -0.721179 -0.725352 0.000686294
17 -0.722618 -0.725191 0.000664414
18 -0.726266 -0.725251 0.000629254
19 -0.731642 -0.725587 0.000683683
20 -0.728055 -0.72571 0.000660233
1 -0.665639 -0.665639 0
2 -0.668799 -0.667219 0.00158016
3 -0.668278 -0.667572 0.000978252
4 -0.665531 -0.667062 0.000859515
5 -0.66558 -0.666765 0.000728732
6 -0.667321 -0.666858 0.000602164
7 -0.665951 -0.666728 0.000525149
8 -0.667803 -0.666863 0.0004742
9 -0.670423 -0.667258 0.000575651
10 -0.667537 -0.667286 0.000515629
11 -0.663288 -0.666923 0.000591295
12 -0.667761 -0.666993 0.000544278
13 -0.667185 -0.667007 0.000500882
14 -0.665667 -0.666912 0.000473501
15 -0.663061 -0.666655 0.000510118
16 -0.665852 -0.666605 0.000479801
17 -0.660992 -0.666275 0.000558682
18 -0.665877 -0.666252 0.000527193
19 -0.6648 -0.666176 0.000504503
20 -0.66542 -0.666138 0.000480104
1 -0.615091 -0.615091 0
2 -0.616445 -0.615768 0.00067736
3 -0.615722 -0.615753 0.000391378
4 -0.614228 -0.615372 0.000471005
5 -0.612201 -0.614737 0.000731581
6 -0.612434 -0.614353 0.000710092
7 -0.617302 -0.614775 0.000733218
8 -0.610649 -0.614259 0.00081803
9 -0.612152 -0.614025 0.000758455
10 -0.619117 -0.614534 0.000848243
11 -0.617474 -0.614801 0.000812482
12 -0.618865 -0.61514 0.000815343
13 -0.615751 -0.615187 0.000751477
14 -0.612108 -0.614967 0.000729665
15 -0.615764 -0.61502 0.000681358
16 -0.615466 -0.615048 0.00063796
17 -0.61431 -0.615005 0.000600831
18 -0.616749 -0.615102 0.000574693
19 -0.61418 -0.615053 0.000545764
20 -0.618627 -0.615232 0.000547734
1 -0.566397 -0.566397 0
2 -0.568321 -0.567359 0.0009616
3 -0.57134 -0.568686 0.00143837
4 -0.567482 -0.568385 0.00106068
5 -0.568346 -0.568377 0.000821634
6 -0.569335 -0.568537 0.000689587
7 -0.565905 -0.568161 0.000693548
8 -0.571472 -0.568575 0.000729449
9 -0.567366 -0.56844 0.000657187
10 -0.568881 -0.568484 0.000589457
11 -0.571724 -0.568779 0.000609125
12 -0.572092 -0.569055 0.000620815
13 -0.574067 -0.569441 0.000689041
14 -0.564693 -0.569102 0.000722454
15 -0.575017 -0.569496 0.000779669
16 -0.570976 -0.569588 0.000735155
17 -0.568746 -0.569539 0.000692333
18 -0.570762 -0.569607 0.000656266
19 -0.569746 -0.569614 0.000620808
20 -0.569979 -0.569632 0.000589233
1 -0.526595 -0.526595 0
2 -0.528954 -0.527775 0.0011796
3 -0.528349 -0.527966 0.000707387
4 -0.533203 -0.529275 0.00140147
5 -0.532632 -0.529947 0.00127644
6 -0.529362 -0.529849 0.00104675
7 -0.530033 -0.529875 0.000885052
8 -0.529797 -0.529866 0.000766541
9 -0.531263 -0.530021 0.000693623
10 -0.532914 -0.53031 0.000684517
11 -0.529248 -0.530214 0.000626646
12 -0.530572 -0.530243 0.000572826
13 -0.532178 -0.530392 0.000547536
14 -0.52915 -0.530304 0.000514633
15 -0.52792 -0.530145 0.000504772
16 -0.525427 -0.52985 0.000556682
17 -0.531522 -0.529948 0.000532083
18 -0.530954 -0.530004 0.000504753
19 -0.53081 -0.530046 0.000479331
20 -0.529916 -0.53004 0.00045478
1 -0.490006 -0.490006 0
2 -0.493575 -0.49179 0.00178436
3 -0.496653 -0.493411 0.00192064
4 -0.494917 -0.493788 0.00140932
5 -0.493655 -0.493761 0.00109198
6 -0.492624 -0.493572 0.000911508
7 -0.494367 -0.493685 0.000778698
8 -0.496417 -0.494027 0.000755903
9 -0.49839 -0.494512 0.000824278
10 -0.495274 -0.494588 0.000741189
11 -0.492257 -0.494376 0.000703124
12 -0.492384 -0.49421 0.00066299
13 -0.493481 -0.494154 0.000612435
14 -0.494729 -0.494195 0.000568489
15 -0.493343 -0.494138 0.00053227
16 -0.494958 -0.494189 0.000500525
17 -0.492596 -0.494096 0.000479419
18 -0.495888 -0.494195 0.000462834
19 -0.496553 -0.494319 0.00045505
20 -0.494641 -0.494335 0.000431997
1 -0.462349 -0.462349 0
2 -0.464389 -0.463369 0.00102004
3 -0.46198 -0.462906 0.000749196
4 -0.464437 -0.463289 0.000653643
5 -0.463187 -0.463268 0.000506716
6 -0.461497 -0.462973 0.00050826
7 -0.463541 -0.463054 0.000437158
8 -0.460452 -0.462729 0.000499161
9 -0.462811 -0.462738 0.000440313
10 -0.462406 -0.462705 0.000395226
11 -0.460271 -0.462484 0.000420426
12 -0.465165 -0.462707 0.000444108
13 -0.463893 -0.462798 0.000418586
14 -0.464094 -0.462891 0.000398436
15 -0.465246 -0.463048 0.00040277
16 -0.460129 -0.462865 0.000418605
17 -0.461122 -0.462763 0.000406373
18 -0.463482 -0.462803 0.000385207
19 -0.462634 -0.462794 0.000364477
20 -0.462772 -0.462793 0.000345775
