1 79.5244 79.5244 0
2 73.4729 76.4986 3.02571
3 85.3637 79.4536 3.43274
4 78.3395 79.1751 2.44324
5 79.371 79.2143 1.89293
6 67.9993 77.3451 2.4254
7 85.4791 78.5071 2.35628
8 79.4646 78.6268 2.0441
9 76.1858 78.3556 1.82302
10 77.516 78.2716 1.63272
11 77.6853 78.2183 1.47781
12 79.045 78.2872 1.35081
13 84.545 78.7686 1.33254
14 85.7133 79.2646 1.32969
15 64.8583 78.3042 1.56676
16 78.9528 78.3447 1.46613
17 82.879 78.6115 1.40278
18 80.6124 78.7226 1.32722
19 79.1382 78.7445 1.25561
20 74.8859 78.5516 1.2067
1 35.1448 35.1448 0
2 27.1324 31.1386 4.00622
3 38.6524 33.6432 3.40923
4 35.6203 34.1375 2.46084
5 34.0577 34.1215 1.90622
6 30.6148 33.5371 1.66254
7 28.2869 32.787 1.59275
8 27.4117 32.1151 1.53431
9 31.7613 32.0758 1.35371
10 26.4393 31.5121 1.33556
11 32.1687 31.5718 1.20953
12 26.403 31.1411 1.18519
13 35.0297 31.4402 1.13051
14 27.6346 31.1684 1.08137
15 33.0288 31.2924 1.01431
16 31.3864 31.2983 0.948819
17 35.7756 31.5617 0.92936
18 28.6179 31.3981 0.891342
19 30.1493 31.3324 0.845683
20 29.9912 31.2653 0.805083
1 15.7309 15.7309 0
2 13.8867 14.8088 0.92211
3 16.0977 15.2384 0.684117
4 15.5048 15.305 0.488304
5 13.8478 15.0136 0.477497
6 15.9215 15.1649 0.418214
7 16.7883 15.3968 0.422746
8 17.3951 15.6466 0.443205
9 13.7741 15.4386 0.442794
10 12.8901 15.1837 0.470957
11 13.6952 15.0484 0.446972
12 14.3948 14.9939 0.411646
13 15.3811 15.0237 0.379829
14 15.1124 15.03 0.35171
15 14.6691 15.006 0.328307
16 14.4672 14.9723 0.308944
17 12.7229 14.84 0.318943
18 17.3 14.9767 0.330304
19 12.5367 14.8482 0.337798
20 15.5042 14.881 0.322137
1 8.25808 8.25808 0
2 9.97487 9.11648 0.858396
3 8.25749 8.83015 0.572362
4 8.76308 8.81338 0.405068
5 8.36601 8.72391 0.326272
6 9.56696 8.86442 0.301184
7 8.04152 8.74686 0.280381
8 7.82194 8.63124 0.268937
9 8.28905 8.59322 0.240208
10 8.31987 8.56589 0.216581
11 8.40253 8.55104 0.196467
12 8.09481 8.51302 0.183334
13 8.63501 8.5224 0.168904
14 9.12952 8.56577 0.162276
15 9.06011 8.59872 0.154624
16 8.69778 8.60491 0.14477
17 9.59676 8.66326 0.147975
18 8.5302 8.65587 0.139708
19 8.1356 8.62848 0.134957
20 9.39566 8.66684 0.133655
1 6.30261 6.30261 0
2 5.80562 6.05412 0.248495
3 5.16421 5.75748 0.329508
4 5.25874 5.6328 0.264261
5 5.4858 5.6034 0.206796
6 5.40087 5.56964 0.172189
7 5.73481 5.59324 0.147427
8 5.77587 5.61607 0.1297
9 6.18116 5.67886 0.130485
10 5.23396 5.63437 0.124902
11 5.45671 5.61821 0.114126
12 5.66237 5.62189 0.104248
13 5.40852 5.60548 0.0972884
14 5.68769 5.61135 0.0902628
15 5.90382 5.63085 0.0862625
16 5.48591 5.62179 0.081198
17 6.06663 5.64796 0.0806361
18 5.68625 5.65009 0.0760542
19 5.60979 5.64797 0.0719713
20 5.52657 5.6419 0.0685473
1 3.97895 3.97895 0
2 3.9888 3.98388 0.0049248
3 3.65132 3.87302 0.11089
4 3.92956 3.88716 0.0796745
5 3.63174 3.83607 0.0801137
6 4.26854 3.90815 0.0973351
7 3.92538 3.91061 0.0823
8 3.92374 3.91225 0.0712928
9 4.18748 3.94284 0.0699168
10 3.96943 3.9455 0.0625921
11 4.13414 3.96264 0.0591569
12 3.94317 3.96102 0.054027
13 3.92207 3.95803 0.0497879
14 3.84496 3.94995 0.0467968
15 3.99766 3.95313 0.0436814
16 4.23549 3.97078 0.0445084
17 3.88357 3.96565 0.0421219
18 3.93276 3.96382 0.0397549
19 3.73301 3.95167 0.0395179
20 4.11807 3.95999 0.038402
1 2.97406 2.97406 0
2 2.99643 2.98524 0.0111857
3 2.89661 2.9557 0.0302414
4 2.89825 2.94134 0.02576
5 2.80074 2.91322 0.0344799
6 2.90986 2.91266 0.0281583
7 3.11564 2.94165 0.0375129
8 2.87847 2.93376 0.0334332
9 2.98498 2.93945 0.0300297
10 3.12789 2.95829 0.0328106
11 2.97325 2.95965 0.0297094
12 3.07548 2.9693 0.0287873
13 3.03383 2.97427 0.0269417
14 2.83185 2.9641 0.0269378
15 3.07309 2.97136 0.0261092
16 2.90953 2.9675 0.0247268
17 3.19192 2.9807 0.0267163
18 2.92815 2.97778 0.025357
19 2.87514 2.97238 0.0245861
20 3.15138 2.98133 0.0249826
1 2.21437 2.21437 0
2 2.2156 2.21498 0.000614194
3 2.38189 2.27062 0.0556364
4 2.37348 2.29633 0.047
5 2.34791 2.30665 0.0378393
6 2.38022 2.31891 0.03324
7 2.35156 2.32358 0.0284775
8 2.38945 2.33181 0.0260004
9 2.40682 2.34014 0.024398
10 2.35017 2.34115 0.0218452
11 2.28699 2.33622 0.0203639
12 2.31013 2.33405 0.0187164
13 2.33565 2.33417 0.017217
14 2.35292 2.33551 0.015996
15 2.5323 2.34863 0.0198462
16 2.31385 2.34646 0.0186912
17 2.2584 2.34128 0.0183055
18 2.34025 2.34122 0.0172587
19 2.34831 2.34159 0.0163293
20 2.33732 2.34138 0.0154928
1 1.88247 1.88247 0
2 1.97057 1.92652 0.0440494
3 1.91381 1.92228 0.0257823
4 1.78977 1.88916 0.0378136
5 1.88742 1.88881 0.0292924
6 1.82949 1.87892 0.0258798
7 1.87362 1.87816 0.0218855
8 1.78188 1.86613 0.0224517
9 1.87246 1.86683 0.0198131
10 1.87143 1.86729 0.0177273
11 1.94849 1.87467 0.0176524
12 1.86881 1.87419 0.0161217
13 1.86102 1.87317 0.0148644
14 1.95226 1.87882 0.0148761
15 1.90239 1.88039 0.0139377
16 1.95483 1.88505 0.0138428
17 1.98475 1.89091 0.0142645
18 1.9048 1.89168 0.0134708
19 1.91201 1.89275 0.012787
20 1.90667 1.89345 0.0121507
1 1.57888 1.57888 0
2 1.57436 1.57662 0.00225946
3 1.56677 1.57334 0.00353391
4 1.54184 1.56546 0.00826157
5 1.5711 1.56659 0.006498
6 1.58563 1.56976 0.00618189
7 1.56959 1.56974 0.00522471
8 1.55199 1.56752 0.00503945
9 1.58029 1.56894 0.00466542
10 1.63109 1.57515 0.0074863
11 1.58997 1.5765 0.00690432
12 1.5493 1.57423 0.00669803
13 1.60068 1.57627 0.00648844
14 1.53726 1.57348 0.00662188
15 1.56196 1.57271 0.00621231
16 1.55831 1.57181 0.0058804
17 1.61892 1.57458 0.00617985
18 1.60976 1.57654 0.00614542
19 1.60593 1.57809 0.00601528
20 1.55672 1.57702 0.0058057
1 1.39131 1.39131 0
2 1.36457 1.37794 0.013368
3 1.38378 1.37989 0.00795973
4 1.3465 1.37154 0.0100662
5 1.38612 1.37446 0.00832433
6 1.30143 1.36228 0.0139405
7 1.40842 1.36888 0.0135003
8 1.36536 1.36844 0.0116999
9 1.37181 1.36881 0.0103251
10 1.38166 1.3701 0.00932399
11 1.35424 1.36865 0.0085561
12 1.37126 1.36887 0.00781363
13 1.38412 1.37004 0.00728257
14 1.3688 1.36996 0.00674294
15 1.37313 1.37017 0.00628091
16 1.32401 1.36728 0.00654523
17 1.38275 1.36819 0.00621512
18 1.33722 1.36647 0.00610702
19 1.30872 1.36343 0.00652764
20 1.38577 1.36455 0.00629256
