1 0.206162 0.206162 0
2 0.242094 0.224128 0.0179661
3 0.148992 0.199083 0.0271083
4 0.19476 0.198002 0.0191989
5 0.189676 0.196337 0.0149644
6 0.286607 0.211382 0.0193815
7 0.143329 0.20166 0.0190481
8 0.201713 0.201667 0.0164961
9 0.212879 0.202912 0.0146015
10 0.221891 0.20481 0.0131971
11 0.206802 0.204991 0.0119386
12 0.220636 0.206295 0.0109761
13 0.155894 0.202418 0.0108154
14 0.152279 0.198837 0.0106343
15 0.30231 0.205735 0.0120663
16 0.196874 0.205181 0.0113006
17 0.172733 0.203272 0.0107853
18 0.184678 0.202239 0.0102208
19 0.190106 0.201601 0.00968896
20 0.23489 0.203265 0.00934124
1 0.35837 0.35837 0
2 0.435358 0.396864 0.0384939
3 0.355764 0.383164 0.0261077
4 0.358015 0.376877 0.0195022
5 0.384863 0.378474 0.0151905
6 0.398439 0.381802 0.0128416
7 0.417056 0.386838 0.0119647
8 0.42772 0.391948 0.0115534
9 0.379986 0.390619 0.0102755
10 0.429662 0.394523 0.00998558
11 0.374975 0.392746 0.00920546
12 0.414017 0.394519 0.00858832
13 0.364117 0.39218 0.00823897
14 0.420858 0.394229 0.00789807
15 0.374751 0.39293 0.00746648
16 0.384118 0.392379 0.00700593
17 0.381973 0.391767 0.00660934
18 0.415056 0.393061 0.00636425
19 0.389765 0.392888 0.00602247
20 0.406713 0.393579 0.00575509
1 0.42055 0.42055 0
2 0.451906 0.436228 0.015678
3 0.428644 0.4337 0.00939809
4 0.424512 0.431403 0.00703123
5 0.449446 0.435012 0.00653337
6 0.429622 0.434113 0.00540957
7 0.417448 0.431733 0.00515466
8 0.423474 0.4307 0.00458188
9 0.41713 0.429192 0.00431298
10 0.436362 0.429909 0.00392371
11 0.43528 0.430398 0.00358255
12 0.430254 0.430386 0.00327043
13 0.423522 0.429858 0.00305434
14 0.423362 0.429394 0.00286558
15 0.429434 0.429396 0.00266771
16 0.43632 0.429829 0.00253265
17 0.432288 0.429974 0.00238341
18 0.418622 0.429343 0.00233392
19 0.431822 0.429474 0.00221152
20 0.432974 0.429649 0.00210532
1 0.423895 0.423895 0
2 0.414168 0.419032 0.00486329
3 0.420046 0.41937 0.0028281
4 0.419457 0.419391 0.00199989
5 0.423659 0.420245 0.00176871
6 0.416487 0.419619 0.00157411
7 0.423942 0.420236 0.00146672
8 0.423957 0.420701 0.00135269
9 0.424434 0.421116 0.00126299
10 0.422891 0.421294 0.00114351
11 0.420268 0.4212 0.00103853
12 0.421921 0.42126 0.000949945
13 0.424108 0.421479 0.000900851
14 0.417701 0.42121 0.000876601
15 0.420716 0.421177 0.000816733
16 0.415765 0.420838 0.0008355
17 0.409641 0.42018 0.00102459
18 0.423028 0.420338 0.000978866
19 0.424235 0.420543 0.000948362
20 0.417351 0.420384 0.000913744
1 0.38167 0.38167 0
2 0.386472 0.384071 0.00240132
3 0.390483 0.386208 0.00254751
4 0.38714 0.386441 0.00181635
5 0.387237 0.3866 0.00141592
6 0.394882 0.387981 0.00180051
7 0.392014 0.388557 0.00162716
8 0.392093 0.388999 0.00147685
9 0.387532 0.388836 0.00131261
10 0.391273 0.389079 0.00119906
11 0.386287 0.388826 0.00111391
12 0.391022 0.389009 0.00103319
13 0.395087 0.389476 0.0010592
14 0.383592 0.389056 0.00106691
15 0.385463 0.388816 0.00102172
16 0.391364 0.388976 0.000968897
17 0.38631 0.388819 0.000923526
18 0.38755 0.388748 0.000873556
19 0.386186 0.388613 0.000837238
20 0.388186 0.388592 0.000794562
1 0.351242 0.351242 0
2 0.350633 0.350937 0.000304333
3 0.350044 0.35064 0.000345753
4 0.351511 0.350857 0.000327364
5 0.348078 0.350302 0.000610974
6 0.349267 0.350129 0.000527831
7 0.352613 0.350484 0.000570032
8 0.349749 0.350392 0.000502132
9 0.347685 0.350091 0.000535341
10 0.351478 0.35023 0.000498492
11 0.354141 0.350586 0.000574219
12 0.351329 0.350647 0.000527834
13 0.351195 0.35069 0.000487361
14 0.349505 0.350605 0.000459072
15 0.35258 0.350737 0.000447188
16 0.348391 0.35059 0.000443251
17 0.353669 0.350771 0.000454052
18 0.350249 0.350742 0.000429066
19 0.35367 0.350896 0.000434125
20 0.351147 0.350909 0.000412037
1 0.313462 0.313462 0
2 0.312743 0.313102 0.000359184
3 0.312344 0.312849 0.000327092
4 0.312997 0.312886 0.000234197
5 0.313213 0.312952 0.000192805
6 0.313153 0.312985 0.000160977
7 0.31247 0.312911 0.000154709
8 0.312904 0.312911 0.000133985
9 0.313976 0.313029 0.000167272
10 0.309464 0.312673 0.000386607
11 0.31118 0.312537 0.000375108
12 0.310924 0.312402 0.000367844
13 0.310269 0.312238 0.000376052
14 0.314652 0.312411 0.000388507
15 0.312131 0.312392 0.00036216
16 0.314098 0.312499 0.000355156
17 0.311787 0.312457 0.000336227
18 0.312244 0.312445 0.00031722
19 0.311295 0.312385 0.0003061
20 0.30976 0.312253 0.000318666
1 0.277469 0.277469 0
2 0.276545 0.277007 0.000461919
3 0.27541 0.276475 0.000595322
4 0.276768 0.276548 0.000427283
5 0.277048 0.276648 0.000345781
6 0.27583 0.276512 0.000313524
7 0.277382 0.276636 0.000292694
8 0.275644 0.276512 0.000282183
9 0.277716 0.276646 0.00028254
10 0.27502 0.276483 0.000300511
11 0.276166 0.276454 0.000273351
12 0.275914 0.276409 0.00025357
13 0.274867 0.276291 0.000261677
14 0.277205 0.276356 0.000250907
15 0.275066 0.27627 0.000248909
16 0.275678 0.276233 0.000235758
17 0.276737 0.276263 0.000223435
18 0.276104 0.276254 0.000210841
19 0.276223 0.276252 0.000199442
20 0.275618 0.27622 0.000191842
1 0.24444 0.24444 0
2 0.244107 0.244273 0.000166754
3 0.244601 0.244383 0.000145673
4 0.244701 0.244462 0.000130164
5 0.243443 0.244258 0.000227399
6 0.244268 0.24426 0.000185677
7 0.24395 0.244216 0.000163045
8 0.244693 0.244275 0.000153308
9 0.243928 0.244237 0.000140606
10 0.244034 0.244217 0.000127388
11 0.244613 0.244253 0.000120727
12 0.244976 0.244313 0.000125619
13 0.242863 0.244201 0.000160601
14 0.243602 0.244159 0.000154734
15 0.244496 0.244181 0.0001458
16 0.245648 0.244273 0.000164318
17 0.244024 0.244258 0.000155043
18 0.244353 0.244263 0.000146271
19 0.244072 0.244253 0.000138726
20 0.245182 0.2443 0.000139559
1 0.21742 0.21742 0
2 0.217428 0.217424 4.11395e-06
3 0.216659 0.217169 0.000254951
4 0.217303 0.217203 0.00018337
5 0.217081 0.217179 0.000144103
6 0.217365 0.21721 0.000121702
7 0.216999 0.21718 0.000107152
8 0.215959 0.217027 0.000178626
9 0.216047 0.216918 0.000191513
10 0.216552 0.216881 0.000175168
11 0.21758 0.216945 0.000170693
12 0.21663 0.216919 0.000158017
13 0.217049 0.216929 0.000145698
14 0.217275 0.216953 0.000137135
15 0.217768 0.217008 0.000138726
16 0.216546 0.216979 0.000132939
17 0.217356 0.217001 0.000126828
18 0.216389 0.216967 0.000124308
19 0.215895 0.216911 0.000130412
20 0.216165 0.216873 0.000129219
1 0.192714 0.192714 0
2 0.192509 0.192612 0.0001024
3 0.19303 0.192751 0.000151431
4 0.19235 0.192651 0.000146657
5 0.192334 0.192588 0.000130122
6 0.192994 0.192655 0.000125964
7 0.192689 0.19266 0.00010657
8 0.192464 0.192636 9.54822e-05
9 0.192942 0.19267 9.08174e-05
10 0.193056 0.192708 8.99493e-05
11 0.193142 0.192748 9.04156e-05
12 0.192728 0.192746 8.25536e-05
13 0.192585 0.192734 7.69473e-05
14 0.193028 0.192755 7.42797e-05
15 0.191817 0.192692 9.32357e-05
16 0.19328 0.192729 9.46284e-05
17 0.192919 0.19274 8.95912e-05
18 0.192465 0.192725 8.58394e-05
19 0.192433 0.192709 8.26361e-05
20 0.192428 0.192695 7.965e-05
