1 -0.972872 -0.972872 0
2 -0.968368 -0.97062 0.002252
3 -0.980512 -0.973917 0.00354442
4 -0.97456 -0.974078 0.00251143
5 -0.975232 -0.974309 0.00195899
6 -0.962424 -0.972328 0.00254597
7 -0.981224 -0.973599 0.00249901
8 -0.973664 -0.973607 0.00216422
9 -0.972152 -0.973445 0.0019155
10 -0.970936 -0.973194 0.00173156
11 -0.972928 -0.97317 0.00156644
12 -0.971 -0.972989 0.00144135
13 -0.97964 -0.973501 0.00142112
14 -0.98004 -0.973968 0.00139615
15 -0.96052 -0.973071 0.00157896
16 -0.974176 -0.973141 0.00147859
17 -0.97736 -0.973389 0.0014109
18 -0.975816 -0.973524 0.00133703
19 -0.975104 -0.973607 0.00126743
20 -0.969296 -0.973391 0.00122156
1 -0.91944 -0.91944 0
2 -0.901432 -0.910436 0.009004
3 -0.91976 -0.913544 0.0060567
4 -0.919336 -0.914992 0.0045209
5 -0.913016 -0.914597 0.0035241
6 -0.910032 -0.913836 0.0029763
7 -0.905688 -0.912672 0.00277169
8 -0.903072 -0.911472 0.0026836
9 -0.914424 -0.9118 0.00238933
10 -0.902648 -0.910885 0.00232481
11 -0.915456 -0.9113 0.00214354
12 -0.90668 -0.910915 0.00199429
13 -0.918104 -0.911468 0.00191601
14 -0.904816 -0.910993 0.00183642
15 -0.915392 -0.911286 0.00173458
16 -0.913224 -0.911407 0.00162707
17 -0.913672 -0.911541 0.00153416
18 -0.906128 -0.91124 0.00147735
19 -0.912048 -0.911283 0.00139808
20 -0.908104 -0.911124 0.00133582
1 -0.851536 -0.851536 0
2 -0.839808 -0.845672 0.005864
3 -0.84852 -0.846621 0.00351616
4 -0.850168 -0.847508 0.00263967
5 -0.840632 -0.846133 0.00246412
6 -0.848152 -0.846469 0.0020399
7 -0.852928 -0.847392 0.0019554
8 -0.850576 -0.84779 0.00173957
9 -0.853008 -0.84837 0.00164005
10 -0.845624 -0.848095 0.00149238
11 -0.846112 -0.847915 0.0013619
12 -0.848144 -0.847934 0.00124338
13 -0.850632 -0.848142 0.00116242
14 -0.850504 -0.84831 0.00108935
15 -0.848184 -0.848302 0.00101416
16 -0.845768 -0.848143 0.000961788
17 -0.847416 -0.848101 0.000904455
18 -0.852272 -0.848332 0.000883657
19 -0.847592 -0.848293 0.000836763
20 -0.84696 -0.848227 0.000796619
1 -0.780816 -0.780816 0
2 -0.786192 -0.783504 0.002688
3 -0.783008 -0.783339 0.0015607
4 -0.783504 -0.78338 0.00110436
5 -0.780872 -0.782878 0.000991646
6 -0.785128 -0.783253 0.000892272
7 -0.780768 -0.782898 0.000833509
8 -0.780672 -0.78262 0.000773625
9 -0.780528 -0.782388 0.000720782
10 -0.781288 -0.782278 0.000653997
11 -0.783184 -0.78236 0.000597274
12 -0.781872 -0.782319 0.000546748
13 -0.780528 -0.782182 0.00052147
14 -0.7846 -0.782354 0.000512763
15 -0.78264 -0.782373 0.000477736
16 -0.7854 -0.782563 0.00048527
17 -0.789032 -0.782943 0.000593808
18 -0.781504 -0.782863 0.000565527
19 -0.780712 -0.78275 0.000546784
20 -0.784512 -0.782838 0.000526154
1 -0.726896 -0.726896 0
2 -0.722816 -0.724856 0.00204
3 -0.719656 -0.723123 0.00209563
4 -0.722664 -0.723008 0.00148626
5 -0.72232 -0.72287 0.00115945
6 -0.716176 -0.721755 0.00146324
7 -0.718344 -0.721267 0.00132919
8 -0.718024 -0.720862 0.00122042
9 -0.722312 -0.721023 0.0010883
10 -0.71896 -0.720817 0.000995029
11 -0.723384 -0.72105 0.000929804
12 -0.719368 -0.72091 0.000860289
13 -0.715688 -0.720508 0.000887464
14 -0.725568 -0.72087 0.000897605
15 -0.723992 -0.721078 0.00086116
16 -0.719072 -0.720952 0.000815238
17 -0.72324 -0.721087 0.000777515
18 -0.721952 -0.721135 0.000734621
19 -0.723488 -0.721259 0.00070583
20 -0.721784 -0.721285 0.000670124
1 -0.663272 -0.663272 0
2 -0.664024 -0.663648 0.000376
3 -0.664872 -0.664056 0.000462157
4 -0.663 -0.663792 0.000420108
5 -0.667088 -0.664451 0.000735146
6 -0.665184 -0.664573 0.000612543
7 -0.661776 -0.664174 0.000653989
8 -0.665232 -0.664306 0.000581615
9 -0.667608 -0.664673 0.000630643
10 -0.663216 -0.664527 0.000582575
11 -0.659944 -0.664111 0.000671779
12 -0.663064 -0.664023 0.000619418
13 -0.663568 -0.663988 0.000570857
14 -0.66508 -0.664066 0.000534233
15 -0.661632 -0.663904 0.000523151
16 -0.666856 -0.664089 0.000522988
17 -0.66028 -0.663864 0.000539933
18 -0.664424 -0.663896 0.000510002
19 -0.660688 -0.663727 0.000511099
20 -0.663536 -0.663717 0.000484965
1 -0.611264 -0.611264 0
2 -0.612136 -0.6117 0.000436
3 -0.612944 -0.612115 0.000485092
4 -0.61168 -0.612006 0.000359813
5 -0.611272 -0.611859 0.000315007
6 -0.611336 -0.611772 0.000271582
7 -0.61248 -0.611873 0.000250825
8 -0.611456 -0.611821 0.000223392
9 -0.610024 -0.611621 0.000280501
10 -0.617144 -0.612174 0.000606583
11 -0.614592 -0.612393 0.000591084
12 -0.614744 -0.612589 0.000574037
13 -0.615688 -0.612828 0.000579343
14 -0.608552 -0.612522 0.000617222
15 -0.613288 -0.612573 0.000576866
16 -0.610096 -0.612418 0.000561383
17 -0.613288 -0.61247 0.000529802
18 -0.612736 -0.612484 0.000499721
19 -0.614176 -0.612573 0.000481
20 -0.616528 -0.612771 0.000497314
1 -0.56544 -0.56544 0
2 -0.566952 -0.566196 0.000756
3 -0.570184 -0.567525 0.00139916
4 -0.56708 -0.567414 0.000995598
5 -0.566888 -0.567309 0.000778329
6 -0.568824 -0.567561 0.00068384
7 -0.56592 -0.567327 0.000623703
8 -0.569408 -0.567587 0.000599524
9 -0.565104 -0.567311 0.000596381
10 -0.570864 -0.567666 0.000640911
11 -0.568424 -0.567735 0.000583802
12 -0.56856 -0.567804 0.000537349
13 -0.570976 -0.568048 0.000551233
14 -0.56584 -0.56789 0.000534157
15 -0.570504 -0.568065 0.000526918
16 -0.56924 -0.568138 0.000498332
17 -0.56752 -0.568102 0.000469511
18 -0.568424 -0.56812 0.000443021
19 -0.567912 -0.568109 0.000419198
20 -0.56936 -0.568171 0.000402578
1 -0.528488 -0.528488 0
2 -0.529032 -0.52876 0.000272
3 -0.528032 -0.528517 0.000289047
4 -0.527792 -0.528336 0.000273233
5 -0.53136 -0.528941 0.000640763
6 -0.529096 -0.528967 0.000523819
7 -0.529552 -0.52905 0.000450536
8 -0.52768 -0.528879 0.000426117
9 -0.529752 -0.528976 0.000388117
10 -0.529256 -0.529004 0.00034827
11 -0.527888 -0.528903 0.000330956
12 -0.526736 -0.528722 0.000351956
13 -0.532448 -0.529009 0.000432393
14 -0.530912 -0.529145 0.000422775
15 -0.528288 -0.529087 0.000397703
16 -0.525024 -0.528833 0.00045044
17 -0.529464 -0.528871 0.000424737
18 -0.528584 -0.528855 0.000400762
19 -0.529288 -0.528877 0.000379769
20 -0.526552 -0.528761 0.000378578
1 -0.489984 -0.489984 0
2 -0.491224 -0.490604 0.00062
3 -0.493344 -0.491517 0.000980975
4 -0.490784 -0.491334 0.000717472
5 -0.491864 -0.49144 0.00056577
6 -0.49116 -0.491393 0.000464301
7 -0.49224 -0.491514 0.000410624
8 -0.495376 -0.491997 0.00059956
9 -0.495632 -0.492401 0.000665369
10 -0.494168 -0.492578 0.000620805
11 -0.490392 -0.492379 0.000595655
12 -0.493648 -0.492485 0.000553945
13 -0.49188 -0.492438 0.000511674
14 -0.49108 -0.492341 0.000483549
15 -0.489696 -0.492165 0.000483467
16 -0.4938 -0.492267 0.000463646
17 -0.491392 -0.492216 0.000438551
18 -0.494784 -0.492358 0.0004374
19 -0.496304 -0.492566 0.000462934
20 -0.49508 -0.492692 0.000456813
1 -0.462104 -0.462104 0
2 -0.463288 -0.462696 0.000592
3 -0.460816 -0.462069 0.000713815
4 -0.463568 -0.462444 0.000628603
5 -0.463416 -0.462638 0.000524286
6 -0.460688 -0.462313 0.000537512
7 -0.461744 -0.462232 0.000461504
8 -0.463176 -0.46235 0.000416729
9 -0.460744 -0.462172 0.000408551
10 -0.460472 -0.462002 0.000403009
11 -0.459864 -0.461807 0.000413097
12 -0.462256 -0.461845 0.000378954
13 -0.462832 -0.461921 0.000356764
14 -0.460984 -0.461854 0.000337007
15 -0.465576 -0.462102 0.000400013
16 -0.459224 -0.461922 0.000415164
17 -0.461112 -0.461874 0.000392878
18 -0.462744 -0.461923 0.000373547
19 -0.463424 -0.462002 0.000362067
20 -0.463352 -0.462069 0.00035006
