1 91.2476 91.2476 0
2 85.0437 88.1457 3.10194
3 92.275 89.5221 2.25874
4 93.6865 90.5632 1.90653
5 96.995 91.8496 1.95848
6 84.29 90.5896 2.0358
7 86.7459 90.0405 1.80606
8 89.6068 89.9863 1.56504
9 91.3674 90.1398 1.38874
10 89.3572 90.0615 1.24459
11 94.2973 90.4466 1.18981
12 80.9391 89.6543 1.34441
13 86.8711 89.4402 1.25507
14 91.7873 89.6078 1.174
15 85.4986 89.3339 1.12674
16 88.775 89.299 1.05455
17 83.4842 88.9569 1.04797
18 89.6754 88.9968 0.988842
19 94.8711 89.306 0.985124
20 91.9528 89.4383 0.943894
1 46.9114 46.9114 0
2 40.8225 43.8669 3.04445
3 42.9538 43.5626 1.78387
4 43.3946 43.5206 1.26209
5 44.7197 43.7604 1.0066
6 41.5884 43.3984 0.898074
7 39.0375 42.7754 0.981941
8 39.6566 42.3856 0.935491
9 44.9482 42.6703 0.872779
10 35.2831 41.9316 1.07476
11 43.1578 42.0431 0.978526
12 43.9168 42.1992 0.906813
13 43.7627 42.3195 0.842772
14 41.5943 42.2677 0.781972
15 39.2781 42.0684 0.754767
16 37.54 41.7853 0.760635
17 42.4551 41.8247 0.715578
18 38.3948 41.6342 0.701046
19 41.8527 41.6457 0.663223
20 43.2447 41.7256 0.634248
1 19.2195 19.2195 0
2 17.9277 18.5736 0.64591
3 18.8043 18.6505 0.380765
4 16.1647 18.029 0.677276
5 14.6796 17.3592 0.850862
6 16.4829 17.2131 0.709911
7 17.8302 17.3013 0.606426
8 18.3739 17.4353 0.542024
9 17.9485 17.4924 0.481409
10 19.4689 17.69 0.473783
11 20.799 17.9727 0.513363
12 17.6996 17.9499 0.469186
13 21.62 18.2322 0.515724
14 18.4553 18.2482 0.477734
15 18.2018 18.2451 0.444756
16 19.0026 18.2924 0.418717
17 16.676 18.1973 0.404646
18 20.4173 18.3207 0.400944
19 18.3704 18.3233 0.379264
20 19.2093 18.3676 0.362518
1 10.8303 10.8303 0
2 9.63566 10.233 0.597314
3 9.43539 9.96711 0.435444
4 9.46785 9.8423 0.332242
5 8.37135 9.54811 0.390868
6 10.7655 9.75101 0.378181
7 10.0774 9.79764 0.323005
8 9.0171 9.70007 0.296258
9 10.221 9.75796 0.26761
10 10.0771 9.78988 0.241476
11 10.3904 9.84446 0.225142
12 9.6147 9.82532 0.206415
13 9.85816 9.82784 0.189891
14 9.63171 9.81383 0.176363
15 9.64341 9.80247 0.164577
16 9.41793 9.77844 0.155813
17 9.49888 9.76199 0.147281
18 10.5159 9.80388 0.145037
19 8.72752 9.74723 0.148428
20 8.31032 9.67538 0.158081
1 7.06196 7.06196 0
2 5.93551 6.49874 0.563225
3 6.27936 6.42561 0.333299
4 6.6846 6.49036 0.24441
5 6.10792 6.41387 0.204187
6 6.12416 6.36559 0.173569
7 6.09537 6.32698 0.151687
8 6.02793 6.2896 0.13658
9 6.12767 6.27161 0.121789
10 5.95498 6.23995 0.113439
11 5.82777 6.20248 0.109238
12 6.16269 6.19916 0.0997749
13 5.74447 6.16418 0.0982184
14 6.25727 6.17083 0.0911753
15 5.96508 6.15712 0.0859807
16 5.65657 6.12583 0.0862976
17 6.00249 6.11858 0.0813866
18 6.1722 6.12156 0.0767898
19 6.95367 6.16535 0.0848176
20 5.49427 6.1318 0.0871809
1 4.01123 4.01123 0
2 4.27514 4.14319 0.131955
3 4.11745 4.13461 0.0766658
4 4.2217 4.15638 0.0584194
5 4.49255 4.22361 0.0810438
6 4.13027 4.20806 0.0679764
7 4.06826 4.18809 0.0608226
8 4.14975 4.18329 0.0528914
9 4.0827 4.17212 0.0479662
10 4.18975 4.17388 0.0429385
11 4.07098 4.16453 0.0399501
12 4.00714 4.15141 0.0387561
13 4.25142 4.1591 0.0364711
14 4.00699 4.14824 0.0354708
15 4.15802 4.14889 0.0330279
16 4.10767 4.14631 0.031002
17 3.76084 4.12364 0.0369079
18 4.11553 4.12319 0.0348
19 3.98452 4.11589 0.0337168
20 4.12591 4.11639 0.0319905
1 3.08088 3.08088 0
2 3.29643 3.18866 0.107777
3 3.10508 3.1608 0.068177
4 3.20399 3.1716 0.0494028
5 2.97677 3.13263 0.0546144
6 2.86038 3.08726 0.0636186
7 3.2205 3.10629 0.0570374
8 2.9671 3.08889 0.0523706
9 2.97881 3.07666 0.0477787
10 3.18253 3.08725 0.0440265
11 3.13845 3.0919 0.0400946
12 3.12419 3.09459 0.0367
13 3.01335 3.08834 0.0343326
14 3.12227 3.09077 0.031878
15 3.02882 3.08664 0.0299628
16 3.04022 3.08374 0.0281773
17 3.10429 3.08494 0.0264956
18 3.11622 3.08668 0.0250407
19 2.88371 3.076 0.0259836
20 3.07213 3.07581 0.024651
1 2.2693 2.2693 0
2 2.45178 2.36054 0.0912413
3 2.31933 2.3468 0.0544391
4 2.47445 2.37871 0.0500012
5 2.34336 2.37164 0.0393709
6 2.34522 2.36724 0.0324464
7 2.27593 2.3542 0.0303667
8 2.43354 2.36411 0.0281066
9 2.35992 2.36365 0.024792
10 2.37284 2.36457 0.0221937
11 2.33869 2.36221 0.0202123
12 2.48753 2.37266 0.0212015
13 2.4739 2.38045 0.0210001
14 2.31275 2.37561 0.0200345
15 2.55347 2.38747 0.022101
16 2.60738 2.40121 0.0248254
17 2.36085 2.39884 0.02344
18 2.32061 2.39449 0.0225227
19 2.37479 2.39345 0.0213295
20 2.43405 2.39548 0.0203365
1 1.99236 1.99236 0
2 2.02881 2.01058 0.0182259
3 1.95069 1.99062 0.0225687
4 1.80012 1.94299 0.0502266
5 1.93004 1.9404 0.0389916
6 1.94236 1.94073 0.0318381
7 1.95687 1.94303 0.0270068
8 1.96064 1.94524 0.0234919
9 1.99621 1.9509 0.021478
10 2.04886 1.9607 0.0215641
11 2.02077 1.96616 0.0202557
12 1.98253 1.96752 0.0185411
13 2.03525 1.97273 0.0178333
14 1.91482 1.96859 0.0170207
15 1.83677 1.95981 0.0181193
16 2.05326 1.96565 0.0179272
17 1.88831 1.9611 0.0174433
18 1.96315 1.96121 0.0164461
19 1.89519 1.95774 0.0159399
20 2.04325 1.96201 0.0157147
1 1.58672 1.58672 0
2 1.56707 1.5769 0.00982703
3 1.61952 1.59111 0.0152999
4 1.66063 1.60849 0.0204723
5 1.6345 1.61369 0.0166896
6 1.63581 1.61738 0.0141167
7 1.55714 1.60877 0.0147101
8 1.69322 1.61933 0.0165449
9 1.64002 1.62163 0.0147713
10 1.65636 1.6251 0.0136608
11 1.61041 1.62377 0.0124286
12 1.60525 1.62222 0.0114502
13 1.5359 1.61558 0.012451
14 1.65655 1.61851 0.011893
15 1.59893 1.6172 0.0111484
16 1.63497 1.61831 0.0104873
17 1.58514 1.61636 0.0100426
18 1.62672 1.61694 0.00948572
19 1.60133 1.61612 0.00901011
20 1.60979 1.6158 0.00855359
1 1.3853 1.3853 0
2 1.44222 1.41376 0.028458
3 1.32126 1.38293 0.0349372
4 1.37749 1.38157 0.0247416
5 1.373 1.37985 0.0192412
6 1.37795 1.37954 0.0157136
7 1.35222 1.37563 0.0138419
8 1.29415 1.36545 0.0157302
9 1.3802 1.36709 0.0139692
10 1.39917 1.3703 0.0128997
11 1.32618 1.36629 0.0123382
12 1.3794 1.36738 0.0113161
13 1.43426 1.37252 0.0116113
14 1.38634 1.37351 0.0107952
15 1.40166 1.37539 0.0102235
16 1.36606 1.3748 0.00958096
17 1.35878 1.37386 0.00904897
18 1.42487 1.3767 0.00898974
19 1.33092 1.37429 0.00883815
20 1.36421 1.37378 0.00839972
