0 9 23 11 2 35 3 10 46 22 12 26 32 47 15 49 48 38 33 13 16 6 18 30 7 31 24 17 41 25 4 27 5 45 34 42 37 21 44 14 39 20 36 40 1 43 8 19 29 28 23467.2 30580.7
0 9 23 11 2 35 3 10 46 22 12 26 32 47 15 49 48 38 33 13 16 6 18 7 31 24 17 30 41 25 4 27 5 45 34 42 37 21 44 14 39 20 36 40 1 43 8 19 29 28 21767.6 26514.9
0 9 23 3 35 2 11 10 46 22 12 26 32 47 15 49 48 38 33 13 16 6 18 7 31 24 17 30 41 25 4 27 5 45 34 42 37 21 44 14 39 20 36 40 1 43 8 19 29 28 18726.3 24009
0 9 23 3 35 2 11 10 46 22 12 26 32 47 41 30 17 24 31 7 18 6 16 13 33 38 48 49 15 25 4 27 5 45 34 42 37 21 44 14 39 20 36 40 1 43 8 19 29 28 18137.9 21460.6
0 9 23 3 35 2 11 10 46 22 12 26 32 47 17 24 31 7 18 6 16 13 33 38 48 49 15 25 4 27 5 45 34 42 37 21 44 14 39 20 41 30 36 40 1 43 8 19 29 28 15971.4 19735.6
0 9 23 3 35 2 11 10 46 22 12 26 32 47 17 24 31 7 18 6 16 13 33 29 19 8 43 1 40 36 30 41 20 39 14 44 21 37 42 34 45 5 27 4 25 15 49 48 38 28 15954.7 18643.8
0 9 23 3 35 2 11 10 46 22 12 34 45 5 27 4 25 15 26 32 47 17 14 44 21 37 42 49 48 38 33 13 16 6 18 7 31 24 39 20 41 30 36 40 1 43 8 19 29 28 15730.5 17850.8
0 9 23 3 35 2 11 10 46 22 12 26 32 47 17 24 31 7 18 6 16 13 33 38 48 49 15 25 4 27 5 30 43 1 40 36 21 44 39 14 20 37 41 45 42 34 8 19 29 28 15102.2 16772.9
0 9 23 3 35 2 11 10 46 22 12 26 32 47 17 24 25 4 27 5 30 43 1 40 36 49 15 31 7 18 6 16 13 33 38 48 21 44 39 14 20 37 41 45 42 34 8 19 29 28 13988.6 16033.4
0 9 23 3 35 2 11 10 46 22 12 26 32 30 43 1 40 36 49 15 31 7 18 6 16 13 33 38 48 21 44 39 14 20 37 41 45 42 34 8 19 29 28 47 17 24 25 4 27 5 13875.7 15480.7
0 9 23 3 35 2 11 10 46 22 12 26 32 47 17 24 25 4 27 30 5 40 1 43 36 49 15 31 7 18 6 16 13 33 38 48 21 44 39 14 20 37 41 45 42 34 8 19 29 28 13581.2 15124.1
0 9 23 3 35 2 11 10 46 22 12 24 17 47 28 29 19 8 34 42 45 41 37 20 14 39 44 21 48 38 33 13 16 6 18 7 31 15 49 36 43 1 40 30 32 26 25 4 27 5 13314.9 14630.8
0 9 23 3 35 2 11 10 46 22 12 34 45 47 17 42 37 24 41 8 19 29 28 20 14 39 44 21 48 38 33 13 16 6 18 7 31 15 49 36 43 1 40 30 32 26 25 4 27 5 12992.4 14275.4
0 9 23 3 35 2 11 10 46 22 12 34 45 47 17 42 24 8 19 29 28 33 13 16 6 18 7 31 38 48 21 44 39 14 20 37 41 15 49 36 43 1 40 30 32 26 25 4 27 5 12402 13653.5
0 9 23 3 35 2 11 10 46 22 12 34 45 47 17 42 24 8 19 29 28 33 13 16 6 18 7 31 38 48 21 44 39 14 20 37 41 15 49 26 32 30 40 1 43 36 25 4 27 5 11978 13435.5
0 9 23 3 35 2 11 10 46 22 12 34 45 47 17 42 24 8 19 29 28 33 13 16 6 18 7 31 38 48 21 44 39 14 20 37 41 15 49 26 32 30 40 43 36 25 1 4 27 5 10995.4 12875.5
0 9 23 3 35 2 11 10 46 22 12 34 45 47 17 42 24 8 39 19 29 28 44 21 48 38 7 18 6 33 13 16 31 14 20 37 41 15 49 26 32 30 40 43 36 25 1 4 27 5 10592 12321.7
0 9 23 3 35 2 11 10 46 22 12 34 45 47 41 37 20 14 31 16 13 33 6 18 7 38 48 21 44 28 29 19 39 8 24 42 17 15 49 26 32 30 40 43 36 25 1 4 27 5 10476.2 11777.7
0 9 23 3 35 2 11 10 46 22 12 34 45 47 41 37 20 14 31 16 13 33 6 18 7 38 48 21 44 28 29 19 39 8 24 42 17 15 49 26 32 40 30 43 36 25 1 4 27 5 10247 11079.5
0 9 23 3 35 2 11 10 46 22 12 34 45 47 20 37 41 14 31 16 13 33 6 18 7 38 48 21 44 28 29 19 39 8 24 42 17 15 49 26 32 40 30 43 36 25 1 4 27 5 9910.31 10753.5
0 9 23 3 35 2 11 10 46 22 12 34 45 19 29 28 44 47 8 39 21 48 38 7 18 6 33 20 37 41 13 16 31 14 24 42 17 15 49 26 32 40 30 43 36 25 1 4 27 5 9516.58 10570.2
0 9 23 3 35 2 11 10 46 22 12 41 37 20 33 6 18 7 38 48 21 39 8 47 44 28 29 19 45 34 13 16 31 14 24 42 17 15 49 26 32 40 30 43 36 25 1 4 27 5 9490.37 10500.6
0 9 23 3 35 2 11 22 12 41 37 20 33 6 18 7 38 48 21 39 8 47 44 28 29 19 45 34 13 16 31 14 24 42 17 15 49 26 32 40 30 43 36 25 1 4 27 10 46 5 8825.36 10072.1
0 9 23 3 35 2 11 49 15 17 42 24 14 31 16 13 34 45 19 29 28 44 47 8 39 21 48 38 7 18 6 33 20 37 41 12 22 26 32 40 30 43 36 25 1 4 27 10 46 5 8389.79 9861.15
0 9 23 3 35 2 11 49 15 17 42 24 14 31 16 13 34 21 48 38 7 44 47 8 39 45 19 29 28 18 6 33 20 37 41 12 22 26 32 40 30 43 36 25 1 4 27 10 46 5 8277.21 9367.43
0 9 23 3 35 2 11 49 15 17 42 24 14 31 16 13 34 45 19 29 28 44 47 8 39 21 48 38 7 18 6 33 20 37 41 12 22 26 32 40 30 43 36 25 1 46 10 27 4 5 7992.66 9169.42
0 9 23 3 35 2 11 49 15 17 42 24 14 31 16 13 34 45 19 29 28 44 47 8 39 21 48 38 7 18 33 6 20 37 41 12 22 26 32 40 30 43 36 25 1 46 10 27 4 5 7991.95 8816.01
0 9 23 3 35 2 11 49 15 17 42 24 14 31 16 13 34 45 19 29 28 44 47 8 39 21 48 38 7 18 6 33 20 37 41 12 22 26 32 40 30 43 36 4 1 46 10 27 25 5 7762.82 8460.26
0 9 23 3 35 2 11 49 15 17 42 24 14 31 16 13 34 45 19 29 28 44 47 8 39 21 48 38 7 18 33 6 20 37 41 12 22 26 32 40 30 43 36 4 1 46 10 27 25 5 7762.11 8369.87
0 9 23 3 35 2 11 49 15 17 42 24 14 31 16 13 34 45 19 29 28 44 47 8 39 21 48 38 7 18 6 33 20 37 41 12 22 26 32 40 30 43 36 4 46 1 10 27 25 5 7314.45 8130.58
0 9 21 48 38 7 18 6 33 20 37 41 12 22 26 32 40 30 43 36 4 46 1 10 27 25 5 23 3 35 2 11 49 15 17 42 24 14 31 16 13 34 45 19 29 28 44 47 8 39 7172.36 8110.35
0 9 47 44 28 29 19 45 34 13 16 31 14 24 42 17 15 49 11 2 35 3 23 8 39 21 48 7 38 18 6 33 20 37 41 12 22 26 32 40 30 43 36 4 46 1 10 27 25 5 7108.82 7837.73
0 9 47 44 28 29 19 45 34 13 16 31 14 24 42 17 15 49 11 2 35 3 23 8 39 21 48 7 38 18 6 33 20 37 41 12 22 26 32 40 30 43 36 4 46 1 10 27 25 5 7108.82 7815.31
0 9 47 44 28 29 19 45 34 13 16 31 14 24 42 17 15 49 11 2 35 3 23 8 39 21 48 7 38 18 6 33 20 37 41 12 22 26 32 40 30 43 36 1 46 4 10 27 25 5 7076.96 7849.19
0 9 23 3 35 2 11 49 15 17 42 24 14 31 47 44 28 29 19 45 34 13 16 8 39 48 21 7 38 18 6 33 20 37 41 12 22 26 32 40 30 43 36 4 46 1 10 27 25 5 7058.78 7744.49
0 9 37 20 33 6 18 38 7 21 48 39 8 16 13 34 45 19 29 28 44 47 31 14 24 42 17 15 49 11 2 35 3 23 41 12 22 26 32 40 30 43 36 4 46 1 10 27 25 5 7033.53 7591.9
0 9 47 37 20 33 6 18 38 7 21 48 39 8 16 13 34 45 19 29 28 44 31 14 24 42 17 15 49 11 2 35 3 23 41 12 22 26 32 40 30 43 36 4 46 1 10 27 25 5 6966.17 7449.35
0 9 47 37 20 33 6 18 38 7 21 48 39 8 16 13 34 45 19 29 28 44 31 14 24 42 17 15 49 43 2 35 3 23 41 12 22 26 32 40 30 11 36 4 46 1 10 27 25 5 6827.97 7397.91
0 9 47 37 20 33 6 18 38 7 21 48 39 8 16 13 34 45 19 29 28 44 31 14 24 42 17 15 49 43 2 35 3 23 41 12 22 26 32 40 30 11 36 4 46 1 10 27 25 5 6827.97 7319.79
0 9 47 16 13 34 45 19 29 28 44 31 14 24 15 49 11 2 35 3 23 8 39 21 48 7 38 18 6 33 20 37 41 12 22 26 32 40 30 43 36 1 46 4 10 27 25 5 42 17 6619.82 7300.53
0 9 47 16 13 34 45 19 29 28 44 37 20 33 6 18 38 7 21 48 39 8 31 14 24 15 49 11 2 35 3 23 41 12 22 26 32 40 30 43 36 4 46 1 10 27 25 5 42 17 6461.5 7241.6
0 9 47 16 13 34 45 19 29 28 44 31 37 20 33 6 18 38 7 21 48 39 8 14 24 15 49 43 2 35 3 23 41 12 22 26 32 40 30 11 36 1 46 4 10 27 25 5 42 17 6282 7151.72
0 9 47 16 13 34 45 19 29 28 44 31 37 20 33 6 18 38 7 21 48 39 8 14 24 15 49 43 2 35 3 23 41 12 22 26 32 40 30 11 36 1 46 4 10 27 25 5 42 17 6282 7168.14
0 9 47 16 13 45 19 29 28 44 37 20 33 6 18 38 7 21 48 39 8 31 34 14 24 15 49 43 2 35 3 23 41 12 22 26 32 40 30 11 36 4 46 1 10 27 25 5 42 17 6251.48 6938.44
0 9 47 16 13 34 45 19 29 28 44 37 20 33 6 18 38 7 31 21 48 39 8 14 24 15 49 43 2 35 3 23 41 12 22 26 32 40 30 11 36 1 46 4 10 27 25 5 42 17 6194.72 6912.43
0 9 47 16 13 34 45 19 29 28 44 37 20 33 6 18 38 7 31 21 48 39 8 14 24 15 49 43 30 40 32 26 22 12 41 23 3 35 2 11 36 1 46 4 10 27 25 5 42 17 6154.32 6663.18
0 9 47 16 13 34 45 19 29 28 44 37 20 33 6 18 38 7 31 21 48 39 8 14 24 15 49 43 30 40 32 26 22 12 41 23 3 35 2 27 10 1 46 4 36 11 25 5 42 17 6068.58 6640.5
0 9 47 16 13 34 45 19 29 28 44 37 20 33 6 18 38 7 31 21 48 39 8 14 24 15 49 43 30 40 32 26 22 12 41 23 3 35 2 27 10 1 46 4 36 11 25 5 42 17 6068.58 6669.07
0 9 47 16 13 34 45 19 29 28 44 37 20 33 6 18 38 7 31 21 48 39 8 14 24 15 49 43 35 3 23 41 12 22 26 32 40 30 2 27 10 1 46 4 36 11 25 5 42 17 6067.85 6559.62
0 9 31 21 48 47 16 13 34 45 19 29 28 44 37 20 33 6 18 38 7 39 8 14 24 15 49 43 35 3 23 41 12 22 26 32 40 30 2 27 10 1 46 4 36 11 25 5 42 17 6042.91 6482.11
0 9 31 21 48 47 16 13 34 45 19 29 28 44 37 20 33 6 18 38 7 39 8 14 24 15 49 43 40 32 26 22 12 41 23 3 35 30 2 27 10 1 46 4 36 11 25 5 42 17 5918.65 6491.27
0 9 31 21 48 47 16 13 34 45 19 29 28 44 37 20 33 6 18 38 7 39 8 14 24 15 49 43 32 40 26 22 12 41 23 3 35 30 2 27 10 1 46 4 36 11 25 5 42 17 5905.52 6389.17
0 9 31 21 48 47 16 14 24 15 49 43 40 32 26 22 12 41 23 3 35 30 2 27 10 1 46 4 36 11 25 5 42 17 13 34 45 19 29 28 44 37 20 33 6 18 38 7 39 8 5883.19 6298.11
0 9 31 21 48 47 16 13 34 45 19 29 37 44 28 20 33 6 18 38 7 39 8 14 24 15 49 43 32 40 26 22 12 41 23 3 35 30 2 27 10 1 46 4 36 11 25 5 42 17 5853.32 6188.1
0 9 31 21 48 47 16 13 34 45 19 29 37 44 28 20 33 6 18 38 7 39 8 14 24 15 49 43 32 40 26 22 12 41 23 3 35 30 2 27 10 1 46 4 36 11 25 5 42 17 5853.32 6166.35
0 9 31 47 16 21 48 13 34 45 19 29 44 37 28 20 33 6 18 38 7 39 8 14 24 15 49 43 32 40 26 22 12 41 23 3 35 30 2 27 10 1 46 4 36 11 25 5 42 17 5792.1 6267.55
0 9 31 47 16 21 48 13 34 45 19 29 37 44 28 20 33 6 18 38 7 39 8 14 24 15 49 43 32 40 26 22 12 41 23 3 35 30 2 27 10 1 46 4 36 11 25 5 42 17 5740.41 6150.7
0 9 31 47 16 21 48 13 34 45 19 29 37 44 28 20 33 6 18 38 7 39 8 14 24 15 49 43 32 40 26 22 12 41 23 3 35 30 2 27 10 4 46 1 36 11 25 5 42 17 5708.56 6138.03
0 14 24 15 49 43 32 40 26 22 12 41 23 3 35 30 2 27 10 1 46 4 36 11 25 5 42 17 8 39 7 38 18 6 33 20 28 44 37 29 19 45 34 13 48 21 16 47 31 9 5687.46 6083.81
0 9 31 47 16 21 48 14 24 15 49 43 32 40 26 22 12 41 23 3 35 30 2 27 10 1 46 4 36 11 25 5 42 17 13 34 45 19 29 28 44 37 20 33 6 18 38 7 39 8 5672.23 6157.93
0 9 31 47 16 21 48 14 24 15 49 43 32 40 26 22 12 41 23 3 35 30 2 27 10 1 46 4 36 11 25 5 42 17 13 34 45 19 29 28 44 37 20 33 6 18 38 7 39 8 5672.23 6085.56
0 9 31 47 16 21 48 14 24 15 49 43 32 40 26 22 12 41 23 3 35 30 2 4 10 1 46 27 36 11 25 5 42 17 13 34 45 19 29 28 44 37 20 33 6 18 38 7 39 8 5545.54 6332.95
0 9 31 47 16 21 48 14 24 15 49 43 32 40 26 22 12 41 23 3 35 30 2 4 10 1 46 27 36 11 25 5 42 17 13 34 45 19 29 28 44 37 20 33 6 18 38 7 39 8 5545.54 6192.7
0 9 31 47 16 21 48 14 24 15 49 43 32 40 26 22 12 41 23 3 35 30 2 4 10 1 46 27 36 11 25 5 42 17 13 34 45 19 29 28 44 37 20 33 6 18 38 7 39 8 5545.54 6117.95
0 9 31 47 16 21 48 14 22 26 40 32 43 49 15 24 12 41 23 3 35 30 2 4 10 1 46 27 36 11 25 5 42 17 13 34 45 19 29 28 44 37 20 33 6 18 38 7 39 8 5515.34 5975.27
0 9 31 47 16 21 48 14 22 26 40 32 43 49 15 24 12 41 23 3 35 30 2 4 10 1 46 27 36 11 25 5 42 17 13 34 45 19 29 28 44 37 20 33 6 18 38 7 39 8 5515.34 5938.28
0 9 31 47 16 21 48 14 24 15 49 43 25 11 36 27 46 1 10 4 2 30 35 3 23 41 12 22 26 40 32 5 42 17 13 34 45 19 29 28 44 37 20 33 6 18 38 7 39 8 5390.9 5900.32
0 9 31 47 16 21 48 14 24 15 49 43 25 11 36 27 46 1 10 4 2 30 35 3 23 41 12 22 26 40 32 5 42 17 13 34 45 19 29 28 44 37 20 33 6 18 38 7 39 8 5390.9 5894.69
0 9 31 47 16 21 48 14 24 15 49 43 25 11 36 27 46 1 10 4 2 30 35 3 23 41 12 22 26 40 32 5 42 17 13 34 45 19 29 28 44 37 20 33 6 18 38 7 39 8 5390.9 5830.28
0 9 31 47 16 21 48 14 24 15 49 43 25 11 36 27 46 1 10 4 2 30 35 3 23 41 12 22 26 40 32 5 42 17 13 34 45 19 29 28 44 37 20 33 6 18 38 7 39 8 5390.9 6011.84
0 9 31 47 16 21 48 14 24 15 49 43 25 11 36 27 46 1 10 4 2 30 35 3 23 41 12 22 26 40 32 5 42 17 13 34 45 19 29 28 44 37 20 33 6 18 38 7 39 8 5390.9 5867.32
0 9 31 47 16 21 48 14 24 15 49 43 25 11 36 27 46 1 10 4 2 30 35 3 23 41 12 22 26 40 32 5 42 17 13 34 45 19 29 28 44 37 20 33 6 18 38 7 39 8 5390.9 5829.54
0 9 31 47 16 21 48 14 24 15 49 43 25 11 36 27 46 1 10 4 2 30 35 3 23 41 12 22 26 40 32 5 42 17 13 34 45 19 29 28 44 37 20 38 18 6 33 7 39 8 5375.29 5645.33
0 9 31 47 16 21 48 14 24 15 49 43 25 11 27 36 46 1 10 4 2 30 35 3 23 41 12 22 26 40 32 5 42 17 13 34 45 19 29 28 44 37 20 33 6 18 38 7 39 8 5307.65 5628.37
0 9 31 47 16 21 48 14 24 15 49 43 25 11 27 36 46 1 10 4 2 30 35 3 23 41 12 22 26 40 32 5 42 17 13 34 45 19 29 28 44 37 20 38 18 6 33 7 39 8 5292.03 5595.04
0 9 31 47 16 21 48 14 24 15 49 43 25 11 27 36 46 1 10 4 2 30 35 3 23 41 12 22 26 40 32 5 42 17 13 34 45 19 29 28 44 37 20 38 18 6 33 7 39 8 5292.03 5507.58
0 9 31 47 16 21 48 14 24 15 49 43 25 11 27 36 46 1 10 4 2 30 35 3 23 41 12 22 26 40 32 5 42 17 13 34 45 19 29 28 44 37 20 18 38 6 33 7 39 8 5283.81 5609.43
0 9 31 47 16 21 48 14 24 15 49 43 25 11 27 36 46 1 10 4 2 30 35 3 23 41 12 22 26 40 32 5 42 17 13 34 45 19 29 28 44 37 20 18 38 6 33 7 39 8 5283.81 5546.21
0 9 31 47 16 21 48 14 24 15 49 43 25 11 27 36 46 1 10 4 2 30 35 5 32 40 26 22 12 41 23 3 42 17 13 34 45 19 29 28 44 37 20 18 38 6 33 7 39 8 5237.73 5551.11
0 9 31 47 16 21 48 14 24 15 49 43 25 11 27 36 46 1 10 4 2 30 35 5 32 40 26 22 12 41 23 3 42 17 13 34 45 19 29 28 44 37 20 18 38 6 33 7 39 8 5237.73 5545.59
0 9 31 47 16 21 48 14 24 15 49 43 25 11 27 36 46 1 10 4 2 30 35 5 32 40 26 22 12 41 23 3 42 17 13 34 45 19 29 28 44 37 20 18 38 6 33 7 39 8 5237.73 5605.76
0 9 31 47 16 21 48 14 24 15 49 43 25 11 27 36 46 1 10 4 2 30 35 5 32 40 26 22 12 41 23 3 42 17 13 34 45 7 33 6 38 18 20 37 44 28 29 19 39 8 5229.47 5586.34
0 9 31 47 16 21 48 14 24 15 49 43 25 11 27 36 46 1 10 4 2 30 35 5 32 40 26 22 12 41 23 3 42 17 13 34 45 7 33 6 38 18 20 37 44 28 29 19 39 8 5229.47 5471.05
0 9 31 47 16 21 48 14 24 15 49 43 25 11 27 36 46 1 10 4 2 30 35 5 32 40 26 22 12 41 23 3 42 17 13 34 45 7 33 6 38 18 20 37 44 28 29 19 39 8 5229.47 5472.19
0 9 31 45 7 33 6 38 18 20 37 44 28 29 19 47 16 21 48 14 24 15 49 43 25 11 27 36 46 1 10 4 2 30 35 5 32 40 26 22 12 41 23 3 42 17 13 34 39 8 5202.42 5501.42
0 9 31 47 16 21 48 14 24 15 49 43 25 11 27 36 46 1 10 4 2 30 35 5 32 40 26 22 12 41 23 3 42 17 13 34 45 7 37 20 18 6 38 33 44 28 29 19 39 8 5197.01 5439.62
0 9 31 45 7 33 6 38 18 20 37 44 28 29 19 47 16 21 48 14 24 15 5 32 40 49 43 25 11 27 36 46 1 10 4 2 30 35 26 22 12 41 23 3 42 17 13 34 39 8 5160.92 5584.32
0 9 31 47 16 21 48 14 24 15 5 32 40 49 43 25 11 27 36 46 1 10 4 2 30 35 26 22 12 41 23 3 42 17 13 34 45 7 37 20 18 6 38 33 44 28 29 19 39 8 5155.5 5650.99
0 9 31 45 7 37 20 18 6 38 33 44 28 29 19 47 16 21 48 14 24 15 5 32 40 49 43 25 11 27 36 46 1 10 4 2 30 35 26 22 12 41 23 3 42 17 13 34 39 8 5128.45 5566.85
0 9 31 45 37 7 20 18 6 38 33 44 28 29 19 47 16 21 48 14 24 15 5 32 40 49 43 25 11 27 36 46 1 10 4 2 30 35 26 22 12 41 23 3 42 17 13 34 39 8 5121.75 5455.92
0 9 31 45 37 7 38 20 18 6 33 44 28 29 19 47 16 21 48 14 24 15 5 32 40 49 43 25 11 27 36 46 1 10 4 2 30 35 26 22 12 41 23 3 42 17 13 34 39 8 5110.22 5496.63
0 9 31 45 37 7 38 20 18 6 28 44 33 29 19 47 16 21 48 14 24 15 5 32 40 49 43 25 11 27 36 46 1 10 4 2 30 35 26 22 12 41 23 3 42 17 13 34 39 8 5099.24 5453.25
0 9 31 45 37 7 38 20 18 6 28 44 33 29 19 47 16 21 48 14 24 15 5 32 40 49 43 25 11 27 36 46 1 10 4 2 30 35 26 22 12 41 23 3 42 17 13 34 39 8 5099.24 5418.45
0 9 31 45 37 7 38 20 18 6 28 44 33 29 19 47 16 21 48 14 24 15 5 32 40 49 43 25 11 27 36 46 1 10 4 2 30 35 26 22 12 41 23 3 42 17 13 34 39 8 5099.24 5286.74
0 9 31 45 37 7 38 6 20 18 28 44 33 29 19 47 16 21 48 14 24 15 5 32 40 49 43 25 11 27 36 46 1 10 4 2 30 35 26 22 12 41 23 3 42 17 13 34 39 8 5089.44 5374.74
0 9 31 45 37 7 38 6 20 18 28 44 33 29 19 47 16 21 48 14 24 15 5 32 40 49 43 25 11 27 36 46 1 10 4 2 30 35 26 22 12 41 23 3 42 17 13 34 39 8 5089.44 5289.15
0 9 31 45 37 7 38 6 20 18 28 44 33 29 19 47 16 21 48 14 24 15 5 32 40 49 43 25 11 27 36 46 1 10 4 2 30 35 26 22 12 41 23 3 42 17 13 34 39 8 5089.44 5237.64
0 9 31 45 37 7 38 6 20 18 28 44 33 29 19 47 16 21 48 14 24 15 5 32 40 49 43 25 11 27 36 46 1 10 4 2 30 35 26 22 12 41 23 3 42 17 13 34 39 8 5089.44 5250.79
0 9 31 45 37 7 38 6 20 18 28 44 33 29 19 47 16 17 42 3 23 41 12 22 26 35 30 2 4 10 1 46 36 27 11 25 43 49 40 32 5 15 24 14 48 21 13 34 39 8 5067.68 5388.76
0 9 31 45 37 7 38 6 20 18 28 44 33 29 19 47 16 17 42 3 23 41 12 22 26 35 30 2 4 10 1 46 36 27 11 25 43 49 40 32 5 15 24 14 48 21 13 34 39 8 5067.68 5575.67
0 9 31 45 37 7 38 6 20 18 28 44 33 29 19 47 16 17 42 3 23 41 12 22 26 35 30 2 4 10 1 46 36 27 11 25 43 49 40 32 5 15 24 14 48 21 13 34 39 8 5067.68 5490.11
0 9 31 45 37 7 38 6 20 18 28 44 33 29 19 47 16 17 42 3 23 41 12 22 26 35 30 2 4 10 1 46 36 27 11 25 43 49 40 32 5 15 24 14 48 21 13 34 39 8 5067.68 5613.1
0 9 31 45 37 7 38 6 20 18 28 44 33 29 19 47 16 17 42 3 23 41 12 22 26 35 30 2 4 10 1 46 36 27 11 25 43 49 40 32 5 15 24 14 48 21 13 34 39 8 5067.68 5556.62
0 9 31 45 37 7 38 6 20 18 28 44 33 29 19 47 16 17 42 3 23 41 12 22 26 35 30 2 4 10 1 46 36 27 11 25 43 49 40 32 5 15 24 14 48 21 13 34 39 8 5067.68 5436.65
0 9 31 45 37 7 38 6 20 18 28 44 33 29 19 47 16 17 42 3 23 41 12 22 26 35 30 2 4 10 1 46 36 27 11 25 43 49 40 32 5 15 24 14 48 21 13 34 39 8 5067.68 5409.82
0 9 31 45 37 7 38 6 20 18 28 44 33 29 19 47 16 41 23 3 42 17 12 22 26 35 30 2 4 10 1 46 36 27 11 25 43 49 40 32 5 15 24 14 48 21 13 34 39 8 5043.99 5464.75
0 9 31 45 37 7 38 6 20 18 28 44 33 29 19 47 16 41 17 42 3 23 12 22 26 35 30 2 4 10 1 46 36 27 11 25 43 49 40 32 5 15 24 14 48 21 13 34 39 8 5036.34 5511.58
0 9 31 45 37 7 38 6 20 18 28 44 33 29 19 47 16 41 17 42 3 23 12 22 26 35 30 2 4 10 1 46 36 27 11 25 43 49 40 32 5 15 24 14 48 21 13 34 39 8 5036.34 5399.29
0 9 31 45 37 7 38 6 20 18 28 44 33 29 19 47 16 41 17 42 23 3 12 22 26 35 30 2 4 10 1 46 36 27 11 25 43 49 40 32 5 15 24 14 48 21 13 34 39 8 5023.89 5340.64
0 9 31 45 37 29 33 44 28 18 20 6 38 7 19 47 16 41 17 42 23 3 12 22 26 35 30 2 4 10 1 46 36 27 11 25 43 49 40 32 5 15 24 14 48 21 13 34 39 8 5021.74 5259.9
0 9 34 13 21 48 14 24 15 5 32 40 49 43 25 11 27 36 46 1 10 4 2 30 35 26 22 12 3 23 42 17 41 16 47 19 7 38 6 20 18 28 44 33 29 37 45 31 39 8 4994.59 5295.32
0 9 34 13 21 48 14 24 15 5 32 40 49 43 25 11 27 36 46 1 10 4 2 30 35 26 22 12 3 23 42 17 41 16 47 19 7 38 6 20 18 28 44 33 29 37 45 31 39 8 4994.59 5339.22
0 9 34 13 21 48 14 24 15 5 32 40 49 43 25 11 27 36 46 1 10 4 2 30 35 26 22 12 3 23 42 17 41 16 47 19 7 38 6 20 18 28 44 33 29 37 45 31 39 8 4994.59 5565.76
0 9 34 13 21 48 14 24 15 5 32 40 49 43 25 11 27 36 46 1 10 4 2 30 35 26 22 12 3 23 42 17 41 16 47 19 7 38 6 20 18 28 44 33 29 37 45 31 39 8 4994.59 5495.03
0 9 34 13 21 48 14 22 26 35 30 2 4 10 1 46 36 27 11 25 43 49 40 32 5 15 24 12 3 23 42 17 41 16 47 19 7 38 6 20 18 28 44 33 29 37 45 31 39 8 4964.39 5470.85
0 9 34 13 21 48 14 22 26 35 30 2 4 10 1 46 36 27 11 25 43 49 40 32 5 15 24 12 3 23 42 17 41 16 47 19 7 38 6 20 18 28 44 33 29 37 45 31 39 8 4964.39 5597.73
0 8 39 31 45 37 29 33 44 28 18 20 6 38 7 19 47 16 41 17 42 23 3 12 24 15 5 32 40 49 43 25 11 27 36 46 1 10 4 2 30 35 26 22 14 48 21 13 34 9 4964.39 5474.93
0 9 34 13 21 48 14 22 26 35 30 2 27 36 46 1 10 4 11 25 43 49 40 32 5 15 24 12 3 23 42 17 41 16 47 19 7 38 6 20 18 28 44 33 29 37 45 31 39 8 4962.16 5447.21
0 9 34 13 21 48 14 22 26 35 30 2 27 36 46 1 10 4 11 25 43 49 40 32 5 15 24 12 3 23 42 17 41 16 47 19 7 38 6 20 18 28 44 33 29 37 45 31 39 8 4962.16 5595.16
0 9 34 13 21 48 14 22 26 35 30 2 27 36 46 1 10 4 11 25 43 5 32 40 49 15 24 12 3 23 42 17 41 16 47 19 7 38 6 20 18 28 44 33 29 37 45 31 39 8 4961.66 5396.24
0 9 34 13 21 48 14 22 26 35 30 2 4 10 1 46 36 27 11 25 43 49 5 32 40 15 24 12 3 23 42 17 41 16 47 19 7 38 6 20 18 28 44 33 29 37 45 31 39 8 4898.94 5275.67
0 9 34 13 21 48 14 22 26 35 30 2 4 10 1 46 36 27 11 25 43 49 5 32 40 15 24 12 3 23 42 17 41 16 47 19 7 38 6 20 18 28 44 33 29 37 45 31 39 8 4898.94 5176.29
0 17 42 23 3 12 24 15 40 32 5 49 43 25 11 27 36 46 1 10 4 2 30 35 26 22 14 48 21 13 34 9 41 16 47 19 7 38 6 20 18 28 44 33 29 37 45 31 39 8 4880.57 5126.96
0 17 42 23 3 12 24 15 40 32 5 49 43 25 11 27 36 46 1 10 4 2 30 35 26 22 14 48 21 13 34 9 41 16 47 19 7 38 6 20 18 28 44 33 29 37 45 31 39 8 4880.57 5137.41
0 9 34 13 21 48 14 22 26 35 30 2 27 36 46 1 10 4 11 25 43 5 49 32 40 15 24 12 3 23 42 17 41 16 47 19 7 38 6 20 18 28 44 33 29 37 45 31 39 8 4876.12 5215.89
0 9 34 13 21 48 14 22 26 35 30 2 27 36 46 1 10 4 11 25 43 5 49 32 40 15 24 12 3 23 42 17 41 16 47 19 7 38 6 20 18 28 44 33 29 37 45 31 39 8 4876.12 5337.99
0 9 34 13 21 48 14 22 26 35 30 2 27 36 46 1 10 4 11 25 43 5 49 32 40 15 24 12 3 23 42 17 41 16 47 19 7 38 6 20 18 28 44 33 29 37 45 31 39 8 4876.12 5269.29
0 9 34 13 21 48 14 22 26 35 30 2 27 36 46 1 10 4 11 25 43 5 49 32 40 15 24 12 3 23 42 17 41 16 47 19 7 38 6 20 18 28 44 33 29 37 45 31 39 8 4876.12 5155.39
0 9 34 13 21 48 14 22 26 35 30 2 27 36 46 1 10 4 11 25 43 5 49 32 40 15 24 12 3 23 42 17 41 16 47 19 7 38 6 20 18 28 44 33 29 37 45 31 39 8 4876.12 5225.74
0 9 34 13 21 48 14 22 26 35 30 2 27 36 46 1 10 4 11 25 43 5 49 32 40 15 24 12 3 23 42 17 41 16 47 19 7 38 6 20 18 28 44 33 29 37 45 31 39 8 4876.12 5067.1
0 9 34 13 21 48 14 22 26 35 30 2 27 36 46 1 10 4 11 25 43 5 49 32 40 15 24 12 3 23 42 17 41 16 47 19 7 38 6 20 18 28 44 33 29 37 45 31 39 8 4876.12 5067.43
0 9 34 13 21 48 14 22 26 35 30 2 27 36 46 1 10 4 11 25 43 5 49 32 40 15 24 12 3 17 42 23 41 16 47 19 7 38 6 20 18 28 44 33 29 37 45 31 39 8 4859.81 5273.68
0 9 34 13 21 48 22 14 26 35 30 2 27 36 46 1 10 4 11 25 43 5 49 32 40 15 24 12 3 23 42 17 41 16 47 19 7 38 6 20 18 28 44 33 29 37 45 31 39 8 4853.53 5299.14
0 9 34 13 21 48 22 14 26 35 30 2 27 36 46 1 10 4 11 25 43 5 49 32 40 15 24 12 3 17 42 23 41 16 47 19 7 38 6 20 18 28 44 33 29 37 45 31 39 8 4837.22 5211.21
0 9 34 13 21 48 22 14 26 35 30 2 27 36 46 1 10 4 11 25 43 5 49 32 40 15 24 12 3 17 42 23 41 16 47 19 7 38 6 20 18 28 44 33 29 37 45 31 39 8 4837.22 5397.16
0 9 34 13 21 48 22 14 26 35 30 2 27 36 46 1 10 4 11 25 43 5 49 32 40 15 24 12 3 17 42 23 41 16 47 19 7 38 6 20 18 28 44 33 29 37 45 31 39 8 4837.22 5310.69
0 9 34 13 21 48 22 14 26 35 30 2 27 36 46 1 10 4 11 25 43 5 49 32 40 15 24 12 3 17 42 23 41 16 47 19 7 38 6 20 18 28 44 33 29 37 45 31 39 8 4837.22 5241.14
0 9 34 13 21 48 22 14 26 35 30 2 27 36 46 1 10 4 11 25 43 5 49 32 40 15 24 12 3 17 42 23 41 16 47 19 7 38 6 20 18 28 44 33 29 37 45 31 39 8 4837.22 5277.26
0 9 34 13 21 48 22 14 26 35 30 2 27 36 46 1 10 4 11 25 43 5 49 32 40 15 24 12 3 17 42 23 41 16 47 19 7 38 6 20 18 28 44 33 29 37 45 31 39 8 4837.22 5146.58
0 9 34 13 21 48 22 14 26 35 30 2 27 36 46 1 10 4 11 25 43 5 49 32 40 15 24 12 3 17 42 23 41 16 47 19 7 38 6 20 18 28 44 33 29 37 45 31 39 8 4837.22 5252.46
0 9 34 13 21 48 22 14 26 35 30 2 27 36 46 1 10 4 11 25 43 5 49 32 40 15 24 12 3 17 42 23 41 16 47 19 7 38 6 20 18 28 44 33 29 37 45 31 39 8 4837.22 5234.49
0 9 34 13 21 48 22 14 26 35 30 2 27 36 46 1 10 4 11 25 43 5 49 32 40 15 24 12 3 17 42 23 41 16 47 19 7 38 6 20 18 28 44 33 29 37 45 31 39 8 4837.22 5111.17
0 9 34 13 21 48 22 14 26 35 30 2 27 36 46 1 10 4 11 25 43 5 49 32 40 15 24 12 3 17 42 23 41 16 47 19 7 38 6 20 18 28 44 33 29 37 45 31 39 8 4837.22 5038.34
0 9 34 13 21 48 22 14 26 35 30 2 27 36 46 1 10 4 11 25 43 5 49 32 40 15 24 12 3 17 42 23 41 16 47 19 7 38 6 20 18 28 44 33 29 37 45 31 39 8 4837.22 4985.93
0 9 34 13 21 48 22 14 26 35 30 2 27 36 46 1 10 4 11 25 43 5 49 32 40 15 24 12 3 17 42 23 41 16 47 19 7 38 6 20 18 28 44 33 29 37 45 31 39 8 4837.22 5027.41
0 9 34 13 21 48 22 14 26 35 30 2 27 36 46 1 10 4 11 25 43 5 49 32 40 15 24 12 3 17 42 23 41 16 47 19 7 38 6 20 18 28 44 33 29 37 45 31 39 8 4837.22 4978.09
0 9 34 13 21 48 22 14 26 35 42 30 2 27 36 46 1 10 4 11 25 43 5 49 32 40 15 24 12 3 17 23 41 16 47 19 7 38 6 20 18 28 44 33 29 37 45 31 39 8 4789.96 5004.14
0 9 34 13 21 48 22 14 26 35 42 30 2 27 36 46 1 10 4 11 25 43 5 49 32 40 15 24 12 3 17 23 41 16 47 19 7 6 38 20 18 28 44 33 29 37 45 31 39 8 4778.24 4945.79
0 9 34 13 21 48 22 14 26 35 42 30 2 27 36 46 1 10 4 11 25 43 5 49 32 40 15 24 12 3 17 23 41 16 47 19 7 6 38 20 18 28 44 33 29 37 45 31 39 8 4778.24 5039.41
0 9 34 13 21 48 22 14 26 35 42 30 2 27 36 46 1 10 4 11 25 43 5 49 32 40 15 24 12 3 17 23 41 16 47 19 7 6 38 20 18 28 44 33 29 37 45 31 39 8 4778.24 5054.27
0 9 34 13 21 48 22 14 26 35 42 30 2 27 36 46 1 10 4 11 25 43 5 49 32 40 15 24 12 3 17 23 41 16 47 19 7 6 38 20 18 28 44 33 29 37 45 31 39 8 4778.24 5120.92
0 9 34 13 21 48 22 14 26 35 42 30 2 27 36 46 1 10 4 11 25 43 5 49 32 40 15 24 12 3 17 23 41 16 47 19 7 6 38 20 18 28 44 33 29 37 45 31 39 8 4778.24 5239.55
0 9 34 13 21 48 22 14 26 35 42 30 2 27 36 46 1 10 4 11 25 43 5 49 32 40 15 24 12 3 17 23 41 16 47 19 7 6 38 20 18 28 44 33 29 37 45 31 39 8 4778.24 5110.32
0 9 41 16 47 19 7 6 38 20 18 28 44 33 29 37 45 31 39 34 13 21 48 22 14 26 35 42 30 2 27 36 46 1 10 4 11 25 43 5 49 32 40 15 24 12 3 17 23 8 4777.3 5208.67
0 9 41 16 47 19 7 6 38 20 18 28 44 33 29 37 45 31 39 34 13 21 48 22 14 26 35 42 30 2 27 36 46 1 10 4 11 25 43 5 49 32 40 15 24 12 3 17 23 8 4777.3 5045.53
0 9 41 16 47 19 7 6 38 20 18 28 44 33 29 37 45 31 39 34 21 13 48 22 14 26 35 42 30 2 27 36 46 1 10 4 11 25 43 5 49 32 40 15 24 12 3 17 23 8 4775.24 5059.97
0 23 17 3 12 24 15 40 32 49 5 43 25 11 4 10 1 46 36 27 2 30 42 35 26 14 22 48 21 13 34 39 31 45 37 29 33 44 28 18 20 38 6 7 19 47 16 41 9 8 4759.51 5108.35
0 23 17 3 12 24 15 40 32 49 5 43 25 11 4 10 1 46 36 27 2 30 42 35 26 14 22 48 21 13 34 19 7 6 38 20 18 28 44 33 29 37 45 31 39 47 16 41 9 8 4755.92 5090.12
0 9 41 16 47 19 7 6 38 20 18 28 44 33 29 37 45 31 39 34 13 21 48 22 14 26 35 42 30 2 27 4 10 1 46 36 11 25 43 5 49 32 40 15 24 12 3 17 23 8 4731.59 5243.9
0 9 41 13 34 39 31 45 37 29 33 44 28 18 20 38 6 7 19 47 16 21 48 22 14 26 35 42 30 2 27 4 10 1 46 36 11 25 43 5 49 32 40 15 24 12 3 17 23 8 4746.63 5402.91
0 9 41 16 47 19 7 6 38 20 18 28 44 33 29 37 45 31 39 34 13 21 48 22 14 26 35 42 30 2 27 4 10 1 46 36 11 25 43 5 49 32 40 15 24 12 3 17 23 8 4731.59 5555.74
0 9 41 16 47 37 29 33 44 28 18 20 38 6 7 19 45 31 39 34 13 21 48 22 14 26 35 42 30 2 27 4 10 1 46 36 11 25 43 5 49 32 40 15 24 12 3 17 23 8 4726.26 5311.7
0 9 41 16 47 37 29 33 44 28 18 20 38 6 7 19 45 31 39 34 13 21 48 22 14 26 35 42 30 2 27 4 10 1 46 36 11 25 43 5 49 32 40 15 24 12 3 17 23 8 4726.26 5271.75
0 9 41 16 47 37 29 33 44 28 18 20 38 6 7 19 45 31 39 34 13 21 48 22 14 26 35 42 30 2 27 4 10 1 46 36 11 25 43 5 49 32 40 15 24 12 3 17 23 8 4726.26 5039.44
0 8 9 41 16 47 37 29 33 44 28 18 20 38 6 7 19 45 31 39 34 13 21 48 22 14 26 35 42 30 2 27 4 10 1 46 36 11 25 43 5 49 32 40 15 24 12 3 17 23 4708.47 5133.32
0 8 9 41 16 47 37 29 33 44 28 18 20 38 6 7 19 45 31 39 34 13 21 48 22 14 26 35 42 30 2 27 4 10 1 46 36 11 25 43 5 49 32 40 15 24 12 3 17 23 4708.47 5187.33
0 8 9 41 16 47 37 29 33 44 28 18 20 38 6 7 19 45 31 39 34 13 21 48 22 14 26 35 42 30 2 27 4 10 1 46 36 11 25 43 5 49 32 40 15 24 12 3 17 23 4708.47 5075.1
0 8 9 41 16 47 37 29 33 44 28 18 20 38 6 7 19 45 31 39 34 21 13 48 22 14 26 35 42 30 2 27 4 10 1 46 36 11 25 43 5 49 32 40 15 24 12 3 17 23 4706.4 4971.75
0 8 9 41 16 47 37 29 33 44 28 18 20 38 6 7 19 45 31 39 34 21 13 48 22 14 26 35 42 30 2 27 4 10 1 46 36 11 25 43 5 49 32 40 15 24 12 3 17 23 4706.4 4923.37
0 8 9 41 16 47 37 29 33 44 28 18 20 38 6 7 19 45 31 39 34 21 13 48 22 14 26 35 42 30 2 27 4 10 1 46 36 11 25 43 5 49 32 40 15 24 12 3 17 23 4706.4 4908.39
0 8 9 41 16 47 39 31 45 19 7 6 38 20 18 28 44 33 29 37 34 21 13 48 22 14 26 35 42 30 2 27 4 10 1 46 36 11 25 43 5 49 32 40 15 24 12 3 17 23 4697.55 4894.6
0 8 9 41 16 47 39 31 45 19 7 6 38 20 18 28 44 33 29 37 34 21 13 48 22 14 26 35 42 30 2 27 4 10 1 46 36 11 25 43 5 49 32 40 15 24 12 3 17 23 4697.55 4927.74
0 8 9 39 31 45 19 7 6 38 20 18 28 44 33 29 37 47 16 41 34 21 13 48 22 14 26 35 42 30 2 27 4 10 1 46 36 11 25 43 5 49 32 40 15 24 12 3 17 23 4695.48 5020.91
0 8 9 39 31 45 19 7 6 38 20 18 28 44 33 29 37 47 16 41 34 21 13 48 22 14 26 35 42 30 2 27 4 10 1 46 36 11 25 43 5 49 32 40 15 24 12 3 17 23 4695.48 5083.18
0 8 9 39 31 45 19 7 6 38 20 18 28 44 33 29 37 47 16 41 34 21 13 48 22 14 26 35 42 30 2 27 4 10 1 46 36 11 25 43 5 49 32 40 15 24 12 3 17 23 4695.48 5132.17
0 8 9 41 16 39 31 45 19 7 6 38 20 18 28 44 33 29 37 47 34 21 13 48 22 14 26 35 42 30 2 27 4 10 1 46 36 11 25 43 5 49 32 40 15 24 12 3 17 23 4693.19 5039.85
0 8 9 41 16 39 31 45 19 7 6 38 20 18 28 44 33 29 37 47 34 21 13 48 22 14 26 35 42 30 2 27 4 10 1 46 36 11 25 43 5 49 32 40 15 24 12 3 17 23 4693.19 5013.44
0 8 9 41 16 39 31 45 19 7 6 38 20 18 28 44 33 29 37 47 34 21 13 48 22 14 26 35 42 30 2 27 4 10 1 46 36 11 25 43 5 49 32 40 15 24 12 3 17 23 4693.19 5004.64
0 8 9 41 16 39 31 45 19 7 6 38 20 18 28 44 33 29 37 47 34 21 13 48 22 14 26 35 42 30 2 27 4 10 1 46 36 11 25 43 5 49 32 40 15 24 12 3 17 23 4693.19 5015.84
0 8 9 41 16 39 31 45 19 7 6 38 20 18 28 44 33 29 37 47 34 21 13 48 22 14 26 35 42 30 2 27 4 10 1 46 36 11 25 43 5 49 32 40 15 24 12 3 17 23 4693.19 5044.75
0 8 9 41 16 39 31 45 19 7 6 38 20 18 28 44 33 29 37 47 34 21 13 48 22 14 26 35 42 30 2 27 4 10 1 46 36 11 25 43 5 49 32 40 15 24 12 3 17 23 4693.19 5227.59
0 8 9 41 16 39 31 45 19 7 6 38 20 18 28 44 33 29 37 47 34 21 13 48 22 14 26 35 42 30 2 27 4 10 1 46 36 11 25 43 5 49 32 40 15 24 12 3 17 23 4693.19 5052.76
0 8 9 41 16 39 31 45 19 7 6 38 20 18 28 44 33 29 37 47 34 21 13 48 22 14 26 35 42 30 2 27 4 10 1 46 36 11 25 43 5 49 32 40 15 24 12 3 17 23 4693.19 5012.7
0 8 9 41 16 39 31 45 19 7 6 38 20 18 28 44 33 29 37 47 34 21 13 48 22 14 26 35 42 30 2 27 4 10 1 46 36 11 25 43 5 49 32 40 15 24 12 3 17 23 4693.19 4993.58
0 8 9 41 16 39 31 45 19 7 6 38 20 18 28 44 33 29 37 47 34 21 13 48 22 14 26 35 42 30 2 27 4 10 1 46 36 11 25 43 5 49 32 40 15 24 12 3 17 23 4693.19 4874.92
0 8 9 41 16 39 31 45 19 7 6 38 20 18 28 44 33 29 37 47 34 21 13 48 22 14 26 35 42 30 2 27 4 10 1 46 36 11 25 43 5 49 32 40 15 24 12 3 17 23 4693.19 4876.58
0 8 9 41 16 39 31 45 19 7 6 38 20 18 28 44 33 29 37 47 34 21 13 48 22 14 26 35 42 30 2 27 4 10 1 46 36 11 25 43 5 49 32 40 15 24 12 3 17 23 4693.19 4833.95
0 8 9 41 16 39 31 45 19 7 6 38 20 18 28 44 33 29 37 47 34 21 13 48 22 14 26 40 32 49 5 43 25 11 36 46 1 10 4 27 2 30 42 35 15 24 12 3 17 23 4656.14 4967.12
0 8 9 41 16 39 31 45 19 7 6 38 20 18 28 44 33 29 37 47 34 21 13 48 22 14 26 40 32 49 5 43 25 11 36 46 1 10 4 27 2 30 42 35 15 24 12 3 17 23 4656.14 4875.16
0 8 9 41 16 39 31 45 19 7 6 38 20 18 28 44 33 29 37 47 34 21 13 48 22 14 26 40 32 49 5 43 25 11 36 46 1 10 4 27 2 30 42 35 15 24 12 3 17 23 4656.14 4885.94
0 8 9 41 16 39 31 45 19 7 6 38 20 18 28 44 33 29 37 47 34 21 13 48 22 14 26 40 32 49 5 43 25 11 36 46 1 10 4 27 2 30 42 35 15 24 12 3 17 23 4656.14 4978.07
0 8 9 41 16 39 31 45 19 7 6 38 20 18 28 44 33 29 37 47 34 21 13 48 22 14 26 40 32 49 5 43 25 11 36 46 1 10 4 27 2 30 42 35 15 24 12 3 17 23 4656.14 4895.32
0 8 9 41 16 39 31 45 19 7 6 38 20 18 28 44 33 29 37 47 34 21 13 48 22 14 26 40 32 49 5 43 25 11 36 46 1 10 4 27 2 30 42 35 15 24 12 3 17 23 4656.14 4885.13
0 8 9 41 16 39 31 45 19 7 6 38 20 18 28 44 33 29 37 47 34 21 13 48 22 14 26 40 32 49 5 43 25 11 36 46 1 10 4 27 2 30 42 35 15 24 12 3 17 23 4656.14 4877.29
0 8 9 41 16 39 31 45 19 7 6 38 20 18 28 44 33 29 37 47 34 21 13 48 22 14 26 40 32 49 5 43 25 11 36 46 1 10 4 27 2 30 42 35 15 24 12 3 17 23 4656.14 4911.6
0 8 9 41 16 39 31 45 19 7 6 38 20 18 28 44 33 29 37 47 34 21 13 48 22 14 26 40 32 49 5 43 25 11 36 46 1 10 4 27 2 30 42 35 15 24 12 3 17 23 4656.14 4850.86
0 8 9 41 16 39 31 45 19 7 6 38 20 18 28 44 33 29 37 47 34 21 13 48 22 14 26 40 32 49 5 43 25 11 36 46 1 10 4 27 2 30 42 35 15 24 12 3 17 23 4656.14 4856.86
0 8 9 41 16 39 31 45 19 7 6 38 20 18 28 44 33 29 37 47 34 21 13 48 22 14 26 40 32 49 5 43 25 11 36 46 1 10 4 27 2 30 42 35 15 24 12 3 17 23 4656.14 4768.74
0 8 9 41 16 39 31 45 19 7 6 38 20 18 28 44 33 29 37 47 34 21 13 48 22 14 26 40 32 49 5 43 25 11 36 46 1 10 4 27 2 30 42 35 15 24 12 3 17 23 4656.14 4888.64
0 8 9 41 16 39 31 45 19 7 6 38 20 18 28 44 33 29 37 47 34 21 13 48 22 14 26 40 32 49 5 43 25 11 36 46 1 10 4 27 2 30 42 35 15 24 12 3 17 23 4656.14 4933.27
0 8 9 41 16 39 31 45 19 7 6 38 20 18 28 44 33 29 37 47 34 21 13 48 22 14 26 40 32 49 5 43 25 11 36 46 1 10 4 27 2 30 42 35 15 24 12 3 17 23 4656.14 4944.53
0 8 9 41 16 39 31 45 19 7 6 38 20 18 28 44 33 29 37 47 34 21 13 48 22 14 26 40 32 49 5 43 25 11 36 46 1 10 4 27 2 30 42 35 15 24 12 3 17 23 4656.14 4920.32
0 8 9 41 16 39 31 45 19 7 6 38 20 18 28 44 33 29 37 47 34 21 13 48 22 14 26 40 32 49 5 43 25 11 36 46 1 10 4 27 2 30 42 35 15 24 12 3 17 23 4656.14 4997.88
0 8 9 41 16 39 31 45 19 7 6 38 20 18 28 44 33 29 37 47 34 21 13 48 22 14 26 40 32 49 5 43 25 11 36 46 1 10 4 27 2 30 42 35 15 24 12 3 17 23 4656.14 4966.15
0 8 9 41 16 39 31 45 19 7 6 38 20 18 28 44 33 29 37 47 34 21 13 48 22 14 26 40 32 49 5 43 25 11 36 46 1 10 4 27 2 30 42 35 15 24 12 3 17 23 4656.14 5036.75
0 8 9 41 16 39 31 45 19 7 6 38 20 18 28 44 33 29 37 47 34 21 13 48 22 14 26 40 32 49 5 43 25 11 36 46 1 10 4 27 2 30 42 35 15 24 12 3 17 23 4656.14 5009.6
0 8 9 41 16 39 31 45 19 7 6 38 20 18 28 44 33 29 37 47 34 21 13 48 22 14 26 40 32 49 5 43 25 11 36 46 1 10 4 27 2 30 42 35 15 24 12 3 17 23 4656.14 5011.06
0 8 9 41 16 39 31 45 19 7 6 38 20 18 28 44 33 29 37 47 34 21 13 48 22 14 26 40 32 49 5 43 25 11 36 46 1 10 4 27 2 30 42 35 15 24 12 3 17 23 4656.14 4997.21
0 8 9 41 16 39 31 45 19 7 6 38 20 18 28 44 33 29 37 47 34 21 13 48 22 14 26 40 32 49 5 43 25 11 36 46 1 10 4 27 2 30 42 35 15 24 12 3 17 23 4656.14 4969.24
0 8 9 41 16 39 31 45 19 7 6 38 20 18 28 44 33 29 37 47 34 21 13 48 22 14 26 40 32 49 5 43 25 11 36 46 1 10 4 27 2 30 42 35 15 24 12 3 17 23 4656.14 5170.77
0 23 17 3 12 24 15 35 42 30 2 27 4 10 1 46 36 11 25 43 5 49 32 40 26 14 22 48 13 21 34 47 37 29 33 44 28 18 20 38 6 7 19 45 31 39 16 41 9 8 4656.14 5065.6
0 23 17 3 12 24 15 35 42 30 2 27 4 10 1 46 36 11 25 43 5 49 32 40 26 14 22 48 13 21 34 47 37 29 33 44 28 18 20 38 6 7 19 45 31 39 16 41 9 8 4656.14 5006.98
0 23 17 3 12 24 15 35 42 30 2 27 4 10 1 46 36 11 25 43 5 49 32 40 26 14 22 48 13 21 34 47 37 29 33 44 28 18 20 38 6 7 19 45 31 39 16 41 9 8 4656.14 5043.62
0 23 17 3 12 24 15 35 42 30 2 27 4 10 1 46 36 11 25 43 5 49 32 40 26 14 22 48 13 21 34 47 37 29 33 44 28 18 20 38 6 7 19 45 31 39 16 41 9 8 4656.14 5046.59
0 23 17 3 12 24 15 35 42 30 2 27 4 10 1 46 36 11 25 43 5 49 32 40 26 14 22 48 13 21 34 47 37 29 33 44 28 18 20 38 6 7 19 45 31 39 16 41 9 8 4656.14 5092.1
0 23 17 3 12 24 15 35 42 30 2 27 4 10 1 46 36 11 25 43 5 49 32 40 26 14 22 48 13 21 34 47 37 29 33 44 28 18 20 38 6 7 19 45 31 39 16 41 9 8 4656.14 4975.15
0 23 17 3 12 24 15 35 42 30 2 27 4 10 1 46 36 11 25 43 5 49 32 40 26 14 22 48 13 21 34 47 37 29 33 44 28 18 20 38 6 7 19 45 31 39 16 41 9 8 4656.14 5179.04
0 23 17 3 12 24 15 35 42 30 2 27 4 10 1 46 36 11 25 43 5 49 32 40 26 14 22 48 13 21 34 47 37 29 33 44 28 18 20 38 6 7 19 45 31 39 16 41 9 8 4656.14 4935.57
0 23 17 3 12 24 15 35 42 30 2 27 4 10 1 46 36 11 25 43 5 49 32 40 26 14 22 48 13 21 34 47 37 29 33 44 28 18 20 38 6 7 19 45 31 39 16 41 9 8 4656.14 4990.47
0 23 17 3 12 24 15 35 42 30 2 27 4 10 1 46 36 11 25 43 5 49 32 40 26 14 22 48 13 21 34 47 37 29 33 44 28 18 20 38 6 7 19 45 31 39 16 41 9 8 4656.14 4938.75
0 23 17 3 12 24 15 35 42 30 2 27 4 10 1 46 36 11 25 43 5 49 32 40 26 14 22 48 13 21 34 47 37 29 33 44 28 18 20 38 6 7 19 45 31 39 16 41 9 8 4656.14 4904.25
0 23 17 3 12 24 15 35 42 30 2 27 4 10 1 46 36 11 25 43 5 49 32 40 26 14 22 48 13 21 34 47 37 29 33 44 28 18 20 38 6 7 19 45 31 39 16 41 9 8 4656.14 5006.95
0 23 17 3 12 24 15 35 42 30 2 27 4 10 1 46 36 11 25 43 5 49 32 40 26 14 22 48 13 21 34 47 37 29 33 44 28 18 20 38 6 7 19 45 31 39 16 41 9 8 4656.14 4947.35
0 23 17 3 12 24 15 35 42 30 2 27 4 10 1 46 36 11 25 43 5 49 32 40 26 14 22 48 13 21 34 47 37 29 33 44 28 18 20 38 6 7 19 45 31 39 16 41 9 8 4656.14 4849.64
0 23 17 3 12 24 15 35 42 30 2 27 4 10 1 46 36 11 25 43 5 49 32 40 26 14 22 48 13 21 34 47 37 29 33 44 28 18 20 38 6 7 19 45 31 39 16 41 9 8 4656.14 4973.26
0 23 17 3 12 24 15 35 42 30 2 27 4 10 1 46 36 11 25 43 5 49 32 40 26 14 22 48 13 21 34 47 37 29 33 44 28 18 20 38 6 7 19 45 31 39 16 41 9 8 4656.14 4913.21
0 23 17 3 12 24 15 35 42 30 2 27 4 10 1 46 36 11 25 43 5 49 32 40 26 14 22 48 13 21 34 47 37 29 33 44 28 18 20 38 6 7 19 45 31 39 16 41 9 8 4656.14 5023.73
0 23 17 3 12 24 15 35 42 30 2 27 4 10 1 46 36 11 25 43 5 49 32 40 26 14 22 48 13 21 34 47 37 29 33 44 28 18 20 38 6 7 19 45 31 39 16 41 9 8 4656.14 5059.42
0 23 17 3 12 24 15 35 42 30 2 27 4 10 1 46 36 11 25 43 5 49 32 40 26 14 22 48 13 21 34 47 37 29 33 44 28 18 20 38 6 7 19 45 31 39 16 41 9 8 4656.14 5085.3
0 23 17 3 12 24 15 35 42 30 2 27 4 10 1 46 36 11 25 43 5 49 32 40 26 14 22 48 13 21 34 47 37 29 33 44 28 18 20 38 6 7 19 45 31 39 16 41 9 8 4656.14 5046.42
0 23 17 3 12 24 15 35 42 30 2 27 4 10 1 46 36 11 25 43 5 49 32 40 26 14 22 48 13 21 34 47 37 29 33 44 28 18 20 38 6 7 19 45 31 39 16 41 9 8 4656.14 5039.99
0 23 17 3 12 24 15 35 42 30 2 27 4 10 1 46 36 11 25 43 5 49 32 40 26 14 22 48 13 21 34 47 37 29 33 44 28 18 20 38 6 7 19 45 31 39 16 41 9 8 4656.14 4955.2
0 23 17 3 12 24 15 35 42 30 2 27 4 10 1 46 36 11 25 43 5 49 32 40 26 14 22 48 13 21 34 47 37 29 33 44 28 18 20 38 6 7 19 45 31 39 16 41 9 8 4656.14 4942.55
0 23 17 3 12 24 15 35 42 30 2 27 4 10 1 46 36 11 25 43 5 49 32 40 26 14 22 48 13 21 34 47 37 29 33 44 28 18 20 38 6 7 19 45 31 39 16 41 9 8 4656.14 4935.33
0 23 17 3 12 24 15 35 42 30 2 27 4 10 1 46 36 11 25 43 5 49 32 40 26 14 22 48 13 21 34 47 37 29 33 44 28 18 20 38 6 7 19 45 31 39 16 41 9 8 4656.14 4940.53
0 23 17 3 12 24 15 35 42 30 2 27 4 10 1 46 36 11 25 43 5 49 32 40 26 14 22 48 13 21 34 47 37 29 33 44 28 18 20 38 6 7 19 45 31 39 16 41 9 8 4656.14 4984.81
0 23 17 3 12 24 15 35 42 30 2 27 4 10 1 46 36 11 25 43 5 49 32 40 26 14 22 48 13 21 34 47 37 29 33 44 28 18 20 38 6 7 19 45 31 39 16 41 9 8 4656.14 4860.93
0 23 17 3 12 24 15 35 42 30 2 27 4 10 1 46 36 11 25 43 5 49 32 40 26 14 22 48 13 21 34 47 37 29 33 44 28 18 20 38 6 7 19 45 31 39 16 41 9 8 4656.14 4922.72
0 23 17 3 12 24 15 35 42 30 2 27 4 10 1 46 36 11 25 43 5 49 32 40 26 14 22 48 13 21 34 47 37 29 33 44 28 18 20 38 6 7 19 45 31 39 16 41 9 8 4656.14 4960.5
0 23 17 3 12 24 15 35 42 30 2 27 4 10 1 46 36 11 25 43 5 49 32 40 26 14 22 48 13 21 34 47 37 29 33 44 28 18 20 38 6 7 19 45 31 39 16 41 9 8 4656.14 4886.3
0 23 17 3 12 24 15 35 42 30 2 27 4 10 1 46 36 11 25 43 5 49 32 40 26 14 22 48 13 21 34 47 37 29 33 44 28 18 20 38 6 7 19 45 31 39 16 41 9 8 4656.14 4876.74
0 23 17 3 12 24 15 35 42 30 2 27 4 10 1 46 36 11 25 43 5 49 32 40 26 14 22 48 13 21 34 47 37 29 33 44 28 18 20 38 6 7 19 45 31 39 16 41 9 8 4656.14 4944.01
0 23 17 3 12 24 15 35 42 30 2 27 4 10 1 46 36 11 25 43 5 49 32 40 26 14 22 48 13 21 34 47 37 33 44 28 18 20 38 6 29 7 19 45 31 39 16 41 9 8 4653.79 4910.75
0 23 17 3 12 24 15 35 42 30 2 27 4 10 1 46 36 11 25 43 5 49 32 40 26 14 22 48 13 21 34 47 37 33 44 28 18 20 38 6 29 7 19 45 31 39 16 41 9 8 4653.79 4857.65
0 23 17 3 12 24 15 35 42 30 2 27 4 10 1 46 36 11 25 43 5 49 32 40 26 14 22 48 13 21 34 47 37 33 44 28 18 20 38 6 29 7 19 45 31 39 16 41 9 8 4653.79 4772.19
0 23 17 3 12 24 15 35 42 30 2 27 4 10 1 46 36 11 25 43 5 49 32 40 26 14 22 48 13 21 34 47 37 33 44 28 18 20 38 6 29 7 19 45 31 39 16 41 9 8 4653.79 4902.89
0 23 17 3 12 24 15 35 42 30 2 27 4 10 1 46 36 11 25 43 5 49 32 40 26 14 22 48 13 21 34 47 37 33 44 28 18 20 38 6 29 7 19 45 31 39 16 41 9 8 4653.79 4906.75
0 23 17 3 12 24 15 35 42 30 2 27 4 10 1 46 36 11 25 43 5 49 32 40 26 14 22 48 13 21 34 47 37 33 44 28 18 20 38 6 29 7 19 45 31 39 16 41 9 8 4653.79 4968.9
0 23 17 3 12 24 15 35 42 30 2 27 4 10 1 46 36 11 25 43 5 49 32 40 26 14 22 48 13 21 34 47 37 33 44 28 18 20 38 6 29 7 19 45 31 39 16 41 9 8 4653.79 4952.73
0 23 17 3 12 24 15 35 42 30 2 27 4 10 1 46 36 11 25 43 5 49 32 40 26 14 22 48 13 21 34 47 37 33 44 28 18 20 38 6 29 7 19 45 31 39 16 41 9 8 4653.79 4887.26
0 23 17 3 12 24 15 35 42 30 2 27 4 10 1 46 36 11 25 43 5 49 32 40 26 14 22 48 13 21 34 47 37 33 44 28 18 20 38 6 29 7 19 45 31 39 16 41 9 8 4653.79 4912.49
0 23 17 3 12 24 15 35 42 30 2 27 4 10 1 46 36 11 25 43 5 49 32 40 26 14 22 48 13 21 34 47 37 33 44 28 18 20 38 6 29 7 19 45 31 39 16 41 9 8 4653.79 4800.95
0 23 17 3 12 24 15 35 42 30 2 27 4 10 1 46 36 11 25 43 5 49 32 40 26 14 22 48 13 21 34 47 37 33 44 28 18 20 38 6 29 7 19 45 31 39 16 41 9 8 4653.79 4827.23
0 23 17 3 12 24 15 35 42 30 2 27 4 10 1 46 36 11 25 43 5 49 32 40 26 14 22 48 13 21 34 47 37 33 44 28 18 20 38 6 29 7 19 45 31 39 16 41 9 8 4653.79 4956.66
0 23 17 3 12 24 15 35 42 30 2 27 4 10 1 46 36 11 25 43 5 49 32 40 26 14 22 48 13 21 34 47 37 33 44 28 18 20 38 6 29 7 19 45 31 39 16 41 9 8 4653.79 5020.76
0 23 17 3 12 24 15 35 42 30 2 27 4 10 1 46 36 11 25 43 5 49 32 40 26 14 22 48 13 21 34 47 37 33 44 28 18 20 38 6 29 7 19 45 31 39 16 41 9 8 4653.79 4929.49
0 23 17 3 12 24 15 35 42 30 2 27 4 10 1 46 36 11 25 43 5 49 32 40 26 14 22 48 13 21 34 47 37 33 44 28 18 20 38 6 29 7 19 45 31 39 16 41 9 8 4653.79 4918.12
0 23 17 3 12 24 15 35 42 30 2 27 4 10 1 46 36 11 25 43 5 49 32 40 26 14 22 48 13 21 34 47 37 33 44 28 18 20 38 6 29 7 19 45 31 39 16 41 9 8 4653.79 4790
0 23 17 3 12 24 15 35 42 30 2 27 4 10 1 46 36 11 25 43 5 49 32 40 26 14 22 48 13 21 34 47 37 33 44 28 18 20 38 6 29 7 19 45 31 39 16 41 9 8 4653.79 4850.08
0 23 17 3 12 24 15 35 42 30 2 27 4 10 1 46 36 11 25 43 5 49 32 40 26 14 22 48 13 21 34 47 37 33 44 28 18 20 38 6 29 7 19 45 31 39 16 41 9 8 4653.79 4828.33
0 23 17 3 12 24 15 35 42 30 2 27 4 10 1 46 36 11 25 43 5 49 32 40 26 14 22 48 13 21 34 47 37 33 44 28 18 20 38 6 29 7 19 45 31 39 16 41 9 8 4653.79 4828.81
0 23 17 3 12 24 15 35 42 30 2 27 4 10 1 46 36 11 25 43 5 49 32 40 26 14 22 48 13 21 34 47 37 33 44 28 18 20 38 6 29 7 19 45 31 39 16 41 9 8 4653.79 4851.61
0 23 17 3 12 24 15 35 42 30 2 27 4 10 1 46 36 11 25 43 5 49 32 40 26 14 22 48 13 21 34 47 37 33 44 28 18 20 38 6 29 7 19 45 31 39 16 41 9 8 4653.79 4993.59
0 23 17 3 12 24 15 35 42 30 2 27 4 10 1 46 36 11 25 43 5 49 32 40 26 14 22 48 13 21 34 47 37 33 44 28 18 20 38 6 29 7 19 45 31 39 16 41 9 8 4653.79 5012.54
0 23 17 3 12 24 15 35 42 30 2 27 4 10 1 46 36 11 25 43 5 49 32 40 26 14 22 48 13 21 34 47 37 33 44 28 18 20 38 6 29 7 19 45 31 39 16 41 9 8 4653.79 4961.57
0 23 17 3 12 24 15 35 42 30 2 27 4 10 1 46 36 11 25 43 5 49 32 40 26 14 22 48 13 21 34 47 37 33 44 28 18 20 38 6 29 7 19 45 31 39 16 41 9 8 4653.79 4965.89
0 23 17 3 12 24 15 35 42 30 2 27 4 10 1 46 36 11 25 43 5 49 32 40 26 14 22 48 13 21 34 47 37 33 44 28 18 20 38 6 29 7 19 45 31 39 16 41 9 8 4653.79 5035.41
0 23 17 3 12 24 15 35 42 30 2 27 4 10 1 46 36 11 25 43 5 49 32 40 26 14 22 48 13 21 34 47 37 33 44 28 18 20 38 6 29 7 19 45 31 39 16 41 9 8 4653.79 5080.31
0 23 17 3 12 24 15 35 42 30 2 27 4 10 1 46 36 11 25 43 5 49 32 40 26 14 22 48 13 21 34 47 37 33 44 28 18 20 38 6 29 7 19 45 31 39 16 41 9 8 4653.79 4997.14
0 23 17 3 12 24 15 35 42 30 2 27 4 10 1 46 36 11 25 43 5 49 32 40 26 14 22 48 13 21 34 47 37 33 44 28 18 20 38 6 29 7 19 45 31 39 16 41 9 8 4653.79 5027.77
0 23 17 3 12 24 15 35 42 30 2 27 4 10 1 46 36 11 25 43 5 49 32 40 26 14 22 48 13 21 34 47 37 33 44 28 18 20 38 6 29 7 19 45 31 39 16 41 9 8 4653.79 4988.8
0 23 17 3 12 24 15 35 42 30 2 27 4 10 1 46 36 11 25 43 5 49 32 40 26 14 22 48 13 21 34 47 37 33 44 28 18 20 38 6 29 7 19 45 31 39 16 41 9 8 4653.79 4924.39
0 23 17 3 12 24 15 35 42 30 2 27 4 10 1 46 36 11 25 43 5 49 32 40 26 14 22 48 13 21 34 47 37 33 44 28 18 20 38 6 29 7 19 45 31 39 16 41 9 8 4653.79 4956.69
0 23 17 3 12 24 15 35 42 30 2 27 4 10 1 46 36 11 25 43 5 49 32 40 26 14 22 48 13 21 34 47 37 33 44 28 18 20 38 6 29 7 19 45 31 39 16 41 9 8 4653.79 5027.54
0 23 17 3 12 24 15 35 42 30 2 27 4 10 1 46 36 11 25 43 5 49 32 40 26 14 22 48 13 21 34 47 37 33 44 28 18 20 38 6 29 7 19 45 31 39 16 41 9 8 4653.79 4963.23
0 23 17 3 12 24 15 35 42 30 2 27 4 10 1 46 36 11 25 43 5 49 32 40 26 14 22 48 13 21 34 47 37 33 44 28 18 20 38 6 29 7 19 45 31 39 16 41 9 8 4653.79 4917.64
0 23 17 3 12 24 15 35 42 30 2 27 4 10 1 46 36 11 25 43 5 49 32 40 26 14 22 48 13 21 34 47 37 33 44 28 18 20 38 6 29 7 19 45 31 39 16 41 9 8 4653.79 4815.49
0 23 17 3 12 24 15 35 42 30 2 27 4 10 1 46 36 11 25 43 5 49 32 40 26 14 22 48 13 21 34 47 37 33 44 28 18 20 38 6 29 7 19 45 31 39 16 41 9 8 4653.79 4835.32
0 23 17 3 12 24 15 35 42 30 2 27 4 10 1 46 36 11 25 43 5 49 32 40 26 14 22 48 13 21 34 47 37 33 44 28 18 20 38 6 29 7 19 45 31 39 16 41 9 8 4653.79 5014.49
0 23 17 3 12 24 15 35 42 30 2 27 4 10 1 46 36 11 25 43 5 49 32 40 26 14 22 48 13 21 34 47 37 33 44 28 18 20 38 6 29 7 19 45 31 39 16 41 9 8 4653.79 4803.85
0 23 17 3 12 24 15 35 42 30 2 27 4 10 1 46 36 11 25 43 5 49 32 40 26 14 22 48 13 21 34 47 37 33 44 28 18 20 38 6 29 7 19 45 31 39 16 41 9 8 4653.79 4846.99
0 23 17 3 12 24 15 35 42 30 2 27 4 10 1 46 36 11 25 43 5 49 32 40 26 14 22 48 13 21 34 47 37 33 44 28 18 20 38 6 29 7 19 45 31 39 16 41 9 8 4653.79 4935.78
0 23 17 3 12 24 15 35 42 30 2 27 4 10 1 46 36 11 25 43 5 49 32 40 26 14 22 48 13 21 34 47 37 33 44 28 18 20 38 6 29 7 19 45 31 39 16 41 9 8 4653.79 4913.05
0 23 17 3 12 24 15 35 42 30 2 27 4 10 1 46 36 11 25 43 5 49 32 40 26 14 22 48 13 21 34 47 37 33 44 28 18 20 38 6 29 7 19 45 31 39 16 41 9 8 4653.79 4879.54
0 23 17 3 12 24 15 35 42 30 2 27 4 10 1 46 36 11 25 43 5 49 32 40 26 14 22 48 13 21 34 47 37 33 44 28 18 20 38 6 29 7 19 45 31 39 16 41 9 8 4653.79 4755.72
0 23 17 3 12 24 15 35 42 30 2 27 4 10 1 46 36 11 25 43 5 49 32 40 26 14 22 48 13 21 34 47 37 33 44 28 18 20 38 6 29 7 19 45 31 39 16 41 9 8 4653.79 4884.98
0 23 17 3 12 24 15 35 42 30 2 27 4 10 1 46 36 11 25 43 5 49 32 40 26 14 22 48 13 21 34 47 37 33 44 28 18 20 38 6 29 7 19 45 31 39 16 41 9 8 4653.79 4869.56
0 23 17 3 12 24 15 35 42 30 2 27 4 10 1 46 36 11 25 43 5 49 32 40 26 14 22 48 13 21 34 47 37 33 44 28 18 20 38 6 29 7 19 45 31 39 16 41 9 8 4653.79 4833.92
0 23 17 3 12 24 15 35 42 30 2 27 4 10 1 46 36 11 25 43 5 49 32 40 26 14 22 48 13 21 34 47 37 33 44 28 18 20 38 6 29 7 19 45 31 39 16 41 9 8 4653.79 4985.13
0 23 17 3 12 24 15 35 42 30 2 27 4 10 1 46 36 11 25 43 5 49 32 40 26 14 22 48 13 21 34 47 37 33 44 28 18 20 38 6 29 7 19 45 31 39 16 41 9 8 4653.79 4911.93
0 23 17 3 12 24 15 35 42 30 2 27 4 10 1 46 36 11 25 43 5 49 32 40 26 14 22 48 13 21 34 47 37 33 44 28 18 20 38 6 29 7 19 45 31 39 16 41 9 8 4653.79 4986.93
0 23 17 3 12 24 15 35 42 30 2 27 4 10 1 46 36 11 25 43 5 49 32 40 26 14 22 48 13 21 34 47 37 33 44 28 18 20 38 6 29 7 19 45 31 39 16 41 9 8 4653.79 5031.26
0 23 17 3 12 24 15 35 42 30 2 27 4 10 1 46 36 11 25 43 5 49 32 40 26 14 22 48 13 21 34 47 37 33 44 28 18 20 38 6 29 7 19 45 31 39 16 41 9 8 4653.79 4837.39
0 23 17 3 12 24 15 35 42 30 2 27 4 10 1 46 36 11 25 43 5 49 32 40 26 14 22 48 13 21 34 47 37 33 44 28 18 20 38 6 29 7 19 45 31 39 16 41 9 8 4653.79 4922.77
0 23 17 3 12 24 15 35 42 30 2 27 4 10 1 46 36 11 25 43 5 49 32 40 26 14 22 48 13 21 34 47 37 33 44 28 18 20 38 6 29 7 19 45 31 39 16 41 9 8 4653.79 4818.21
0 23 17 3 12 24 15 35 42 30 2 27 4 10 1 46 36 11 25 43 5 49 32 40 26 14 22 48 13 21 34 47 37 33 44 28 18 20 38 6 29 7 19 45 31 39 16 41 9 8 4653.79 4810.61
0 23 17 3 12 24 15 35 42 30 2 27 4 10 1 46 36 11 25 43 5 49 32 40 26 14 22 48 13 21 34 47 37 33 44 28 18 20 38 6 29 7 19 45 31 39 16 41 9 8 4653.79 4862.39
0 23 17 3 12 24 15 35 42 30 2 27 4 10 1 46 36 11 25 43 5 49 32 40 26 14 22 48 13 21 34 47 37 33 44 28 18 20 38 6 29 7 19 45 31 39 16 41 9 8 4653.79 4848.49
0 23 17 3 12 24 15 35 42 30 2 27 4 10 1 46 36 11 25 43 5 49 32 40 26 14 22 48 13 21 34 47 37 33 44 28 18 20 38 6 29 7 19 45 31 39 16 41 9 8 4653.79 4961.94
0 23 17 3 12 24 15 35 42 30 2 27 4 10 1 46 36 11 25 43 5 49 32 40 26 14 22 48 13 21 34 47 37 33 44 28 18 20 38 6 29 7 19 45 31 39 16 41 9 8 4653.79 4896.26
0 23 17 3 12 24 15 35 42 30 2 27 4 10 1 46 36 11 25 43 5 49 32 40 26 14 22 48 13 21 34 47 37 33 44 28 18 20 38 6 29 7 19 45 31 39 16 41 9 8 4653.79 4842.57
0 23 17 3 12 24 15 35 42 30 2 27 4 10 1 46 36 11 25 43 5 49 32 40 26 14 22 48 13 21 34 47 37 33 44 28 18 20 38 6 29 7 19 45 31 39 16 41 9 8 4653.79 4835.64
0 23 17 3 12 24 15 35 42 30 2 27 4 10 1 46 36 11 25 43 5 49 32 40 26 14 22 48 13 21 34 47 37 33 44 28 18 20 38 6 29 7 19 45 31 39 16 41 9 8 4653.79 4869.77
0 23 17 3 12 24 15 35 42 30 2 27 4 10 1 46 36 11 25 43 5 49 32 40 26 14 22 48 13 21 34 47 37 33 44 28 18 20 38 6 29 7 19 45 31 39 16 41 9 8 4653.79 4845.31
0 23 17 3 12 24 15 35 42 30 2 27 4 10 1 46 36 11 25 43 5 49 32 40 26 14 22 48 13 21 34 47 37 33 44 28 18 20 38 6 29 7 19 45 31 39 16 41 9 8 4653.79 4808.63
0 23 17 3 12 24 15 35 42 30 2 27 4 10 1 46 36 11 25 43 5 49 32 40 26 14 22 48 13 21 34 47 37 33 44 28 18 20 38 6 29 7 19 45 31 39 16 41 9 8 4653.79 4792.43
0 23 17 3 12 24 15 35 42 30 2 27 4 10 1 46 36 11 25 43 5 49 32 40 26 14 22 48 13 21 34 47 37 33 44 28 18 20 38 6 29 7 19 45 31 39 16 41 9 8 4653.79 4853.12
0 23 17 3 12 24 15 35 42 30 2 27 4 10 1 46 36 11 25 43 5 49 32 40 26 14 22 48 13 21 34 47 37 33 44 28 18 20 38 6 29 7 19 45 31 39 16 41 9 8 4653.79 5052.86
0 23 17 3 12 24 15 35 42 30 2 27 4 10 1 46 36 11 25 43 5 49 32 40 26 14 22 48 13 21 34 47 37 33 44 28 18 20 38 6 29 7 19 45 31 39 16 41 9 8 4653.79 4862.93
0 23 17 3 12 24 15 35 42 30 2 27 4 10 1 46 36 11 25 43 5 49 32 40 26 14 22 48 13 21 34 47 37 33 44 28 18 20 38 6 29 7 19 45 31 39 16 41 9 8 4653.79 4898.72
0 23 17 3 12 24 15 35 42 30 2 27 4 10 1 46 36 11 25 43 5 49 32 40 26 14 22 48 13 21 34 47 37 33 44 28 18 20 38 6 29 7 19 45 31 39 16 41 9 8 4653.79 4846.94
0 23 17 3 12 24 15 35 42 30 2 27 4 10 1 46 36 11 25 43 5 49 32 40 26 14 22 48 13 21 34 47 37 33 44 28 18 20 38 6 29 7 19 45 31 39 16 41 9 8 4653.79 4843.71
0 23 17 3 12 24 15 35 42 30 2 27 4 10 1 46 36 11 25 43 5 49 32 40 26 14 22 48 13 21 34 47 37 33 44 28 18 20 38 6 29 7 19 45 31 39 16 41 9 8 4653.79 4999.7
0 23 17 3 12 24 15 35 42 30 2 27 4 10 1 46 36 11 25 43 5 49 32 40 26 14 22 48 13 21 34 47 37 33 44 28 18 20 38 6 29 7 19 45 31 39 16 41 9 8 4653.79 4926.27
0 23 17 3 12 24 15 35 42 30 2 27 4 10 1 46 36 11 25 43 5 49 32 40 26 14 22 48 13 21 34 47 37 33 44 28 18 20 38 6 29 7 19 45 31 39 16 41 9 8 4653.79 4917.54
0 23 17 3 12 24 15 35 42 30 2 27 4 10 1 46 36 11 25 43 5 49 32 40 26 14 22 48 13 21 34 47 37 33 44 28 18 20 38 6 29 7 19 45 31 39 16 41 9 8 4653.79 4938.76
0 23 17 3 12 24 15 35 42 30 2 27 4 10 1 46 36 11 25 43 5 49 32 40 26 14 22 48 13 21 34 47 37 33 44 28 18 20 38 6 29 7 19 45 31 39 16 41 9 8 4653.79 4864.47
0 23 17 3 12 24 15 35 42 30 2 27 4 10 1 46 36 11 25 43 5 49 32 40 26 14 22 48 13 21 34 47 37 33 44 28 18 20 38 6 29 7 19 45 31 39 16 41 9 8 4653.79 4867.04
0 23 17 3 12 24 15 35 42 30 2 27 4 10 1 46 36 11 25 43 5 49 32 40 26 14 22 48 13 21 34 47 37 33 44 28 18 20 38 6 29 7 19 45 31 39 16 41 9 8 4653.79 4914.66
0 23 17 3 12 24 15 35 42 30 2 27 4 10 1 46 36 11 25 43 5 49 32 40 26 14 22 48 13 21 34 47 37 33 44 28 18 20 38 6 29 7 19 45 31 39 16 41 9 8 4653.79 4985.67
0 23 17 3 12 24 15 35 42 30 2 27 4 10 1 46 36 11 25 43 5 49 32 40 26 14 22 48 13 21 34 47 37 33 44 28 18 20 38 6 29 7 19 45 31 39 16 41 9 8 4653.79 4944.89
0 23 17 3 12 24 15 35 42 30 2 27 4 10 1 46 36 11 25 43 5 49 32 40 26 14 22 48 13 21 34 47 37 33 44 28 18 20 38 6 29 7 19 45 31 39 16 41 9 8 4653.79 4885.8
0 23 17 3 12 24 15 35 42 30 2 27 4 10 1 46 36 11 25 43 5 49 32 40 26 14 22 48 13 21 34 47 37 33 44 28 18 20 38 6 29 7 19 45 31 39 16 41 9 8 4653.79 4832.84
0 23 17 3 12 24 15 35 42 30 2 27 4 10 1 46 36 11 25 43 5 49 32 40 26 14 22 48 13 21 34 47 37 33 44 28 18 20 38 6 29 7 19 45 31 39 16 41 9 8 4653.79 5047.94
0 23 17 3 12 24 15 35 42 30 2 27 4 10 1 46 36 11 25 43 5 49 32 40 26 14 22 48 13 21 34 47 37 33 44 28 18 20 38 6 29 7 19 45 31 39 16 41 9 8 4653.79 5001.84
0 23 17 3 12 24 15 35 42 30 2 27 4 10 1 46 36 11 25 43 5 49 32 40 26 14 22 48 13 21 34 47 37 33 44 28 18 20 38 6 29 7 19 45 31 39 16 41 9 8 4653.79 5044.54
0 23 17 3 12 24 15 35 42 30 2 27 4 10 1 46 36 11 25 43 5 49 32 40 26 14 22 48 13 21 34 47 37 33 44 28 18 20 38 6 29 7 19 45 31 39 16 41 9 8 4653.79 4915.15
0 23 17 3 12 24 15 35 42 30 2 27 4 10 1 46 36 11 25 43 5 49 32 40 26 14 22 48 13 21 34 47 37 33 44 28 18 20 38 6 29 7 19 45 31 39 16 41 9 8 4653.79 4946.57
0 23 17 3 12 24 15 35 42 30 2 27 4 10 1 46 36 11 25 43 5 49 32 40 26 14 22 48 13 21 34 47 37 33 44 28 18 20 38 6 29 7 19 45 31 39 16 41 9 8 4653.79 4911.96
0 23 17 3 12 24 15 35 42 30 2 27 4 10 1 46 36 11 25 43 5 49 32 40 26 14 22 48 13 21 34 47 37 33 44 28 18 20 38 6 29 7 19 45 31 39 16 41 9 8 4653.79 4808.01
0 23 17 3 12 24 15 35 42 30 2 27 4 10 1 46 36 11 25 43 5 49 32 40 26 14 22 48 13 21 34 47 37 33 44 28 18 20 38 6 29 7 19 45 31 39 16 41 9 8 4653.79 4830.73
0 23 17 3 12 24 15 35 42 30 2 27 4 10 1 46 36 11 25 43 5 49 32 40 26 14 22 48 13 21 34 47 37 33 44 28 18 20 38 6 29 7 19 45 31 39 16 41 9 8 4653.79 4799.63
0 23 17 3 12 24 15 35 42 30 2 27 4 10 1 46 36 11 25 43 5 49 32 40 26 14 22 48 13 21 34 47 37 33 44 28 18 20 38 6 29 7 19 45 31 39 16 41 9 8 4653.79 4797.22
0 23 17 3 12 24 15 35 42 30 2 27 4 10 1 46 36 11 25 43 5 49 32 40 26 14 22 48 13 21 34 47 37 33 44 28 18 20 38 6 29 7 19 45 31 39 16 41 9 8 4653.79 4907.55
0 23 17 3 12 24 15 35 42 30 2 27 4 10 1 46 36 11 25 43 5 49 32 40 26 14 22 48 13 21 34 47 37 33 44 28 18 20 38 6 29 7 19 45 31 39 16 41 9 8 4653.79 5058.25
0 23 17 3 12 24 15 35 42 30 2 27 4 10 1 46 36 11 25 43 5 49 32 40 26 14 22 48 13 21 34 47 37 33 44 28 18 20 38 6 29 7 19 45 31 39 16 41 9 8 4653.79 4843.98
0 23 17 3 12 24 15 35 42 30 2 27 4 10 1 46 36 11 25 43 5 49 32 40 26 14 22 48 13 21 34 47 37 33 44 28 18 20 38 6 29 7 19 45 31 39 16 41 9 8 4653.79 4870.74
0 23 17 3 12 24 15 35 42 30 2 27 4 10 1 46 36 11 25 43 5 49 32 40 26 14 22 48 13 21 34 47 37 33 44 28 18 20 38 6 29 7 19 45 31 39 16 41 9 8 4653.79 4970.38
0 23 17 3 12 24 15 35 42 30 2 27 4 10 1 46 36 11 25 43 5 49 32 40 26 14 22 48 13 21 34 47 37 33 44 28 18 20 38 6 29 7 19 45 31 39 16 41 9 8 4653.79 4853.48
0 23 17 3 12 24 15 35 42 30 2 27 4 10 1 46 36 11 25 43 5 49 32 40 26 14 22 48 13 21 34 47 37 33 44 28 18 20 38 6 29 7 19 45 31 39 16 41 9 8 4653.79 4920.18
0 23 17 3 12 24 15 35 42 30 2 27 4 10 1 46 36 11 25 43 5 49 32 40 26 14 22 48 13 21 34 47 37 33 44 28 18 20 38 6 29 7 19 45 31 39 16 41 9 8 4653.79 4947.16
0 23 17 3 12 24 15 35 42 30 2 27 4 10 1 46 36 11 25 43 5 49 32 40 26 14 22 48 13 21 34 47 37 33 44 28 18 20 38 6 29 7 19 45 31 39 16 41 9 8 4653.79 4856.06
0 23 17 3 12 24 15 35 42 30 2 27 4 10 1 46 36 11 25 43 5 49 32 40 26 14 22 48 13 21 34 47 37 33 44 28 18 20 38 6 29 7 19 45 31 39 16 41 9 8 4653.79 4888.09
0 23 17 3 12 24 15 35 42 30 2 27 4 10 1 46 36 11 25 43 5 49 32 40 26 14 22 48 13 21 34 47 37 33 44 28 18 20 38 6 29 7 19 45 31 39 16 41 9 8 4653.79 4885.62
0 23 17 3 12 24 15 35 42 30 2 27 4 10 1 46 36 11 25 43 5 49 32 40 26 14 22 48 13 21 34 47 37 33 44 28 18 20 38 6 29 7 19 45 31 39 16 41 9 8 4653.79 4889.82
0 23 17 3 12 24 15 35 42 30 2 27 4 10 1 46 36 11 25 43 5 49 32 40 26 14 22 48 13 21 34 47 37 33 44 28 18 20 38 6 29 7 19 45 31 39 16 41 9 8 4653.79 4897.11
0 23 17 3 12 24 15 35 42 30 2 27 4 10 1 46 36 11 25 43 5 49 32 40 26 14 22 48 13 21 34 47 37 33 44 28 18 20 38 6 29 7 19 45 31 39 16 41 9 8 4653.79 4893.23
0 23 17 3 12 24 15 35 42 30 2 27 4 10 1 46 36 11 25 43 5 49 32 40 26 14 22 48 13 21 34 47 37 33 44 28 18 20 38 6 29 7 19 45 31 39 16 41 9 8 4653.79 4840.94
0 23 17 3 12 24 15 35 42 30 2 27 4 10 1 46 36 11 25 43 5 49 32 40 26 14 22 48 13 21 34 47 37 33 44 28 18 20 38 6 29 7 19 45 31 39 16 41 9 8 4653.79 4889.25
0 23 17 3 12 24 15 35 42 30 2 27 4 10 1 46 36 11 25 43 5 49 32 40 26 14 22 48 13 21 34 47 37 33 44 28 18 20 38 6 29 7 19 45 31 39 16 41 9 8 4653.79 4796.65
0 23 17 3 12 24 15 35 42 30 2 27 4 10 1 46 36 11 25 43 5 49 32 40 26 14 22 48 13 21 34 47 37 33 44 28 18 20 38 6 29 7 19 45 31 39 16 41 9 8 4653.79 4778.75
0 23 17 3 12 24 15 35 42 30 2 27 4 10 1 46 36 11 25 43 5 49 32 40 26 14 22 48 13 21 34 47 37 33 44 28 18 20 38 6 29 7 19 45 31 39 16 41 9 8 4653.79 4763.76
0 23 17 3 12 24 15 35 42 30 2 27 4 10 1 46 36 11 25 43 5 49 32 40 26 14 22 48 13 21 34 47 37 33 44 28 18 20 38 6 29 7 19 45 31 39 16 41 9 8 4653.79 4782.44
0 23 17 3 12 24 15 35 42 30 2 27 4 10 1 46 36 11 25 43 5 49 32 40 26 14 22 48 13 21 34 47 37 33 44 28 18 20 38 6 29 7 19 45 31 39 16 41 9 8 4653.79 4821.89
0 23 17 3 12 24 15 35 42 30 2 27 4 10 1 46 36 11 25 43 5 49 32 40 26 14 22 48 13 21 34 47 37 33 44 28 18 20 38 6 29 7 19 45 31 39 16 41 9 8 4653.79 4911.22
0 23 17 3 12 24 15 35 42 30 2 27 4 10 1 46 36 11 25 43 5 49 32 40 26 14 22 48 13 21 34 47 37 33 44 28 18 20 38 6 29 7 19 45 31 39 16 41 9 8 4653.79 4934.06
0 23 17 3 12 24 15 35 42 30 2 27 4 10 1 46 36 11 25 43 5 49 32 40 26 14 22 48 13 21 34 47 37 33 44 28 18 20 38 6 29 7 19 45 31 39 16 41 9 8 4653.79 4836.93
0 23 17 3 12 24 15 35 42 30 2 27 4 10 1 46 36 11 25 43 5 49 32 40 26 14 22 48 13 21 34 47 37 33 44 28 18 20 38 6 29 7 19 45 31 39 16 41 9 8 4653.79 4918.24
0 23 17 3 12 24 15 35 42 30 2 27 4 10 1 46 36 11 25 43 5 49 32 40 26 14 22 48 13 21 34 47 37 33 44 28 18 20 38 6 29 7 19 45 31 39 16 41 9 8 4653.79 4970.68
0 23 17 3 12 24 15 35 42 30 2 27 4 10 1 46 36 11 25 43 5 49 32 40 26 14 22 48 13 21 34 47 37 33 44 28 18 20 38 6 29 7 19 45 31 39 16 41 9 8 4653.79 4902.94
0 23 17 3 12 24 15 35 42 30 2 27 4 10 1 46 36 11 25 43 5 49 32 40 26 14 22 48 13 21 34 47 37 33 44 28 18 20 38 6 29 7 19 45 31 39 16 41 9 8 4653.79 4865.68
0 23 17 3 12 24 15 35 42 30 2 27 4 10 1 46 36 11 25 43 5 49 32 40 26 14 22 48 13 21 34 47 37 33 44 28 18 20 38 6 29 7 19 45 31 39 16 41 9 8 4653.79 4875.02
0 23 17 3 12 24 15 35 42 30 2 27 4 10 1 46 36 11 25 43 5 49 32 40 26 14 22 48 13 21 34 47 37 33 44 28 18 20 38 6 29 7 19 45 31 39 16 41 9 8 4653.79 4837.46
0 23 17 3 12 24 15 35 42 30 2 27 4 10 1 46 36 11 25 43 5 49 32 40 26 14 22 48 13 21 34 47 37 33 44 28 18 20 38 6 29 7 19 45 31 39 16 41 9 8 4653.79 4877.73
0 23 17 3 12 24 15 35 42 30 2 27 4 10 1 46 36 11 25 43 5 49 32 40 26 14 22 48 13 21 34 47 37 33 44 28 18 20 38 6 29 7 19 45 31 39 16 41 9 8 4653.79 4839.35
0 23 17 3 12 24 15 35 42 30 2 27 4 10 1 46 36 11 25 43 5 49 32 40 26 14 22 48 13 21 34 47 37 33 44 28 18 20 38 6 29 7 19 45 31 39 16 41 9 8 4653.79 4857.15
0 23 17 3 12 24 15 35 42 30 2 27 4 10 1 46 36 11 25 43 5 49 32 40 26 14 22 48 13 21 34 47 37 33 44 28 18 20 38 6 29 7 19 45 31 39 16 41 9 8 4653.79 4903.24
0 23 17 3 12 24 15 35 42 30 2 27 4 10 1 46 36 11 25 43 5 49 32 40 26 14 22 48 13 21 34 47 37 33 44 28 18 20 38 6 29 7 19 45 31 39 16 41 9 8 4653.79 4921.53
0 23 17 3 12 24 15 35 42 30 2 27 4 10 1 46 36 11 25 43 5 49 32 40 26 14 22 48 13 21 34 47 37 33 44 28 18 20 38 6 29 7 19 45 31 39 16 41 9 8 4653.79 4821.5
0 23 17 3 12 24 15 35 42 30 2 27 4 10 1 46 36 11 25 43 5 49 32 40 26 14 22 48 13 21 34 47 37 33 44 28 18 20 38 6 29 7 19 45 31 39 16 41 9 8 4653.79 4833.34
0 23 17 3 12 24 15 35 42 30 2 27 4 10 1 46 36 11 25 43 5 49 32 40 26 14 22 48 13 21 34 47 37 33 44 28 18 20 38 6 29 7 19 45 31 39 16 41 9 8 4653.79 4848.16
0 23 17 3 12 24 15 35 42 30 2 27 4 10 1 46 36 11 25 43 5 49 32 40 26 14 22 48 13 21 34 47 37 33 44 28 18 20 38 6 29 7 19 45 31 39 16 41 9 8 4653.79 4848.32
0 23 17 3 12 24 15 35 42 30 2 27 4 10 1 46 36 11 25 43 5 49 32 40 26 14 22 48 13 21 34 47 37 33 44 28 18 20 38 6 29 7 19 45 31 39 16 41 9 8 4653.79 4825.24
0 23 17 3 12 24 15 35 42 30 2 27 4 10 1 46 36 11 25 43 5 49 32 40 26 14 22 48 13 21 34 47 37 33 44 28 18 20 38 6 29 7 19 45 31 39 16 41 9 8 4653.79 4909.86
0 23 17 3 12 24 15 35 42 30 2 27 4 10 1 46 36 11 25 43 5 49 32 40 26 14 22 48 13 21 34 47 37 33 44 28 18 20 38 6 29 7 19 45 31 39 16 41 9 8 4653.79 4890.92
0 23 17 3 12 24 15 35 42 30 2 27 4 10 1 46 36 11 25 43 5 49 32 40 26 14 22 48 13 21 34 47 37 33 44 28 18 20 38 6 29 7 19 45 31 39 16 41 9 8 4653.79 4858.69
0 23 17 3 12 24 15 35 42 30 2 27 4 10 1 46 36 11 25 43 5 49 32 40 26 14 22 48 13 21 34 47 37 33 44 28 18 20 38 6 29 7 19 45 31 39 16 41 9 8 4653.79 4854.61
0 23 17 3 12 24 15 35 42 30 2 27 4 10 1 46 36 11 25 43 5 49 32 40 26 14 22 48 13 21 34 47 37 33 44 28 18 20 38 6 29 7 19 45 31 39 16 41 9 8 4653.79 4898.72
0 23 17 3 12 24 15 35 42 30 2 27 4 10 1 46 36 11 25 43 5 49 32 40 26 14 22 48 13 21 34 47 37 33 44 28 18 20 38 6 29 7 19 45 31 39 16 41 9 8 4653.79 4834.73
0 23 17 3 12 24 15 35 42 30 2 27 4 10 1 46 36 11 25 43 5 49 32 40 26 14 22 48 13 21 34 47 37 33 44 28 18 20 38 6 29 7 19 45 31 39 16 41 9 8 4653.79 4792.93
0 23 17 3 12 24 15 35 42 30 2 27 4 10 1 46 36 11 25 43 5 49 32 40 26 14 22 48 13 21 34 47 37 33 44 28 18 20 38 6 29 7 19 45 31 39 16 41 9 8 4653.79 4828.37
0 23 17 3 12 24 15 35 42 30 2 27 4 10 1 46 36 11 25 43 5 49 32 40 26 14 22 48 13 21 34 47 37 33 44 28 18 20 38 6 29 7 19 45 31 39 16 41 9 8 4653.79 4900.28
0 23 17 3 12 24 15 35 42 30 2 27 4 10 1 46 36 11 25 43 5 49 32 40 26 14 22 48 13 21 34 47 37 33 44 28 18 20 38 6 29 7 19 45 31 39 16 41 9 8 4653.79 4834.26
0 23 17 3 12 24 15 35 42 30 2 27 4 10 1 46 36 11 25 43 5 49 32 40 26 14 22 48 13 21 34 47 37 33 44 28 18 20 38 6 29 7 19 45 31 39 16 41 9 8 4653.79 4910.93
0 23 17 3 12 24 15 35 42 30 2 27 4 10 1 46 36 11 25 43 5 49 32 40 26 14 22 48 13 21 34 47 37 33 44 28 18 20 38 6 29 7 19 45 31 39 16 41 9 8 4653.79 4987.56
0 23 17 3 12 24 15 35 42 30 2 27 4 10 1 46 36 11 25 43 5 49 32 40 26 14 22 48 13 21 34 47 37 33 44 28 18 20 38 6 29 7 19 45 31 39 16 41 9 8 4653.79 4936.99
0 23 17 3 12 24 15 35 42 30 2 27 4 10 1 46 36 11 25 43 5 49 32 40 26 14 22 48 13 21 34 47 37 33 44 28 18 20 38 6 29 7 19 45 31 39 16 41 9 8 4653.79 4803.73
0 23 17 3 12 24 15 35 42 30 2 27 4 10 1 46 36 11 25 43 5 49 32 40 26 14 22 48 13 21 34 47 37 33 44 28 18 20 38 6 29 7 19 45 31 39 16 41 9 8 4653.79 4930.45
0 23 17 3 12 24 15 35 42 30 2 27 4 10 1 46 36 11 25 43 5 49 32 40 26 14 22 48 13 21 34 47 37 33 44 28 18 20 38 6 29 7 19 45 31 39 16 41 9 8 4653.79 4812.22
0 23 17 3 12 24 15 35 42 30 2 27 4 10 1 46 36 11 25 43 5 49 32 40 26 14 22 48 13 21 34 47 37 33 44 28 18 20 38 6 29 7 19 45 31 39 16 41 9 8 4653.79 4784.85
0 23 17 3 12 24 15 35 42 30 2 27 4 10 1 46 36 11 25 43 5 49 32 40 26 14 22 48 13 21 34 47 37 33 44 28 18 20 38 6 29 7 19 45 31 39 16 41 9 8 4653.79 4811.52
0 23 17 3 12 24 15 35 42 30 2 27 4 10 1 46 36 11 25 43 5 49 32 40 26 14 22 48 13 21 34 47 37 33 44 28 18 20 38 6 29 7 19 45 31 39 16 41 9 8 4653.79 4844.59
0 23 17 3 12 24 15 35 42 30 2 27 4 10 1 46 36 11 25 43 5 49 32 40 26 14 22 48 13 21 34 47 37 33 44 28 18 20 38 6 29 7 19 45 31 39 16 41 9 8 4653.79 4860.22
0 23 17 3 12 24 15 35 42 30 2 27 4 10 1 46 36 11 25 43 5 49 32 40 26 14 22 48 13 21 34 47 37 33 44 28 18 20 38 6 29 7 19 45 31 39 16 41 9 8 4653.79 4829.91
0 23 17 3 12 24 15 35 42 30 2 27 4 10 1 46 36 11 25 43 5 49 32 40 26 14 22 48 13 21 34 47 37 33 44 28 18 20 38 6 29 7 19 45 31 39 16 41 9 8 4653.79 4913.73
0 23 17 3 12 24 15 35 42 30 2 27 4 10 1 46 36 11 25 43 5 49 32 40 26 14 22 48 13 21 34 47 37 33 44 28 18 20 38 6 29 7 19 45 31 39 16 41 9 8 4653.79 4898.71
0 23 17 3 12 24 15 35 42 30 2 27 4 10 1 46 36 11 25 43 5 49 32 40 26 14 22 48 13 21 34 47 37 33 44 28 18 20 38 6 29 7 19 45 31 39 16 41 9 8 4653.79 4907.07
0 23 17 3 12 24 15 35 42 30 2 27 4 10 1 46 36 11 25 43 5 49 32 40 26 14 22 48 13 21 34 47 37 33 44 28 18 20 38 6 29 7 19 45 31 39 16 41 9 8 4653.79 4954.72
0 23 17 3 12 24 15 35 42 30 2 27 4 10 1 46 36 11 25 43 5 49 32 40 26 14 22 48 13 21 34 47 37 33 44 28 18 20 38 6 29 7 19 45 31 39 16 41 9 8 4653.79 4906.95
0 23 17 3 12 24 15 35 42 30 2 27 4 10 1 46 36 11 25 43 5 49 32 40 26 14 22 48 13 21 34 47 37 33 44 28 18 20 38 6 29 7 19 45 31 39 16 41 9 8 4653.79 4960.82
0 23 17 3 12 24 15 35 42 30 2 27 4 10 1 46 36 11 25 43 5 49 32 40 26 14 22 48 13 21 34 47 37 33 44 28 18 20 38 6 29 7 19 45 31 39 16 41 9 8 4653.79 4967.86
0 23 17 3 12 24 15 35 42 30 2 27 4 10 1 46 36 11 25 43 5 49 32 40 26 14 22 48 13 21 34 47 37 33 44 28 18 20 38 6 29 7 19 45 31 39 16 41 9 8 4653.79 4921.48
0 23 17 3 12 24 15 35 42 30 2 27 4 10 1 46 36 11 25 43 5 49 32 40 26 14 22 48 13 21 34 47 37 33 44 28 18 20 38 6 29 7 19 45 31 39 16 41 9 8 4653.79 4916.9
0 23 17 3 12 24 15 35 42 30 2 27 4 10 1 46 36 11 25 43 5 49 32 40 26 14 22 48 13 21 34 47 37 33 44 28 18 20 38 6 29 7 19 45 31 39 16 41 9 8 4653.79 4941.52
0 23 17 3 12 24 15 35 42 30 2 27 4 10 1 46 36 11 25 43 5 49 32 40 26 14 22 48 13 21 34 47 37 33 44 28 18 20 38 6 29 7 19 45 31 39 16 41 9 8 4653.79 4887.59
0 23 17 3 12 24 15 35 42 30 2 27 4 10 1 46 36 11 25 43 5 49 32 40 26 14 22 48 13 21 34 47 37 33 44 28 18 20 38 6 29 7 19 45 31 39 16 41 9 8 4653.79 4834.28
0 23 17 3 12 24 15 35 42 30 2 27 4 10 1 46 36 11 25 43 5 49 32 40 26 14 22 48 13 21 34 47 37 33 44 28 18 20 38 6 29 7 19 45 31 39 16 41 9 8 4653.79 4880.65
0 23 17 3 12 24 15 35 42 30 2 27 4 10 1 46 36 11 25 43 5 49 32 40 26 14 22 48 13 21 34 47 37 33 44 28 18 20 38 6 29 7 19 45 31 39 16 41 9 8 4653.79 4952.59
0 23 17 3 12 24 15 35 42 30 2 27 4 10 1 46 36 11 25 43 5 49 32 40 26 14 22 48 13 21 34 47 37 33 44 28 18 20 38 6 29 7 19 45 31 39 16 41 9 8 4653.79 4933.65
0 23 17 3 12 24 15 35 42 30 2 27 4 10 1 46 36 11 25 43 5 49 32 40 26 14 22 48 13 21 34 47 37 33 44 28 18 20 38 6 29 7 19 45 31 39 16 41 9 8 4653.79 4970.97
0 23 17 3 12 24 15 35 42 30 2 27 4 10 1 46 36 11 25 43 5 49 32 40 26 14 22 48 13 21 34 47 37 33 44 28 18 20 38 6 29 7 19 45 31 39 16 41 9 8 4653.79 4876.86
0 23 17 3 12 24 15 35 42 30 2 27 4 10 1 46 36 11 25 43 5 49 32 40 26 14 22 48 13 21 34 47 37 33 44 28 18 20 38 6 29 7 19 45 31 39 16 41 9 8 4653.79 4826.61
0 23 17 3 12 24 15 35 42 30 2 27 4 10 1 46 36 11 25 43 5 49 32 40 26 14 22 48 13 21 34 47 37 33 44 28 18 20 38 6 29 7 19 45 31 39 16 41 9 8 4653.79 4913.99
0 23 17 3 12 24 15 35 42 30 2 27 4 10 1 46 36 11 25 43 5 49 32 40 26 14 22 48 13 21 34 47 37 33 44 28 18 20 38 6 29 7 19 45 31 39 16 41 9 8 4653.79 4899.14
0 23 17 3 12 24 15 35 42 30 2 27 4 10 1 46 36 11 25 43 5 49 32 40 26 14 22 48 13 21 34 47 37 33 44 28 18 20 38 6 29 7 19 45 31 39 16 41 9 8 4653.79 4958.25
0 23 17 3 12 24 15 35 42 30 2 27 4 10 1 46 36 11 25 43 5 49 32 40 26 14 22 48 13 21 34 47 37 33 44 28 18 20 38 6 29 7 19 45 31 39 16 41 9 8 4653.79 5043.66
0 23 17 3 12 24 15 35 42 30 2 27 4 10 1 46 36 11 25 43 5 49 32 40 26 14 22 48 13 21 34 47 37 33 44 28 18 20 38 6 29 7 19 45 31 39 16 41 9 8 4653.79 5014.21
0 23 17 3 12 24 15 35 42 30 2 27 4 10 1 46 36 11 25 43 5 49 32 40 26 14 22 48 13 21 34 47 37 33 44 28 18 20 38 6 29 7 19 45 31 39 16 41 9 8 4653.79 4909.8
0 23 17 3 12 24 15 35 42 30 2 27 4 10 1 46 36 11 25 43 5 49 32 40 26 14 22 48 13 21 34 47 37 33 44 28 18 20 38 6 29 7 19 45 31 39 16 41 9 8 4653.79 5028.68
0 23 17 3 12 24 15 35 42 30 2 27 4 10 1 46 36 11 25 43 5 49 32 40 26 14 22 48 13 21 34 47 37 33 44 28 18 20 38 6 29 7 19 45 31 39 16 41 9 8 4653.79 5065.81
0 23 17 3 12 24 15 35 42 30 2 27 4 10 1 46 36 11 25 43 5 49 32 40 26 14 22 48 13 21 34 47 37 33 44 28 18 20 38 6 29 7 19 45 31 39 16 41 9 8 4653.79 4858.23
0 23 17 3 12 24 15 35 42 30 2 27 4 10 1 46 36 11 25 43 5 49 32 40 26 14 22 48 13 21 34 47 37 33 44 28 18 20 38 6 29 7 19 45 31 39 16 41 9 8 4653.79 4939.33
0 23 17 3 12 24 15 35 42 30 2 27 4 10 1 46 36 11 25 43 5 49 32 40 26 14 22 48 13 21 34 47 37 33 44 28 18 20 38 6 29 7 19 45 31 39 16 41 9 8 4653.79 4917.96
0 23 17 3 12 24 15 35 42 30 2 27 4 10 1 46 36 11 25 43 5 49 32 40 26 14 22 48 13 21 34 47 37 33 44 28 18 20 38 6 29 7 19 45 31 39 16 41 9 8 4653.79 4844.79
0 23 17 3 12 24 15 35 42 30 2 27 4 10 1 46 36 11 25 43 5 49 32 40 26 14 22 48 13 21 34 47 37 33 44 28 18 20 38 6 29 7 19 45 31 39 16 41 9 8 4653.79 4882.21
0 23 17 3 12 24 15 35 42 30 2 27 4 10 1 46 36 11 25 43 5 49 32 40 26 14 22 48 13 21 34 47 37 33 44 28 18 20 38 6 29 7 19 45 31 39 16 41 9 8 4653.79 4832.53
0 23 17 3 12 24 15 35 42 30 2 27 4 10 1 46 36 11 25 43 5 49 32 40 26 14 22 48 13 21 34 47 37 33 44 28 18 20 38 6 29 7 19 45 31 39 16 41 9 8 4653.79 4747.57
0 23 17 3 12 24 15 35 42 30 2 27 4 10 1 46 36 11 25 43 5 49 32 40 26 14 22 48 13 21 34 47 37 33 44 28 18 20 38 6 29 7 19 45 31 39 16 41 9 8 4653.79 4706.1
0 23 17 3 12 24 15 35 42 30 2 27 4 10 1 46 36 11 25 43 5 49 32 40 26 14 22 48 13 21 34 47 37 33 44 28 18 20 38 6 29 7 19 45 31 39 16 41 9 8 4653.79 4891.37
0 23 17 3 12 24 15 35 42 30 2 27 4 10 1 46 36 11 25 43 5 49 32 40 26 14 22 48 13 21 34 47 37 33 44 28 18 20 38 6 29 7 19 45 31 39 16 41 9 8 4653.79 4871.41
0 23 17 3 12 24 15 35 42 30 2 27 4 10 1 46 36 11 25 43 5 49 32 40 26 14 22 48 13 21 34 47 37 33 44 28 18 20 38 6 29 7 19 45 31 39 16 41 9 8 4653.79 4786.67
0 23 17 3 12 24 15 35 42 30 2 27 4 10 1 46 36 11 25 43 5 49 32 40 26 14 22 48 13 21 34 47 37 33 44 28 18 20 38 6 29 7 19 45 31 39 16 41 9 8 4653.79 4859.59
0 23 17 3 12 24 15 35 42 30 2 27 4 10 1 46 36 11 25 43 5 49 32 40 26 14 22 48 13 21 34 47 37 33 44 28 18 20 38 6 29 7 19 45 31 39 16 41 9 8 4653.79 4827.84
0 23 17 3 12 24 15 35 42 30 2 27 4 10 1 46 36 11 25 43 5 49 32 40 26 14 22 48 13 21 34 47 37 33 44 28 18 20 38 6 29 7 19 45 31 39 16 41 9 8 4653.79 4863.69
0 23 17 3 12 24 15 35 42 30 2 27 4 10 1 46 36 11 25 43 5 49 32 40 26 14 22 48 13 21 34 47 37 33 44 28 18 20 38 6 29 7 19 45 31 39 16 41 9 8 4653.79 4940.76
0 23 17 3 12 24 15 35 42 30 2 27 4 10 1 46 36 11 25 43 5 49 32 40 26 14 22 48 13 21 34 47 37 33 44 28 18 20 38 6 29 7 19 45 31 39 16 41 9 8 4653.79 4929.23
0 23 17 3 12 24 15 35 42 30 2 27 4 10 1 46 36 11 25 43 5 49 32 40 26 14 22 48 13 21 34 47 37 33 44 28 18 20 38 6 29 7 19 45 31 39 16 41 9 8 4653.79 4817.56
0 23 17 3 12 24 15 35 42 30 2 27 4 10 1 46 36 11 25 43 5 49 32 40 26 14 22 48 13 21 34 47 37 33 44 28 18 20 38 6 29 7 19 45 31 39 16 41 9 8 4653.79 4809.63
0 23 17 3 12 24 15 35 42 30 2 27 4 10 1 46 36 11 25 43 5 49 32 40 26 14 22 48 13 21 34 47 37 33 44 28 18 20 38 6 29 7 19 45 31 39 16 41 9 8 4653.79 4795.37
0 23 17 3 12 24 15 35 42 30 2 27 4 10 1 46 36 11 25 43 5 49 32 40 26 14 22 48 13 21 34 47 37 33 44 28 18 20 38 6 29 7 19 45 31 39 16 41 9 8 4653.79 4832.21
0 23 17 3 12 24 15 35 42 30 2 27 4 10 1 46 36 11 25 43 5 49 32 40 26 14 22 48 13 21 34 47 37 33 44 28 18 20 38 6 29 7 19 45 31 39 16 41 9 8 4653.79 4870.25
0 23 17 3 12 24 15 35 42 30 2 27 4 10 1 46 36 11 25 43 5 49 32 40 26 14 22 48 13 21 34 47 37 33 44 28 18 20 38 6 29 7 19 45 31 39 16 41 9 8 4653.79 4839.05
0 23 17 3 12 24 15 35 42 30 2 27 4 10 1 46 36 11 25 43 5 49 32 40 26 14 22 48 13 21 34 47 37 33 44 28 18 20 38 6 29 7 19 45 31 39 16 41 9 8 4653.79 4830.67
0 23 17 3 12 24 15 35 42 30 2 27 4 10 1 46 36 11 25 43 5 49 32 40 26 14 22 48 13 21 34 47 37 33 44 28 18 20 38 6 29 7 19 45 31 39 16 41 9 8 4653.79 4968.25
0 23 17 3 12 24 15 35 42 30 2 27 4 10 1 46 36 11 25 43 5 49 32 40 26 14 22 48 13 21 34 47 37 33 44 28 18 20 38 6 29 7 19 45 31 39 16 41 9 8 4653.79 4944.08
0 23 17 3 12 24 15 35 42 30 2 27 4 10 1 46 36 11 25 43 5 49 32 40 26 14 22 48 13 21 34 47 37 33 44 28 18 20 38 6 29 7 19 45 31 39 16 41 9 8 4653.79 4947.81
0 23 17 3 12 24 15 35 42 30 2 27 4 10 1 46 36 11 25 43 5 49 32 40 26 14 22 48 13 21 34 47 37 33 44 28 18 20 38 6 29 7 19 45 31 39 16 41 9 8 4653.79 4977.69
0 23 17 3 12 24 15 35 42 30 2 27 4 10 1 46 36 11 25 43 5 49 32 40 26 14 22 48 13 21 34 47 37 33 44 28 18 20 38 6 29 7 19 45 31 39 16 41 9 8 4653.79 4986.52
0 23 17 3 12 24 15 35 42 30 2 27 4 10 1 46 36 11 25 43 5 49 32 40 26 14 22 48 13 21 34 47 37 33 44 28 18 20 38 6 29 7 19 45 31 39 16 41 9 8 4653.79 4931.94
0 23 17 3 12 24 15 35 42 30 2 27 4 10 1 46 36 11 25 43 5 49 32 40 26 14 22 48 13 21 34 47 37 33 44 28 18 20 38 6 29 7 19 45 31 39 16 41 9 8 4653.79 4919.24
0 23 17 3 12 24 15 35 42 30 2 27 4 10 1 46 36 11 25 43 5 49 32 40 26 14 22 48 13 21 34 47 37 33 44 28 18 20 38 6 29 7 19 45 31 39 16 41 9 8 4653.79 4902.99
0 23 17 3 12 24 15 35 42 30 2 27 4 10 1 46 36 11 25 43 5 49 32 40 26 14 22 48 13 21 34 47 37 33 44 28 18 20 38 6 29 7 19 45 31 39 16 41 9 8 4653.79 4935.29
0 23 17 3 12 24 15 35 42 30 2 27 4 10 1 46 36 11 25 43 5 49 32 40 26 14 22 48 13 21 34 47 37 33 44 28 18 20 38 6 29 7 19 45 31 39 16 41 9 8 4653.79 4967.89
0 23 17 3 12 24 15 35 42 30 2 27 4 10 1 46 36 11 25 43 5 49 32 40 26 14 22 48 13 21 34 47 37 33 44 28 18 20 38 6 29 7 19 45 31 39 16 41 9 8 4653.79 5060.65
0 23 17 3 12 24 15 35 42 30 2 27 4 10 1 46 36 11 25 43 5 49 32 40 26 14 22 48 13 21 34 47 37 33 44 28 18 20 38 6 29 7 19 45 31 39 16 41 9 8 4653.79 5048.65
0 23 17 3 12 24 15 35 42 30 2 27 4 10 1 46 36 11 25 43 5 49 32 40 26 14 22 48 13 21 34 47 37 33 44 28 18 20 38 6 29 7 19 45 31 39 16 41 9 8 4653.79 4928.09
0 23 17 3 12 24 15 35 42 30 2 27 4 10 1 46 36 11 25 43 5 49 32 40 26 14 22 48 13 21 34 47 37 33 44 28 18 20 38 6 29 7 19 45 31 39 16 41 9 8 4653.79 4924.81
0 23 17 3 12 24 15 35 42 30 2 27 4 10 1 46 36 11 25 43 5 49 32 40 26 14 22 48 13 21 34 47 37 33 44 28 18 20 38 6 29 7 19 45 31 39 16 41 9 8 4653.79 5105.21
0 23 17 3 12 24 15 35 42 30 2 27 4 10 1 46 36 11 25 43 5 49 32 40 26 14 22 48 13 21 34 47 37 33 44 28 18 20 38 6 29 7 19 45 31 39 16 41 9 8 4653.79 4888.9
0 23 17 3 12 24 15 35 42 30 2 27 4 10 1 46 36 11 25 43 5 49 32 40 26 14 22 48 13 21 34 47 37 33 44 28 18 20 38 6 29 7 19 45 31 39 16 41 9 8 4653.79 4910.95
0 23 17 3 12 24 15 35 42 30 2 27 4 10 1 46 36 11 25 43 5 49 32 40 26 14 22 48 13 21 34 47 37 33 44 28 18 20 38 6 29 7 19 45 31 39 16 41 9 8 4653.79 4899.2
0 23 17 3 12 24 15 35 42 30 2 27 4 10 1 46 36 11 25 43 5 49 32 40 26 14 22 48 13 21 34 47 37 33 44 28 18 20 38 6 29 7 19 45 31 39 16 41 9 8 4653.79 4891.21
0 23 17 3 12 24 15 35 42 30 2 27 4 10 1 46 36 11 25 43 5 49 32 40 26 14 22 48 13 21 34 47 37 33 44 28 18 20 38 6 29 7 19 45 31 39 16 41 9 8 4653.79 4996.99
0 23 17 3 12 24 15 35 42 30 2 27 4 10 1 46 36 11 25 43 5 49 32 40 26 14 22 48 13 21 34 47 37 33 44 28 18 20 38 6 29 7 19 45 31 39 16 41 9 8 4653.79 4877.13
0 23 17 3 12 24 15 35 42 30 2 27 4 10 1 46 36 11 25 43 5 49 32 40 26 14 22 48 13 21 34 47 37 33 44 28 18 20 38 6 29 7 19 45 31 39 16 41 9 8 4653.79 4871.59
0 23 17 3 12 24 15 35 42 30 2 27 4 10 1 46 36 11 25 43 5 49 32 40 26 14 22 48 13 21 34 47 37 33 44 28 18 20 38 6 29 7 19 45 31 39 16 41 9 8 4653.79 4870.48
0 23 17 3 12 24 15 35 42 30 2 27 4 10 1 46 36 11 25 43 5 49 32 40 26 14 22 48 13 21 34 47 37 33 44 28 18 20 38 6 29 7 19 45 31 39 16 41 9 8 4653.79 4893.95
0 23 17 3 12 24 15 35 42 30 2 27 4 10 1 46 36 11 25 43 5 49 32 40 26 14 22 48 13 21 34 47 37 33 44 28 18 20 38 6 29 7 19 45 31 39 16 41 9 8 4653.79 4827.08
0 23 17 3 12 24 15 35 42 30 2 27 4 10 1 46 36 11 25 43 5 49 32 40 26 14 22 48 13 21 34 47 37 33 44 28 18 20 38 6 29 7 19 45 31 39 16 41 9 8 4653.79 4855.74
0 23 17 3 12 24 15 35 42 30 2 27 4 10 1 46 36 11 25 43 5 49 32 40 26 14 22 48 13 21 34 47 37 33 44 28 18 20 38 6 29 7 19 45 31 39 16 41 9 8 4653.79 4768.98
0 23 17 3 12 24 15 35 42 30 2 27 4 10 1 46 36 11 25 43 5 49 32 40 26 14 22 48 13 21 34 47 37 33 44 28 18 20 38 6 29 7 19 45 31 39 16 41 9 8 4653.79 4857.45
0 23 17 3 12 24 15 35 42 30 2 27 4 10 1 46 36 11 25 43 5 49 32 40 26 14 22 48 13 21 34 47 37 33 44 28 18 20 38 6 29 7 19 45 31 39 16 41 9 8 4653.79 4903.83
0 23 17 3 12 24 15 35 42 30 2 27 4 10 1 46 36 11 25 43 5 49 32 40 26 14 22 48 13 21 34 47 37 33 44 28 18 20 38 6 29 7 19 45 31 39 16 41 9 8 4653.79 4919.86
0 23 17 3 12 24 15 35 42 30 2 27 4 10 1 46 36 11 25 43 5 49 32 40 26 14 22 48 13 21 34 47 37 33 44 28 18 20 38 6 29 7 19 45 31 39 16 41 9 8 4653.79 4847.31
0 23 17 3 12 24 15 35 42 30 2 27 4 10 1 46 36 11 25 43 5 49 32 40 26 14 22 48 13 21 34 47 37 33 44 28 18 20 38 6 29 7 19 45 31 39 16 41 9 8 4653.79 4888.77
0 23 17 3 12 24 15 35 42 30 2 27 4 10 1 46 36 11 25 43 5 49 32 40 26 14 22 48 13 21 34 47 37 33 44 28 18 20 38 6 29 7 19 45 31 39 16 41 9 8 4653.79 5016.71
0 23 17 3 12 24 15 35 42 30 2 27 4 10 1 46 36 11 25 43 5 49 32 40 26 14 22 48 13 21 34 47 37 33 44 28 18 20 38 6 29 7 19 45 31 39 16 41 9 8 4653.79 4944.7
0 23 17 3 12 24 15 35 42 30 2 27 4 10 1 46 36 11 25 43 5 49 32 40 26 14 22 48 13 21 34 47 37 33 44 28 18 20 38 6 29 7 19 45 31 39 16 41 9 8 4653.79 4976.23
0 23 17 3 12 24 15 35 42 30 2 27 4 10 1 46 36 11 25 43 5 49 32 40 26 14 22 48 13 21 34 47 37 33 44 28 18 20 38 6 29 7 19 45 31 39 16 41 9 8 4653.79 4978.82
0 23 17 3 12 24 15 35 42 30 2 27 4 10 1 46 36 11 25 43 5 49 32 40 26 14 22 48 13 21 34 47 37 33 44 28 18 20 38 6 29 7 19 45 31 39 16 41 9 8 4653.79 5054.62
0 23 17 3 12 24 15 35 42 30 2 27 4 10 1 46 36 11 25 43 5 49 32 40 26 14 22 48 13 21 34 47 37 33 44 28 18 20 38 6 29 7 19 45 31 39 16 41 9 8 4653.79 5039.8
0 23 17 3 12 24 15 35 42 30 2 27 4 10 1 46 36 11 25 43 5 49 32 40 26 14 22 48 13 21 34 47 37 33 44 28 18 20 38 6 29 7 19 45 31 39 16 41 9 8 4653.79 4987.56
0 23 17 3 12 24 15 35 42 30 2 27 4 10 1 46 36 11 25 43 5 49 32 40 26 14 22 48 13 21 34 47 37 33 44 28 18 20 38 6 29 7 19 45 31 39 16 41 9 8 4653.79 4910
0 23 17 3 12 24 15 35 42 30 2 27 4 10 1 46 36 11 25 43 5 49 32 40 26 14 22 48 13 21 34 47 37 33 44 28 18 20 38 6 29 7 19 45 31 39 16 41 9 8 4653.79 4839.02
0 23 17 3 12 24 15 35 42 30 2 27 4 10 1 46 36 11 25 43 5 49 32 40 26 14 22 48 13 21 34 47 37 33 44 28 18 20 38 6 29 7 19 45 31 39 16 41 9 8 4653.79 4837.01
0 23 17 3 12 24 15 35 42 30 2 27 4 10 1 46 36 11 25 43 5 49 32 40 26 14 22 48 13 21 34 47 37 33 44 28 18 20 38 6 29 7 19 45 31 39 16 41 9 8 4653.79 4802.66
0 23 17 3 12 24 15 35 42 30 2 27 4 10 1 46 36 11 25 43 5 49 32 40 26 14 22 48 13 21 34 47 37 33 44 28 18 20 38 6 29 7 19 45 31 39 16 41 9 8 4653.79 4850.46
0 23 17 3 12 24 15 35 42 30 2 27 4 10 1 46 36 11 25 43 5 49 32 40 26 14 22 48 13 21 34 47 37 33 44 28 18 20 38 6 29 7 19 45 31 39 16 41 9 8 4653.79 4870.49
0 23 17 3 12 24 15 35 42 30 2 27 4 10 1 46 36 11 25 43 5 49 32 40 26 14 22 48 13 21 34 47 37 33 44 28 18 20 38 6 29 7 19 45 31 39 16 41 9 8 4653.79 4922.86
0 23 17 3 12 24 15 35 42 30 2 27 4 10 1 46 36 11 25 43 5 49 32 40 26 14 22 48 13 21 34 47 37 33 44 28 18 20 38 6 29 7 19 45 31 39 16 41 9 8 4653.79 4803.39
0 23 17 3 12 24 15 35 42 30 2 27 4 10 1 46 36 11 25 43 5 49 32 40 26 14 22 48 13 21 34 47 37 33 44 28 18 20 38 6 29 7 19 45 31 39 16 41 9 8 4653.79 4930.2
0 23 17 3 12 24 15 35 42 30 2 27 4 10 1 46 36 11 25 43 5 49 32 40 26 14 22 48 13 21 34 47 37 33 44 28 18 20 38 6 29 7 19 45 31 39 16 41 9 8 4653.79 4853.75
0 23 17 3 12 24 15 35 42 30 2 27 4 10 1 46 36 11 25 43 5 49 32 40 26 14 22 48 13 21 34 47 37 33 44 28 18 20 38 6 29 7 19 45 31 39 16 41 9 8 4653.79 4797.27
0 23 17 3 12 24 15 35 42 30 2 27 4 10 1 46 36 11 25 43 5 49 32 40 26 14 22 48 13 21 34 47 37 33 44 28 18 20 38 6 29 7 19 45 31 39 16 41 9 8 4653.79 4941.62
0 23 17 3 12 24 15 35 42 30 2 27 4 10 1 46 36 11 25 43 5 49 32 40 26 14 22 48 13 21 34 47 37 33 44 28 18 20 38 6 29 7 19 45 31 39 16 41 9 8 4653.79 4962.58
0 23 17 3 12 24 15 35 42 30 2 27 4 10 1 46 36 11 25 43 5 49 32 40 26 14 22 48 13 21 34 47 37 33 44 28 18 20 38 6 29 7 19 45 31 39 16 41 9 8 4653.79 4893.35
0 23 17 3 12 24 15 35 42 30 2 27 4 10 1 46 36 11 25 43 5 49 32 40 26 14 22 48 13 21 34 47 37 33 44 28 18 20 38 6 29 7 19 45 31 39 16 41 9 8 4653.79 4875.01
0 23 17 3 12 24 15 35 42 30 2 27 4 10 1 46 36 11 25 43 5 49 32 40 26 14 22 48 13 21 34 47 37 33 44 28 18 20 38 6 29 7 19 45 31 39 16 41 9 8 4653.79 5035.24
0 23 17 3 12 24 15 35 42 30 2 27 4 10 1 46 36 11 25 43 5 49 32 40 26 14 22 48 13 21 34 47 37 33 44 28 18 20 38 6 29 7 19 45 31 39 16 41 9 8 4653.79 4895.89
0 23 17 3 12 24 15 35 42 30 2 27 4 10 1 46 36 11 25 43 5 49 32 40 26 14 22 48 13 21 34 47 37 33 44 28 18 20 38 6 29 7 19 45 31 39 16 41 9 8 4653.79 4820.9
