1 0.410517 0.410517 0
2 0.353435 0.381976 0.028541
3 0.414239 0.392731 0.019677
4 0.355571 0.383441 0.0167301
5 0.369994 0.380751 0.0132352
6 0.383504 0.38121 0.0108162
7 0.303328 0.370084 0.0143998
8 0.366524 0.369639 0.0124785
9 0.393861 0.37233 0.0113293
10 0.370948 0.372192 0.0101342
11 0.401252 0.374834 0.00953979
12 0.283084 0.367188 0.0115887
13 0.310871 0.362856 0.0115067
14 0.412815 0.366425 0.0112349
15 0.339202 0.36461 0.0106154
16 0.224942 0.35588 0.0132212
17 0.272434 0.350972 0.0133541
18 0.385618 0.352897 0.0127366
19 0.265761 0.348311 0.012891
20 0.335781 0.347684 0.0122455
