1 70.1558 70.1558 0
2 69.8683 70.0121 0.143736
3 70.867 70.297 0.296805
4 70.8544 70.4364 0.251911
5 74.5442 71.2579 0.844416
6 69.0851 70.8958 0.778783
7 78.977 72.0502 1.3289
8 75.0552 72.4259 1.21061
9 64.5392 71.5496 1.38123
10 72.8726 71.6819 1.24247
11 68.0695 71.3535 1.17086
12 82.946 72.3195 1.44072
13 82.5771 73.1086 1.54237
14 76.0473 73.3185 1.44331
15 79.6036 73.7375 1.40746
16 88.9451 74.688 1.6238
17 83.8241 75.2254 1.6172
18 67.1883 74.7789 1.58875
19 83.4994 75.2379 1.57133
20 77.4375 75.3478 1.49475
