1 -0.475264 -0.475264 0
2 0.062092 -0.206586 0.268678
3 0.234224 -0.0596493 0.213666
4 -0.68722 -0.216542 0.217811
5 -0.73918 -0.32107 0.198472
6 -0.173036 -0.296397 0.163919
7 -0.807896 -0.369469 0.156627
8 -0.173748 -0.345004 0.137831
9 0.321328 -0.270967 0.142328
10 -0.06932 -0.250802 0.128889
11 0.200316 -0.209791 0.123587
12 -0.414372 -0.22684 0.1141
13 0.770488 -0.150122 0.130006
14 0.137884 -0.12955 0.122107
15 0.601984 -0.0807813 0.123696
16 0.072108 -0.0712257 0.116101
17 0.371264 -0.0451969 0.112121
18 0.688524 -0.00443467 0.113295
19 -0.435308 -0.0271122 0.10954
20 -0.243336 -0.0379234 0.104479
