1 -0.965112 -0.965112 0
2 -0.965472 -0.965292 0.00018
3 -0.964648 -0.965077 0.000238499
4 -0.965432 -0.965166 0.000190533
5 -0.96852 -0.965837 0.000686844
6 -0.964656 -0.96564 0.000594334
7 -0.9756 -0.967063 0.00150892
8 -0.969416 -0.967357 0.00133946
9 -0.959216 -0.966452 0.00148784
10 -0.967064 -0.966514 0.00133217
11 -0.96268 -0.966165 0.00125438
12 -0.97924 -0.967255 0.00158063
13 -0.97892 -0.968152 0.00170858
14 -0.968424 -0.968171 0.00158195
15 -0.972496 -0.96846 0.00150067
16 -0.984168 -0.969442 0.001713
17 -0.980264 -0.970078 0.00173045
18 -0.962696 -0.969668 0.00168224
19 -0.980392 -0.970232 0.00168837
20 -0.973016 -0.970372 0.00160777
