1 30.8233 30.8233 0
2 33.19 32.0066 1.18335
3 36.3163 33.4432 1.59074
4 27.5544 31.971 1.85273
5 37.8284 33.1425 1.85254
6 37.3824 33.8491 1.66953
7 25.9927 32.7268 1.80294
8 27.0702 32.0197 1.71403
9 37.003 32.5734 1.60985
10 37.5656 33.0726 1.52398
11 33.6349 33.1237 1.37944
12 34.5986 33.2466 1.26523
13 32.0911 33.1578 1.16723
14 37.6277 33.477 1.12683
15 26.3039 32.9988 1.15288
16 29.6135 32.7872 1.09898
17 27.6344 32.4841 1.07589
18 35.3477 32.6432 1.02676
19 36.6246 32.8528 0.993564
20 29.629 32.6916 0.956261
