1 0.424264 0.424264 0
2 0.450407 0.437336 0.0130715
3 0.432009 0.43556 0.00775287
4 0.397752 0.426108 0.0109268
5 0.437381 0.428362 0.00875897
6 0.448663 0.431746 0.00791161
7 0.402239 0.427531 0.00790429
8 0.383433 0.422018 0.00878882
9 0.455101 0.425694 0.00857847
10 0.420935 0.425218 0.00768756
11 0.389805 0.421999 0.00766275
12 0.452353 0.424528 0.0074384
13 0.428898 0.424865 0.00685058
14 0.436455 0.425692 0.00639621
15 0.37732 0.422468 0.00677172
16 0.388363 0.420336 0.0066834
17 0.421355 0.420396 0.00627824
18 0.456584 0.422406 0.00625128
19 0.41806 0.422178 0.00591755
20 0.448649 0.423501 0.00576779
