1 -0.913008 -0.913008 0
2 -0.912112 -0.91256 0.000448
3 -0.918584 -0.914568 0.00202459
4 -0.907856 -0.91289 0.00220571
5 -0.91912 -0.914136 0.00211462
6 -0.9172 -0.914647 0.00180052
7 -0.903504 -0.913055 0.00220215
8 -0.907288 -0.912334 0.00203881
9 -0.917568 -0.912916 0.00188977
10 -0.919536 -0.913578 0.00181529
11 -0.917688 -0.913951 0.00168398
12 -0.916288 -0.914146 0.00154954
13 -0.911912 -0.913974 0.00143569
14 -0.917296 -0.914211 0.0013502
15 -0.904504 -0.913564 0.00141378
16 -0.912024 -0.913468 0.00132597
17 -0.907952 -0.913144 0.00128711
18 -0.916936 -0.913354 0.00123165
19 -0.92244 -0.913832 0.00125935
20 -0.906296 -0.913456 0.00125274
