1 -0.077476 -0.077476 0
2 -0.056768 -0.067122 0.010354
3 0.215136 0.026964 0.0942757
4 -0.062648 0.004561 0.0703267
5 -0.097412 -0.0158336 0.0581674
6 0.059008 -0.00336 0.0491042
7 -0.057652 -0.011116 0.0422192
8 0.124316 0.005813 0.0402919
9 -0.03376 0.001416 0.0358051
10 -0.145312 -0.0132568 0.0352263
11 0.007752 -0.0113469 0.0319206
12 0.085444 -0.003281 0.0302351
13 -0.032396 -0.00552062 0.0279023
14 0.018404 -0.00381171 0.025889
15 0.000172 -0.00354613 0.0241028
16 -0.061244 -0.00715225 0.0228327
17 -0.104208 -0.0128614 0.0221944
18 -0.03894 -0.0143102 0.0209752
19 -0.09926 -0.0187813 0.0203381
20 -0.349708 -0.0353276 0.0254176
