1 -0.01504 -0.01504 0
2 0.00236 -0.00634 0.0087
3 0.076832 0.021384 0.0281753
4 -0.067864 -0.000928 0.0299124
5 -0.057752 -0.0122928 0.0258071
6 0.07098 0.001586 0.0252315
7 0.022716 0.00460457 0.0215371
8 0.064592 0.012103 0.0201025
9 0.028736 0.0139511 0.0178248
10 -0.000328 0.0125232 0.0160068
11 -0.061144 0.00582618 0.0159525
12 0.009616 0.006142 0.014566
13 0.068224 0.0109175 0.0142244
14 -0.024224 0.00840743 0.0134063
15 -0.01598 0.0067816 0.012586
16 -0.0095 0.005764 0.0118171
17 0.028512 0.00710212 0.0111806
18 0.06454 0.0102931 0.0110135
19 0.0454 0.0121408 0.0105804
20 -0.03374 0.0098468 0.0102962
