1 14.3223 14.3223 0
2 15.2486 14.7855 0.46315
3 16.0068 15.1926 0.48708
4 15.0135 15.1478 0.347314
5 15.0073 15.1197 0.270493
6 14.0951 14.9489 0.279174
7 12.6526 14.6209 0.404086
8 15.4432 14.7237 0.364731
9 16.353 14.9047 0.36911
10 17.2768 15.1419 0.406526
11 16.26 15.2436 0.381505
12 14.3637 15.1703 0.3559
13 17.2767 15.3323 0.365286
14 15.398 15.337 0.338222
15 14.5452 15.2842 0.319262
16 14.3628 15.2266 0.304144
17 12.6741 15.0765 0.322746
18 16.6664 15.1648 0.31685
19 15.1113 15.162 0.299723
20 13.0011 15.0539 0.304177
