1 0.445115 0.445115 0
2 0.443054 0.444085 0.00103038
3 0.408953 0.432374 0.0117257
4 0.422661 0.429946 0.00863961
5 0.448741 0.433705 0.00767568
6 0.437447 0.434328 0.00629812
7 0.399732 0.429386 0.00726362
8 0.43369 0.429924 0.00631344
9 0.438433 0.430869 0.00564762
10 0.462325 0.434015 0.00595071
11 0.410405 0.431869 0.00579478
12 0.416954 0.430626 0.00543393
13 0.442553 0.431543 0.00508199
14 0.472002 0.434433 0.00552164
15 0.445848 0.435194 0.00519639
16 0.450878 0.436174 0.00495863
17 0.37762 0.43273 0.00579301
18 0.451664 0.433782 0.00556207
19 0.415812 0.432836 0.00534552
20 0.416927 0.432041 0.00513321
