1 -0.846024 -0.846024 0
2 -0.849048 -0.847536 0.001512
3 -0.855696 -0.850256 0.00285665
4 -0.850992 -0.85044 0.00202832
5 -0.843768 -0.849106 0.00206133
6 -0.847592 -0.848853 0.00170187
7 -0.843032 -0.848022 0.00166145
8 -0.848624 -0.848097 0.00144083
9 -0.856304 -0.849009 0.00156403
10 -0.848672 -0.848975 0.00139932
11 -0.85076 -0.849137 0.00127609
12 -0.843912 -0.848702 0.00124363
13 -0.856856 -0.849329 0.00130464
14 -0.845424 -0.84905 0.00123966
15 -0.848392 -0.849006 0.00115489
16 -0.846168 -0.848829 0.00109477
17 -0.849752 -0.848883 0.00102979
18 -0.84932 -0.848908 0.000971199
19 -0.849984 -0.848964 0.000920408
20 -0.844896 -0.848761 0.000896555
