1 0.413992 0.413992 0
2 0.423513 0.418753 0.00476045
3 0.428828 0.422111 0.00433984
4 0.440078 0.426603 0.00543992
5 0.423176 0.425917 0.00426913
6 0.42586 0.425908 0.00348574
7 0.432256 0.426815 0.00308244
8 0.452163 0.429983 0.00414319
9 0.427555 0.429714 0.00366389
10 0.449833 0.431726 0.00384542
11 0.433634 0.431899 0.00348264
12 0.421421 0.431026 0.00329692
13 0.431419 0.431056 0.00303288
14 0.428585 0.43088 0.00281344
15 0.422426 0.430316 0.00267912
16 0.437993 0.430796 0.00255161
17 0.407309 0.429414 0.00276648
18 0.429456 0.429417 0.00260827
19 0.424784 0.429173 0.00247919
20 0.447247 0.430076 0.00251961
