1 -0.023424 -0.023424 0
2 -0.0413 -0.032362 0.008938
3 0.017324 -0.0158 0.0173473
4 0.037064 -0.002584 0.0180313
5 0.00764 -0.0005392 0.0141159
6 0.005312 0.000436 0.0115667
7 -0.029808 -0.00388457 0.0106879
8 -0.01022 -0.0046765 0.00928981
9 -0.058348 -0.01064 0.0101334
10 0.01596 -0.00798 0.00944587
11 0.050612 -0.00265345 0.0100685
12 -0.021724 -0.00424267 0.00932758
13 -0.015568 -0.00511385 0.00862424
14 -0.001912 -0.00488514 0.00798777
15 -0.04128 -0.00731147 0.00782204
16 0.020676 -0.00556225 0.00752303
17 0.0077 -0.00478212 0.00710959
18 -0.017144 -0.00546889 0.00673808
19 0.070552 -0.00146779 0.00752538
20 0.05442 0.0013266 0.0076666
