1 9.61738 9.61738 0
2 8.55219 9.08479 0.532594
3 8.87309 9.01422 0.315486
4 9.7266 9.19232 0.285454
5 8.45647 9.04515 0.265611
6 8.50769 8.95557 0.234641
7 8.74568 8.92559 0.200562
8 8.56973 8.8811 0.179297
9 9.12297 8.90798 0.160393
10 9.21824 8.939 0.146776
11 9.05064 8.94915 0.133152
12 8.52797 8.91405 0.126516
13 8.41216 8.87545 0.122615
14 9.03757 8.88703 0.114108
15 8.76802 8.87909 0.106525
16 9.17966 8.89788 0.1014
17 8.36675 8.86664 0.100242
18 8.93174 8.87025 0.0945784
19 8.61612 8.85688 0.0904566
20 9.53944 8.89101 0.092352
