1 -0.787864 -0.787864 0
2 -0.78248 -0.785172 0.002692
3 -0.784912 -0.785085 0.00155664
4 -0.78348 -0.784684 0.00117159
5 -0.782416 -0.78423 0.00101456
6 -0.783616 -0.784128 0.000834691
7 -0.783048 -0.783974 0.000722117
8 -0.780608 -0.783553 0.000753718
9 -0.783968 -0.783599 0.000666314
10 -0.779088 -0.783148 0.000747449
11 -0.787296 -0.783525 0.000774145
12 -0.78116 -0.783328 0.000733663
13 -0.782352 -0.783253 0.000679035
14 -0.785064 -0.783382 0.000641836
15 -0.786848 -0.783613 0.000640632
16 -0.785136 -0.783708 0.000606766
17 -0.785992 -0.783843 0.000585572
18 -0.78396 -0.783849 0.000552121
19 -0.781448 -0.783723 0.000537329
20 -0.782 -0.783637 0.000516983
