1 -0.721608 -0.721608 0
2 -0.720592 -0.7211 0.000508
3 -0.720376 -0.720859 0.00037982
4 -0.723064 -0.72141 0.00061327
5 -0.718304 -0.720789 0.000782016
6 -0.718752 -0.720449 0.000723144
7 -0.720808 -0.720501 0.000613312
8 -0.720432 -0.720492 0.000531213
9 -0.722632 -0.72073 0.000525374
10 -0.71668 -0.720325 0.000620339
11 -0.721752 -0.720455 0.000575923
12 -0.72244 -0.72062 0.000551164
13 -0.719288 -0.720518 0.000517247
14 -0.722048 -0.720627 0.000491197
15 -0.721528 -0.720687 0.000461209
16 -0.720208 -0.720657 0.000432458
17 -0.724176 -0.720864 0.000455924
18 -0.7224 -0.720949 0.000438238
19 -0.718152 -0.720802 0.0004399
20 -0.723736 -0.720949 0.000442358
