1 5.9832 5.9832 0
2 5.9763 5.97975 0.00345091
3 5.65591 5.8718 0.107964
4 5.87596 5.87284 0.076349
5 6.187 5.93567 0.0862855
6 5.41177 5.84836 0.112195
7 5.48135 5.79593 0.108351
8 5.45412 5.7532 0.103104
9 6.04037 5.78511 0.0963652
10 5.48444 5.75504 0.0912855
11 5.15927 5.70088 0.0987489
12 5.77316 5.70691 0.090346
13 5.43204 5.68576 0.0857538
14 5.62905 5.68171 0.0794959
15 5.39177 5.66238 0.0764892
16 5.54943 5.65532 0.0718965
17 5.66241 5.65574 0.0675363
18 5.7587 5.66146 0.0639302
19 5.59269 5.65784 0.0605801
20 6.31019 5.69046 0.0660822
