1 -0.020304 -0.020304 0
2 0.005148 -0.007578 0.012726
3 0.005472 -0.003228 0.00853851
4 -0.025564 -0.008812 0.008224
5 -0.01712 -0.0104736 0.00658342
6 0.029212 -0.00385933 0.00852307
7 -0.006168 -0.00418914 0.00721086
8 0.053712 0.0030485 0.00955933
9 0.000756 0.00279378 0.00843439
10 0.033024 0.0058168 0.0081271
11 -0.011712 0.00422327 0.00752197
12 -0.018792 0.00230533 0.00712941
13 0.006644 0.00263908 0.00656659
14 -0.014608 0.00140714 0.00620305
15 0.028356 0.00320373 0.00604774
16 0.007148 0.00345025 0.00566251
17 0.034052 0.00525035 0.00561535
18 -0.008148 0.004506 0.00534627
19 -0.009684 0.00375916 0.00511192
20 -0.01734 0.0027042 0.00496301
