1 0.385374 0.385374 0
2 0.407628 0.396501 0.0111272
3 0.387644 0.393549 0.00707027
4 0.40387 0.396129 0.00562603
5 0.397316 0.396366 0.00436436
6 0.394937 0.396128 0.00357144
7 0.393599 0.395767 0.00303996
8 0.402716 0.396636 0.00277229
9 0.400216 0.397033 0.00247708
10 0.399148 0.397245 0.00222564
11 0.396462 0.397174 0.00201442
12 0.390048 0.39658 0.0019324
13 0.398895 0.396758 0.00178645
14 0.395675 0.396681 0.00165574
15 0.380624 0.39561 0.00187663
16 0.392725 0.39543 0.00176466
17 0.399517 0.39567 0.00167496
18 0.400264 0.395926 0.00159966
19 0.408613 0.396593 0.00165391
20 0.386015 0.396064 0.00165579
