1 0.352495 0.352495 0
2 0.357523 0.355009 0.00251414
3 0.354746 0.354922 0.00145418
4 0.348633 0.353349 0.00187865
5 0.352927 0.353265 0.00145764
6 0.372348 0.356445 0.00339586
7 0.349479 0.35545 0.00303767
8 0.364152 0.356538 0.0028467
9 0.356007 0.356479 0.00251125
10 0.361444 0.356975 0.00230034
11 0.35833 0.357099 0.00208438
12 0.353847 0.356828 0.00192197
13 0.352192 0.356471 0.00180355
14 0.356956 0.356506 0.00167013
15 0.373804 0.357659 0.0019358
16 0.340411 0.356581 0.00210735
17 0.36332 0.356977 0.00201882
18 0.359554 0.35712 0.00190874
19 0.361472 0.357349 0.00181995
20 0.369704 0.357967 0.00183374
