1 3.97205 3.97205 0
2 3.79884 3.88545 0.0866048
3 3.90225 3.89105 0.0503142
4 3.79164 3.8662 0.0433987
5 3.77601 3.84816 0.0381495
6 4.38065 3.93691 0.0940556
7 4.12453 3.96371 0.0838888
8 3.97536 3.96517 0.0726644
9 3.8474 3.95208 0.0654063
10 3.99042 3.95591 0.0586266
11 4.08927 3.96804 0.0543978
12 3.83184 3.95669 0.0509387
13 4.27659 3.9813 0.0529255
14 4.00661 3.9831 0.0490328
15 3.85715 3.97471 0.046413
16 3.6655 3.95538 0.0475224
17 3.63596 3.93659 0.0484327
18 3.66216 3.92135 0.0481407
19 4.15524 3.93366 0.0471712
20 4.1267 3.94331 0.0457796
