1 0.001292 0.001292 0
2 0.004972 0.003132 0.00184
3 -0.015748 -0.00316133 0.00638236
4 -0.004564 -0.003512 0.00452662
5 -0.009952 -0.0048 0.00373538
6 0.00616 -0.00297333 0.00355511
7 3.2e-05 -0.002544 0.00303513
8 0.007616 -0.001274 0.00291923
9 -0.017536 -0.00308089 0.00314531
10 -0.042972 -0.00707 0.00488133
11 -0.02644 -0.00883091 0.00475352
12 -0.01686 -0.0095 0.00439063
13 0.00162 -0.00864462 0.00412838
14 0.001804 -0.00789829 0.00389432
15 -0.016812 -0.00849253 0.0036738
16 0.008784 -0.00741275 0.00360217
17 -0.022412 -0.00829506 0.00349679
18 -0.020748 -0.00898689 0.00336861
19 -0.010216 -0.00905158 0.00318705
20 -0.008708 -0.0090344 0.00302355
