1 -0.668848 -0.668848 0
2 -0.66244 -0.665644 0.003204
3 -0.66568 -0.665656 0.00184987
4 -0.661776 -0.664686 0.00162847
5 -0.665136 -0.664776 0.00126461
6 -0.664696 -0.664763 0.00103264
7 -0.666528 -0.665015 0.000908445
8 -0.664776 -0.664985 0.000787303
9 -0.664408 -0.664921 0.000697289
10 -0.662872 -0.664716 0.000656467
11 -0.664072 -0.664657 0.000596676
12 -0.665704 -0.664745 0.000551626
13 -0.671016 -0.665227 0.000700141
14 -0.664768 -0.665194 0.000649033
15 -0.662512 -0.665015 0.000630123
16 -0.665328 -0.665035 0.000589749
17 -0.663072 -0.66492 0.000565879
18 -0.661816 -0.664747 0.000560685
19 -0.6624 -0.664624 0.000544552
20 -0.66612 -0.664698 0.000521997
