1 2.99537 2.99537 0
2 2.97056 2.98297 0.0124057
3 3.14855 3.03816 0.055659
4 3.00638 3.03022 0.040151
5 3.04259 3.03269 0.0311992
6 3.04133 3.03413 0.0255147
7 2.92114 3.01799 0.0269363
8 2.95386 3.00997 0.0246666
9 3.14823 3.02533 0.0266311
10 3.04266 3.02707 0.0238825
11 2.73229 3.00027 0.0344208
12 2.96591 2.99741 0.031552
13 3.0053 2.99801 0.0290299
14 3.04247 3.00119 0.0270635
15 3.13365 3.01002 0.0266974
16 2.89771 3.003 0.0259408
17 2.97769 3.00151 0.0244126
18 2.85039 2.99312 0.0244999
19 2.96746 2.99177 0.0232138
20 2.98633 2.99149 0.0220243
