1 0.010208 0.010208 0
2 -0.007968 0.00112 0.009088
3 -0.007948 -0.00190267 0.00605534
4 0.014056 0.002087 0.00585243
5 -0.003024 0.0010648 0.00464709
6 -0.014868 -0.00159067 0.00463125
7 0.013812 0.000609714 0.00449021
8 -0.015428 -0.001395 0.00437497
9 4.8e-05 -0.00123467 0.00386169
10 0.001536 -0.0009576 0.0034651
11 -0.017532 -0.00246436 0.00347767
12 0.003904 -0.00193367 0.00321871
13 0.008608 -0.00112277 0.00306982
14 -0.008532 -0.001652 0.00289096
15 0.014192 -0.000595733 0.00289119
16 -0.002416 -0.0007095 0.00270685
17 -0.008548 -0.00117059 0.00258411
18 -0.004768 -0.00137044 0.00244451
19 -0.007264 -0.00168063 0.00233299
20 -0.02524 -0.0028586 0.00250722
