1 -0.611912 -0.611912 0
2 -0.616752 -0.614332 0.00242
3 -0.612776 -0.613813 0.00149035
4 -0.615504 -0.614236 0.00113544
5 -0.6122 -0.613829 0.000969198
6 -0.612256 -0.613567 0.000833633
7 -0.613344 -0.613535 0.000705266
8 -0.614976 -0.613715 0.00063679
9 -0.614528 -0.613805 0.000568815
10 -0.613504 -0.613775 0.000509655
11 -0.609816 -0.613415 0.000584867
12 -0.61024 -0.613151 0.000595881
13 -0.616216 -0.613386 0.000596696
14 -0.610976 -0.613214 0.000578642
15 -0.611272 -0.613085 0.000554031
16 -0.611904 -0.613011 0.000523477
17 -0.615112 -0.613135 0.000507014
18 -0.614968 -0.613236 0.000488749
19 -0.611032 -0.61312 0.000476647
20 -0.617696 -0.613349 0.000506767
