1 0.313327 0.313327 0
2 0.319306 0.316317 0.00298962
3 0.311803 0.314812 0.00228968
4 0.316611 0.315262 0.00168033
5 0.327028 0.317615 0.0026891
6 0.318813 0.317815 0.0022047
7 0.320715 0.318229 0.00190881
8 0.31343 0.317629 0.00175858
9 0.317261 0.317588 0.00155146
10 0.320148 0.317844 0.00141108
11 0.32693 0.31867 0.00152031
12 0.321439 0.318901 0.0014069
13 0.320916 0.319056 0.00130341
14 0.31869 0.31903 0.00120701
15 0.315795 0.318814 0.00114417
16 0.31952 0.318858 0.00107118
17 0.317129 0.318757 0.00101132
18 0.303395 0.317903 0.00127964
19 0.327426 0.318404 0.00131008
20 0.311163 0.318042 0.00129452
