1 2.22728 2.22728 0
2 2.4428 2.33504 0.10776
3 2.33357 2.33455 0.0622172
4 2.41762 2.35532 0.0486491
5 2.42288 2.36883 0.0400329
6 2.45226 2.38273 0.0355214
7 2.25381 2.36432 0.0352206
8 2.23958 2.34872 0.034256
9 2.35875 2.34984 0.0302314
10 2.29375 2.34423 0.0276153
11 2.32851 2.3428 0.0250198
12 2.2674 2.33652 0.0236884
13 2.48966 2.3483 0.0247705
14 2.22405 2.33942 0.0245903
15 2.2884 2.33602 0.0231436
16 2.40835 2.34054 0.0221158
17 2.27838 2.33688 0.0210935
18 2.41601 2.34128 0.0203672
19 2.3589 2.34221 0.0192877
20 2.27619 2.33891 0.0185933
