1 -0.566768 -0.566768 0
2 -0.568128 -0.567448 0.00068
3 -0.56744 -0.567445 0.000392607
4 -0.565904 -0.56706 0.000474923
5 -0.569024 -0.567453 0.000538166
6 -0.568448 -0.567619 0.000469674
7 -0.562392 -0.566872 0.000845623
8 -0.566968 -0.566884 0.000732429
9 -0.568224 -0.567033 0.000662879
10 -0.564872 -0.566817 0.000631048
11 -0.571448 -0.567238 0.000709277
12 -0.566016 -0.567136 0.000655435
13 -0.57012 -0.567366 0.000645129
14 -0.56916 -0.567494 0.000610872
15 -0.568432 -0.567556 0.000572121
16 -0.571032 -0.567774 0.000577579
17 -0.56416 -0.567561 0.000582693
18 -0.571776 -0.567795 0.000597195
19 -0.569848 -0.567903 0.00057513
20 -0.567056 -0.567861 0.000547258
