1 0.285815 0.285815 0
2 0.285553 0.285684 0.00013089
3 0.278237 0.283201 0.00248342
4 0.294194 0.28595 0.00326127
5 0.28486 0.285732 0.00253555
6 0.273295 0.283659 0.00292957
7 0.283319 0.28361 0.00247641
8 0.28003 0.283163 0.00219083
9 0.282537 0.283093 0.00193339
10 0.271916 0.281976 0.00205908
11 0.2716 0.281032 0.00208772
12 0.281113 0.281039 0.00190583
13 0.293907 0.282029 0.00201325
14 0.28385 0.282159 0.00186844
15 0.277723 0.281863 0.00176438
16 0.282424 0.281898 0.0016508
17 0.284969 0.282079 0.00156115
18 0.276556 0.281772 0.0015035
19 0.288213 0.282111 0.00146201
20 0.28717 0.282364 0.00140986
