1 0.00638 0.00638 0
2 -0.007904 -0.000762 0.007142
3 0.004872 0.001116 0.00453096
4 -0.006292 -0.000736 0.00370064
5 -0.009276 -0.002444 0.00333678
6 -0.007444 -0.00327733 0.00284906
7 0.013508 -0.000879429 0.00339822
8 -0.003932 -0.001261 0.00296758
9 -0.005756 -0.00176044 0.00266439
10 0.002908 -0.0012936 0.0024284
11 0.0085 -0.000403273 0.00237015
12 -0.004612 -0.000754 0.00219188
13 -0.014916 -0.00184338 0.00229172
14 0.004584 -0.00138429 0.00217082
15 0.004976 -0.000960267 0.00206493
16 -0.000932 -0.0009585 0.00193156
17 0.01344 -0.000111529 0.00200234
18 0.004488 0.000144 0.00190504
19 0.011036 0.000717263 0.00189098
20 0.002752 0.000819 0.00179682
