1 -0.52716 -0.52716 0
2 -0.529192 -0.528176 0.001016
3 -0.530112 -0.528821 0.00087209
4 -0.52892 -0.528846 0.000617154
5 -0.525616 -0.5282 0.000803644
6 -0.529688 -0.528448 0.000701474
7 -0.527352 -0.528291 0.000613181
8 -0.526616 -0.528082 0.000570835
9 -0.529696 -0.528261 0.000534417
10 -0.529336 -0.528369 0.000489929
11 -0.526848 -0.528231 0.000464223
12 -0.531992 -0.528544 0.000527105
13 -0.530528 -0.528697 0.000508317
14 -0.528792 -0.528703 0.00047066
15 -0.529776 -0.528775 0.000443956
16 -0.526144 -0.52861 0.000446653
17 -0.530928 -0.528747 0.000441149
18 -0.527648 -0.528686 0.000420375
19 -0.52984 -0.528747 0.000402249
20 -0.527704 -0.528694 0.00038515
