1 0.246399 0.246399 0
2 0.244252 0.245325 0.00107359
3 0.25164 0.24743 0.00219425
4 0.245688 0.246995 0.00161155
5 0.256539 0.248904 0.00228089
6 0.24874 0.248876 0.00186254
7 0.250647 0.249129 0.00159432
8 0.24737 0.248909 0.00139813
9 0.251893 0.249241 0.00127683
10 0.24972 0.249289 0.00114303
11 0.247859 0.249159 0.00104205
12 0.260255 0.250083 0.00132664
13 0.241039 0.249388 0.00140473
14 0.245018 0.249076 0.00133745
15 0.24241 0.248631 0.00132202
16 0.250342 0.248738 0.00124125
17 0.255152 0.249115 0.00122547
18 0.253903 0.249381 0.0011856
19 0.245046 0.249153 0.00114445
20 0.250024 0.249197 0.00108659
