1 1.90014 1.90014 0
2 1.93269 1.91641 0.0162753
3 2.03256 1.95513 0.0398401
4 1.95962 1.95625 0.0281935
5 1.95048 1.9551 0.0218691
6 1.9636 1.95651 0.0179123
7 1.86915 1.94403 0.0196197
8 1.86053 1.9336 0.0199414
9 1.97833 1.93857 0.0182757
10 1.94753 1.93946 0.0163708
11 1.77362 1.92439 0.0211325
12 1.88645 1.92122 0.0195485
13 1.89962 1.91956 0.0180587
14 1.8782 1.91661 0.0169781
15 1.82992 1.91083 0.0168291
16 1.81262 1.90469 0.0168966
17 1.97787 1.909 0.0164449
18 1.86465 1.90653 0.0156989
19 1.93316 1.90793 0.0149157
20 1.85989 1.90553 0.0143527
