1 -0.00882 -0.00882 0
2 -0.001552 -0.005186 0.003634
3 0.001116 -0.00308533 0.00296897
4 -0.00334 -0.003149 0.00210034
5 -0.0098 -0.0044792 0.0021015
6 -0.010432 -0.00547133 0.00198205
7 -0.007748 -0.00579657 0.00170642
8 -0.01072 -0.006412 0.00160083
9 -0.017024 -0.00759111 0.00183942
10 0.001656 -0.0066664 0.00188729
11 -0.015728 -0.00749018 0.00189549
12 0.002612 -0.00664833 0.00192426
13 0.006268 -0.00565477 0.00202985
14 -0.003272 -0.00548457 0.00188697
15 -0.007604 -0.00562587 0.00176234
16 2.8e-05 -0.0052725 0.00168597
17 -0.004476 -0.00522565 0.00158438
18 0.00548 -0.00463089 0.00160782
19 0.003336 -0.00421158 0.00157759
20 -0.004872 -0.0042446 0.001497
