1 -0.49184 -0.49184 0
2 -0.493184 -0.492512 0.000672
3 -0.49164 -0.492221 0.000484784
4 -0.493192 -0.492464 0.000419994
5 -0.494072 -0.492786 0.000457453
6 -0.491664 -0.492599 0.000417676
7 -0.490736 -0.492333 0.000442059
8 -0.49944 -0.493221 0.000967402
9 -0.49572 -0.493499 0.000897215
10 -0.494248 -0.493574 0.000805985
11 -0.492984 -0.49352 0.000731008
12 -0.49404 -0.493563 0.000668722
13 -0.494816 -0.49366 0.000622636
14 -0.496104 -0.493834 0.000602309
15 -0.49244 -0.493741 0.000568372
16 -0.49132 -0.49359 0.000552781
17 -0.492816 -0.493544 0.00052124
18 -0.492992 -0.493514 0.000492387
19 -0.497784 -0.493739 0.000517143
20 -0.494744 -0.493789 0.000493174
