1 0.218834 0.218834 0
2 0.225187 0.22201 0.00317639
3 0.218753 0.220924 0.00213122
4 0.224361 0.221783 0.00173467
5 0.221991 0.221825 0.0013443
6 0.224429 0.222259 0.00118034
7 0.226042 0.222799 0.00113455
8 0.221607 0.22265 0.000993802
9 0.219703 0.222323 0.000935649
10 0.22261 0.222351 0.000837362
11 0.224066 0.222507 0.000773298
12 0.218582 0.22218 0.000778039
13 0.218703 0.221913 0.000764032
14 0.220758 0.22183 0.000712147
15 0.221426 0.221803 0.00066352
16 0.224096 0.221947 0.000636993
17 0.21822 0.221727 0.000637234
18 0.221801 0.221732 0.000600804
19 0.222675 0.221781 0.000570471
20 0.219931 0.221689 0.000549044
