1 1.54595 1.54595 0
2 1.62138 1.58366 0.0377189
3 1.49039 1.55257 0.0379592
4 1.54143 1.54979 0.0269854
5 1.62935 1.5657 0.0262707
6 1.55919 1.56462 0.0214774
7 1.62247 1.57288 0.0199447
8 1.68224 1.58655 0.0220279
9 1.58183 1.58603 0.0194338
10 1.61674 1.5891 0.0176515
11 1.55031 1.58557 0.016351
12 1.62875 1.58917 0.015354
13 1.51233 1.58326 0.0153105
14 1.57342 1.58256 0.0141922
15 1.59918 1.58367 0.0132586
16 1.58741 1.5839 0.0124045
17 1.51001 1.57955 0.0124364
18 1.6855 1.58544 0.0131197
19 1.63791 1.5882 0.0127135
20 1.61796 1.58969 0.0121525
