1 0.011488 0.011488 0
2 0.009508 0.010498 0.00099
3 0.003892 0.008296 0.00227497
4 0.003368 0.007064 0.00202622
5 -0.003072 0.0050368 0.00256376
6 0.003688 0.004812 0.00210534
7 0.006712 0.00508343 0.00179992
8 0.00218 0.0047205 0.00160047
9 -0.01164 0.00290267 0.00230148
10 0.003552 0.0029676 0.00205953
11 -0.008816 0.00189636 0.00214895
12 -0.000244 0.001718 0.00196981
13 -0.008476 0.000933846 0.00197436
14 0.008436 0.00146971 0.00190483
15 0.012356 0.00219547 0.00191607
16 0.007716 0.0025405 0.00182522
17 -0.005572 0.00206329 0.00177967
18 0.00242 0.00208311 0.00167801
19 -0.003176 0.00180632 0.00161119
20 -0.00528 0.001452 0.00156904
