1 -0.003668 -0.003668 0
2 0.000532 -0.001568 0.0021
3 0.013456 0.00344 0.00515268
4 -0.019084 -0.002191 0.00670695
5 -0.007064 -0.0031656 0.00528581
6 0.0046 -0.00187133 0.00450573
7 -0.016328 -0.00393657 0.00433202
8 0.008824 -0.0023415 0.00407664
9 0.007996 -0.00119289 0.00377428
10 0.011212 4.76e-05 0.00359652
11 -0.009592 -0.000828727 0.00336914
12 -0.009532 -0.001554 0.00315995
13 0.004252 -0.00110738 0.00294084
14 6e-05 -0.001024 0.00272397
15 0.0043 -0.000669067 0.00256059
16 0.000464 -0.00059825 0.00239626
17 -0.007676 -0.00101459 0.00228908
18 0.00572 -0.000640444 0.00219035
19 -0.007044 -0.000977474 0.0020991
20 0.009176 -0.0004698 0.00205508
