1 1.29332 1.29332 0
2 1.3833 1.33831 0.044988
3 1.37785 1.35149 0.0291259
4 1.32029 1.34369 0.0220226
5 1.30408 1.33577 0.0188084
6 1.33285 1.33528 0.0153647
7 1.40218 1.34484 0.0161236
8 1.37599 1.34873 0.0144962
9 1.37159 1.35127 0.0130342
10 1.35394 1.35154 0.0116612
11 1.37244 1.35344 0.0107177
12 1.3356 1.35195 0.00989627
13 1.3546 1.35216 0.00910551
14 1.38415 1.35444 0.00873429
15 1.39102 1.35688 0.00848899
16 1.36774 1.35756 0.0079697
17 1.34953 1.35709 0.0075011
18 1.35711 1.35709 0.00707211
19 1.31935 1.3551 0.00697821
20 1.38348 1.35652 0.00677047
