1 0.201773 0.201773 0
2 0.197241 0.199507 0.00226597
3 0.195428 0.198148 0.00188682
4 0.198552 0.198249 0.00133801
5 0.198459 0.198291 0.00103727
6 0.193668 0.19752 0.00114492
7 0.19876 0.197697 0.000983703
8 0.194687 0.197321 0.00093131
9 0.193541 0.196901 0.000922476
10 0.189503 0.196161 0.00110819
11 0.197071 0.196244 0.00100581
12 0.192897 0.195965 0.000959593
13 0.193096 0.195744 0.000909863
14 0.193979 0.195618 0.000851752
15 0.193045 0.195447 0.000811278
16 0.195853 0.195472 0.000759305
17 0.19938 0.195702 0.000749372
18 0.200031 0.195943 0.000746326
19 0.194504 0.195867 0.000710005
20 0.193664 0.195757 0.000682515
