1 -0.458648 -0.458648 0
2 -0.463824 -0.461236 0.002588
3 -0.465304 -0.462592 0.00201775
4 -0.465184 -0.46324 0.00156702
5 -0.459656 -0.462523 0.00140966
6 -0.460976 -0.462265 0.00117951
7 -0.461392 -0.462141 0.00100465
8 -0.462544 -0.462191 0.000871512
9 -0.461664 -0.462132 0.000770828
10 -0.462728 -0.462192 0.000692017
11 -0.46376 -0.462335 0.000641979
12 -0.45824 -0.461993 0.000678139
13 -0.46112 -0.461926 0.000627404
14 -0.459784 -0.461773 0.000600679
15 -0.462376 -0.461813 0.000560644
16 -0.460496 -0.461731 0.000530858
17 -0.460976 -0.461687 0.000500628
18 -0.46372 -0.4618 0.000485327
19 -0.459 -0.461652 0.00048214
20 -0.4656 -0.46185 0.000498172
