0 2 27 36 4 30 10 25 34 6 42 1 11 7 24 18 3 49 16 5 14 26 43 41 47 15 9 23 8 19 17 38 37 28 20 31 12 46 35 29 45 39 48 40 33 32 44 22 13 21 23670.5 28863.3
0 2 27 36 4 30 10 25 34 6 18 45 3 14 43 7 16 42 1 11 24 49 5 26 41 47 15 9 23 8 19 17 38 37 28 20 31 12 46 35 29 39 48 40 33 32 44 22 13 21 21161.6 25185.6
0 2 30 4 36 27 10 25 34 6 18 45 3 14 43 7 16 42 1 11 24 49 5 26 41 47 15 9 23 8 19 17 38 37 28 20 31 12 46 35 29 39 48 40 33 32 44 22 13 21 19980.8 22714.9
0 32 2 30 4 36 27 10 25 34 6 18 45 3 14 43 7 16 42 1 11 24 49 5 26 41 47 15 9 23 8 19 17 38 37 28 20 31 12 46 35 29 39 48 40 33 44 22 13 21 18493.6 20970.2
0 32 2 30 4 36 27 10 25 34 6 18 45 3 14 43 11 1 42 16 7 24 49 5 26 41 47 15 9 23 8 19 17 38 37 28 20 31 12 46 35 29 39 48 40 33 44 22 13 21 16870 19669.3
0 32 2 30 1 4 36 27 10 25 34 6 18 45 3 14 43 11 42 16 7 24 49 5 26 41 47 15 9 23 8 19 17 38 37 28 20 31 12 46 35 29 39 48 40 33 44 22 13 21 16338.9 18455.4
0 32 2 30 4 36 27 49 5 26 41 47 15 9 23 8 19 17 38 37 28 20 31 12 46 1 10 25 34 6 18 45 3 14 43 11 42 16 7 35 29 24 39 48 40 33 44 22 13 21 14991.8 17290.6
0 32 2 30 4 36 27 49 5 26 41 47 15 9 23 8 19 17 38 37 28 20 31 12 46 1 10 25 35 29 24 39 48 40 33 44 22 13 21 7 16 42 11 43 14 3 45 18 6 34 13995.4 16055.9
0 32 2 30 4 36 27 49 5 26 41 47 15 9 23 8 19 17 38 37 28 20 31 12 46 1 10 25 35 29 39 24 48 40 33 44 22 13 21 7 16 42 11 43 14 3 45 18 6 34 13643.7 14901.2
0 32 2 30 4 36 27 49 5 26 41 47 15 9 23 8 19 17 38 37 28 20 31 12 46 1 10 43 11 42 16 7 21 13 22 44 33 40 48 24 39 29 35 25 14 3 45 18 6 34 13424.8 14186.9
0 32 2 30 4 36 27 49 5 12 46 1 10 25 35 29 39 24 48 40 23 8 19 17 38 37 28 20 31 45 18 6 33 44 22 13 21 7 16 42 11 43 14 3 26 41 47 15 9 34 12939.8 13848.8
0 32 2 12 5 49 27 36 4 30 46 1 10 25 35 29 39 24 48 40 23 8 19 17 38 37 28 20 31 45 18 6 33 44 22 13 21 7 16 42 11 43 14 3 26 41 47 15 9 34 12699.6 13464.3
0 32 2 30 4 36 27 49 5 26 15 9 23 8 19 17 37 38 28 20 31 12 40 48 24 47 41 46 1 10 43 11 42 16 7 21 13 22 44 33 39 29 35 25 14 3 45 18 6 34 12640.4 13195.8
0 32 2 30 4 36 27 49 5 26 15 9 23 8 19 17 37 38 28 20 31 12 40 48 24 47 41 46 1 10 43 11 42 16 7 21 13 22 35 25 14 3 45 18 44 33 39 29 6 34 11788.2 12951.5
0 38 28 20 31 12 40 48 24 47 41 46 1 10 43 11 42 16 7 21 13 22 35 25 14 3 32 2 30 4 36 27 49 5 26 15 9 23 8 19 17 37 45 18 44 33 39 29 6 34 11645.7 12758.1
0 38 28 20 31 12 40 48 24 47 41 30 2 32 3 14 25 35 22 13 21 7 16 42 11 43 10 1 46 4 36 27 49 5 26 15 9 23 8 19 17 37 45 18 44 33 39 29 6 34 10413.2 12215.1
0 38 28 20 31 47 41 30 2 32 3 14 25 35 22 13 21 7 16 42 11 43 10 1 46 4 36 27 49 5 26 15 12 40 48 24 9 23 8 19 17 37 45 18 44 33 39 29 6 34 10144.7 11600.5
0 38 28 20 31 12 40 48 24 47 41 30 2 32 3 14 25 35 22 13 21 7 16 15 26 5 49 27 36 4 46 1 10 43 11 42 9 23 8 19 34 6 29 39 33 44 18 45 37 17 10051.2 10932.1
0 38 28 20 31 12 40 48 24 47 41 35 25 14 3 32 2 30 22 13 21 7 16 15 26 5 49 27 36 4 46 1 10 43 11 42 9 23 8 19 34 6 29 39 33 44 18 45 37 17 9941.27 10330.5
0 38 28 20 31 12 40 48 24 39 33 44 18 45 37 47 41 30 25 35 22 13 21 7 16 15 26 5 49 27 36 4 46 1 10 43 11 2 32 3 14 42 9 23 8 19 34 6 29 17 9592.45 10189.4
0 33 44 18 45 37 47 41 30 25 35 22 13 21 7 16 15 26 5 49 27 36 4 46 1 10 43 11 2 32 3 14 42 9 23 8 19 34 6 29 38 28 20 31 12 40 48 24 39 17 9181.26 10015.1
0 9 42 23 8 19 34 6 29 38 28 20 31 12 40 48 24 39 33 44 18 45 37 47 41 30 25 35 22 13 21 7 16 15 26 5 49 27 36 4 46 1 10 43 11 2 32 3 14 17 8946.25 9916.21
0 9 42 23 8 19 34 6 29 38 28 20 31 12 40 35 25 30 41 47 37 45 18 44 33 39 24 48 22 13 21 7 16 15 26 5 49 27 36 4 46 1 10 43 11 2 32 3 14 17 8819.71 9615.54
0 9 42 23 8 47 41 30 25 35 40 12 31 20 28 38 29 6 34 19 37 45 18 44 33 39 24 48 22 13 21 7 16 15 26 5 49 27 36 4 46 1 10 43 11 2 32 3 14 17 8731.31 9330.77
0 9 42 23 17 14 3 32 2 11 43 10 1 46 4 36 27 49 5 26 30 25 35 40 12 15 16 7 21 13 22 48 24 39 33 44 18 45 37 47 41 31 20 28 38 29 6 34 19 8 8472.28 9124.05
0 9 42 23 17 14 3 32 2 11 43 10 1 46 4 36 27 49 5 26 30 25 35 40 12 15 16 21 13 22 48 24 39 33 44 7 18 45 37 47 41 31 20 28 38 29 6 34 19 8 8396.47 9023.78
0 9 42 23 17 14 3 32 26 5 49 27 36 4 46 1 10 43 11 2 30 25 35 40 12 15 16 21 13 22 48 24 39 33 44 7 18 45 37 47 41 31 20 28 38 29 6 34 19 8 8073.72 8861.38
0 9 42 23 17 14 3 32 26 5 49 27 36 4 46 1 10 43 11 2 30 25 35 40 12 15 16 21 13 22 48 24 47 37 45 18 7 44 33 39 41 31 20 28 38 29 6 34 19 8 8046.55 8678.68
0 9 42 23 17 14 3 32 26 5 49 27 36 4 46 1 10 43 11 2 30 25 40 35 12 15 16 21 13 22 48 24 47 37 45 18 7 44 33 39 41 31 20 28 38 29 6 34 19 8 7798.91 8598.15
0 9 3 42 23 17 14 32 26 5 49 27 36 4 46 1 10 43 11 2 30 25 35 40 12 15 16 7 21 13 22 48 24 39 41 31 20 28 38 29 6 33 44 18 45 37 47 34 19 8 7660.03 8290.85
0 9 3 42 23 17 14 32 26 5 49 27 36 4 46 1 10 43 11 2 25 30 35 40 12 15 16 7 21 13 22 48 24 39 41 31 20 28 38 29 6 33 44 18 45 37 47 34 19 8 7527.18 8046.31
0 9 3 42 23 17 14 32 26 5 49 27 36 4 46 1 10 43 11 2 30 25 40 35 12 15 22 48 24 39 16 21 13 7 41 31 20 28 38 29 6 33 44 18 45 37 47 34 19 8 7343.31 8029.17
0 9 3 42 23 17 14 32 26 5 49 27 36 4 46 1 10 11 43 2 30 25 40 35 12 15 22 48 24 39 16 21 13 7 41 31 20 28 38 29 6 33 44 18 45 37 47 34 19 8 7017.68 7738.24
0 9 3 42 23 17 14 32 26 5 49 27 36 4 46 1 10 11 43 2 30 25 40 35 12 15 22 48 24 39 16 7 21 13 41 31 20 28 18 44 33 6 29 38 45 37 47 34 19 8 6896.36 7559.14
0 9 3 42 23 17 14 32 26 5 49 27 36 4 46 1 10 11 43 2 30 25 40 35 12 15 22 48 24 39 16 7 21 13 41 31 20 28 18 44 33 6 29 38 45 37 47 34 19 8 6896.36 7358.72
0 9 3 42 23 17 14 32 26 5 49 27 36 10 1 46 4 11 43 2 30 25 40 35 12 15 22 48 24 39 16 7 21 13 41 31 20 28 18 44 33 6 29 38 45 37 47 34 19 8 6445.2 7151.19
0 9 3 42 23 17 14 32 26 5 49 27 36 10 1 46 4 11 43 2 30 25 40 35 12 15 22 48 24 16 7 21 13 41 31 20 28 18 44 33 6 29 38 45 37 47 34 19 39 8 6256.28 6928.46
0 9 3 42 23 17 14 32 26 5 49 27 36 10 1 46 4 11 43 2 30 25 40 35 24 48 22 15 12 16 7 21 13 41 31 20 28 18 44 33 6 29 38 45 37 47 34 19 39 8 6186.12 6764.17
0 9 3 42 23 17 14 32 26 5 49 27 36 10 1 46 4 11 43 2 30 25 40 35 24 48 22 15 12 16 7 21 13 41 31 20 28 18 44 33 6 29 38 45 37 47 34 19 39 8 6186.12 6431.77
0 9 3 42 23 17 14 26 5 49 27 36 10 1 46 4 11 43 2 30 25 32 40 35 12 15 22 48 24 16 7 21 13 41 31 20 28 18 44 33 6 29 38 45 37 47 34 19 39 8 6126.09 6425.74
0 9 3 42 23 17 14 26 5 49 27 36 10 1 46 4 11 43 2 30 25 32 40 35 12 15 22 48 24 16 7 21 13 41 31 20 28 18 44 33 6 29 38 45 37 47 34 19 39 8 6126.09 6293.81
0 9 3 42 23 17 14 26 5 49 27 36 10 1 46 4 11 43 2 30 25 32 40 35 12 15 22 48 24 16 41 13 21 7 31 20 28 18 44 33 6 29 38 45 37 47 34 19 39 8 5999.99 6289.77
0 9 3 42 23 17 14 26 5 49 27 36 10 1 46 4 11 43 2 30 25 32 40 35 12 15 22 48 24 16 41 13 21 7 31 20 28 18 44 33 6 29 38 45 37 47 34 19 39 8 5999.99 6263.35
0 9 3 42 23 17 14 26 5 49 27 36 10 1 46 4 11 43 2 30 25 32 40 35 12 15 22 48 24 16 41 13 21 7 31 20 28 18 44 33 6 29 38 45 37 47 34 19 39 8 5999.99 6290.04
0 9 3 42 23 17 14 26 32 5 49 27 36 10 1 46 4 11 43 2 30 25 40 35 15 22 48 24 12 16 13 41 21 7 31 20 28 18 44 33 6 29 38 45 37 47 34 19 39 8 5971.52 6141.32
0 9 3 42 23 17 14 26 32 5 49 27 36 10 1 46 4 11 43 2 30 25 40 35 15 22 48 24 12 16 13 41 21 7 31 20 28 18 44 33 6 29 38 45 37 47 34 19 39 8 5971.52 6099.22
0 9 3 42 23 17 14 26 5 49 27 36 10 1 46 4 11 43 2 30 25 32 40 35 15 22 48 24 12 16 13 41 21 7 31 20 28 18 44 33 6 29 38 45 37 47 34 19 39 8 5912.01 6185.4
0 9 3 42 23 17 14 26 5 49 11 4 46 1 10 36 27 43 2 30 25 32 40 35 15 22 48 24 12 16 13 41 21 7 31 20 28 18 44 33 6 29 38 45 37 47 34 19 39 8 5858.36 6191.26
0 9 3 42 23 17 14 26 5 49 11 4 46 1 10 36 27 43 2 30 25 32 40 35 15 22 48 24 12 16 13 41 21 7 31 38 29 6 33 44 18 28 20 45 37 47 34 19 39 8 5855.66 6051.12
0 9 3 42 23 17 14 26 5 30 2 43 27 36 10 1 46 4 11 49 25 32 40 35 15 22 48 24 12 16 13 41 21 7 31 38 29 6 33 44 18 28 20 45 37 47 34 19 39 8 5796.67 6141.26
0 9 3 42 23 17 14 26 5 30 2 43 27 36 10 1 46 4 11 49 25 32 40 35 15 22 48 24 12 16 13 41 21 7 31 38 20 28 18 44 33 6 29 45 37 47 34 19 39 8 5733.71 6089.73
0 9 3 42 23 17 14 26 5 49 30 2 43 27 36 10 1 46 4 11 25 32 40 35 15 22 48 24 12 16 13 41 21 7 31 33 44 18 28 20 6 29 38 45 37 47 34 19 39 8 5595.66 5974.37
0 9 3 42 23 17 14 26 5 49 30 2 43 27 36 10 1 46 4 11 25 32 40 35 15 22 48 24 12 16 13 41 21 31 7 33 44 18 28 20 6 29 38 45 37 47 34 19 39 8 5528.84 5864.98
0 9 3 42 23 17 14 26 5 49 30 2 43 27 36 10 1 46 4 11 25 32 40 35 15 22 48 24 12 16 13 41 21 31 7 33 44 18 28 20 6 29 38 45 37 47 34 19 39 8 5528.84 5717.13
0 9 3 42 23 17 14 26 5 49 30 2 43 27 36 10 1 46 4 11 25 32 40 35 15 22 48 24 12 16 13 41 21 31 7 33 44 18 28 20 6 29 38 45 37 47 34 19 39 8 5528.84 5674.14
0 9 3 42 23 17 14 26 5 49 30 2 43 27 36 10 1 46 4 11 25 32 40 35 15 22 48 24 12 16 13 41 21 31 7 38 29 6 20 28 18 44 33 45 37 47 34 19 39 8 5522.53 5711.83
0 8 39 19 34 47 37 45 33 44 18 28 20 6 29 38 7 31 21 41 13 16 12 24 48 22 15 35 40 32 25 11 4 46 1 10 36 27 43 2 30 49 5 26 14 17 23 42 3 9 5522.53 5675.86
0 8 39 19 34 21 31 7 38 6 29 20 28 18 44 33 45 37 47 41 13 16 12 24 48 22 15 35 40 32 25 11 4 46 1 10 36 27 43 2 30 49 5 26 14 17 23 42 3 9 5514.53 5660.34
0 9 3 42 17 23 14 26 5 49 30 2 43 27 36 10 1 46 4 11 25 32 40 35 15 22 48 24 12 16 13 41 21 31 7 28 20 6 29 38 18 44 33 45 37 47 34 19 39 8 5485.18 5703.43
0 9 3 42 17 23 14 26 5 49 30 2 43 27 36 10 1 46 4 11 25 32 40 35 15 22 48 24 12 16 13 41 21 31 7 29 6 20 28 38 18 44 33 45 37 47 34 19 39 8 5442.68 5830.62
0 8 9 3 42 17 23 14 26 5 49 30 2 43 27 36 10 1 46 4 11 25 32 40 35 15 22 48 24 12 16 13 41 21 7 28 20 6 38 18 44 33 37 47 34 19 29 31 45 39 5460.6 6047.35
0 9 3 42 23 17 14 26 5 49 30 2 43 27 36 46 1 10 4 11 25 32 40 35 15 22 48 24 12 16 13 41 21 31 7 38 29 6 20 28 18 44 33 45 37 47 34 19 39 8 5302.6 5820.83
0 8 9 3 42 17 23 14 26 5 49 30 2 43 27 36 46 1 10 4 11 25 32 40 35 15 22 48 24 12 16 13 41 21 7 28 20 6 38 18 44 33 37 47 34 19 29 31 45 39 5240.67 5628.06
0 8 9 3 42 17 23 14 26 5 49 30 2 43 27 36 46 1 10 4 11 25 32 40 35 15 22 48 24 12 16 13 41 21 7 38 29 6 20 28 18 44 33 37 47 34 19 31 45 39 5222.54 5496.19
0 8 9 3 42 17 23 14 26 5 49 30 2 43 27 36 46 1 10 4 11 25 32 40 35 15 22 48 24 12 16 13 41 21 31 7 38 29 6 20 28 18 44 33 37 47 34 19 45 39 5216.17 5412.7
0 8 9 3 42 17 23 14 26 5 49 30 2 43 27 36 46 1 10 4 11 25 32 40 35 15 22 48 24 12 16 13 41 21 31 7 38 29 6 20 28 18 44 33 37 47 34 19 45 39 5216.17 5343.69
0 8 9 3 42 17 23 14 26 5 49 30 2 43 27 36 46 1 10 4 11 25 32 40 35 15 22 48 24 12 16 13 41 21 31 7 38 33 44 18 28 20 6 29 37 47 34 19 45 39 5197.48 5368.41
0 8 9 3 42 17 23 14 26 5 49 30 2 43 27 36 46 1 10 4 11 25 32 40 35 15 22 48 24 12 16 13 41 21 31 7 38 33 44 18 28 20 6 29 37 47 34 19 45 39 5197.48 5296.18
0 8 9 3 42 17 23 14 26 5 49 30 2 43 27 36 46 1 10 4 11 25 32 40 35 15 22 48 24 12 16 13 41 21 31 7 38 20 28 18 44 33 6 29 37 47 34 19 45 39 5190.69 5294.78
0 8 9 3 42 17 23 14 26 5 49 30 2 43 27 36 46 1 10 4 11 25 32 40 35 15 22 48 24 12 16 13 21 41 31 7 38 20 28 18 44 33 6 29 37 47 34 19 45 39 5171.84 5271.38
0 8 9 3 42 17 23 14 26 5 49 30 2 43 27 36 46 1 10 4 11 25 32 40 35 15 22 48 24 12 16 13 21 41 31 7 38 20 28 18 44 33 6 29 37 47 34 19 45 39 5171.84 5268.14
0 8 9 3 42 17 23 14 26 5 49 30 2 43 27 36 46 1 10 4 11 25 32 40 35 15 22 48 24 12 16 13 21 41 31 7 38 20 28 18 44 33 6 29 37 47 34 19 45 39 5171.84 5256.05
0 3 42 17 23 14 26 5 49 30 2 43 27 36 46 1 10 4 11 25 32 40 35 15 22 48 24 12 16 13 21 41 31 7 38 20 28 18 44 33 6 29 37 47 34 19 45 39 9 8 5130.84 5261.31
0 8 9 3 42 17 23 14 26 40 32 25 11 4 10 1 46 36 27 43 2 30 49 5 35 15 22 48 24 12 16 13 21 41 31 7 38 20 28 18 44 33 6 29 37 47 34 19 45 39 5115.18 5213.09
0 8 9 3 42 17 23 14 26 40 32 25 11 4 10 1 46 36 27 43 2 30 49 5 35 15 22 48 24 12 16 13 21 41 31 7 38 20 28 18 44 33 6 29 37 47 34 19 45 39 5115.18 5286.88
0 3 42 17 23 14 26 40 32 25 11 4 10 1 46 36 27 43 2 30 49 5 35 15 22 48 24 12 16 13 21 41 31 7 38 20 28 18 44 33 6 29 37 47 34 19 45 39 9 8 5074.18 5294.28
0 3 42 17 23 14 26 40 32 25 11 4 10 1 46 36 27 43 2 30 49 5 35 15 22 48 24 12 16 13 21 41 31 7 38 20 28 18 44 33 6 29 37 47 34 19 45 39 9 8 5074.18 5283.65
0 3 42 17 23 14 26 40 32 25 11 4 10 1 46 36 27 43 2 30 49 5 35 15 22 48 24 12 16 13 21 41 31 7 38 20 28 18 44 33 6 29 37 19 34 47 45 39 9 8 5065.04 5211.65
0 3 42 17 23 14 26 40 32 25 11 4 10 1 46 36 27 43 2 30 49 5 35 15 22 48 24 12 16 13 21 41 31 7 38 20 28 18 44 33 6 29 37 19 34 47 45 39 9 8 5065.04 5244.02
0 3 42 17 23 14 26 40 32 25 11 4 10 1 46 36 27 43 2 30 49 5 35 15 22 48 24 12 16 13 21 41 31 7 38 20 28 18 44 33 6 29 37 19 45 47 34 39 9 8 5038.6 5209.29
0 3 42 17 23 14 26 40 32 25 11 4 10 1 46 36 27 43 2 30 49 5 35 15 22 48 24 12 16 13 21 41 31 7 38 20 28 18 44 33 6 29 37 19 45 47 34 39 9 8 5038.6 5247.86
0 3 42 17 23 35 5 49 30 2 43 27 36 46 1 10 4 11 25 32 40 26 14 15 22 48 24 12 16 13 21 41 31 7 38 20 28 18 44 33 6 29 37 19 45 47 34 39 9 8 4999.2 5196.58
0 3 42 17 23 35 5 49 30 2 43 27 36 46 1 10 4 11 25 32 40 26 14 15 22 48 24 12 16 13 21 41 31 7 38 20 28 18 44 33 6 29 37 19 45 47 34 39 9 8 4999.2 5180.42
0 3 42 17 23 35 5 49 30 2 43 27 36 46 1 10 4 11 25 32 40 26 14 15 22 48 24 12 16 31 7 38 20 28 18 44 33 6 29 37 19 45 47 34 13 21 41 39 9 8 4981.64 5214.69
0 3 42 17 23 35 5 49 30 2 43 27 4 10 1 46 36 11 25 32 40 26 14 15 22 48 24 12 16 31 7 38 20 28 18 44 33 6 29 37 19 45 47 34 13 21 41 39 9 8 4935.93 5219.52
0 3 42 17 23 35 5 49 30 2 43 27 4 10 1 46 36 11 25 32 40 26 14 15 22 48 24 12 16 31 7 38 20 28 18 44 33 6 29 37 19 45 47 34 13 21 41 39 9 8 4935.93 5082.93
0 3 42 17 23 35 5 49 30 2 43 27 4 10 1 46 36 11 25 32 40 26 14 15 22 48 24 12 16 31 7 38 20 28 18 44 33 6 29 37 19 45 47 34 13 21 41 39 9 8 4935.93 5077.82
0 3 42 17 23 35 5 49 30 2 43 27 4 10 1 46 36 11 25 32 40 26 14 15 22 48 24 12 16 31 7 38 20 28 18 44 33 6 29 37 19 45 47 34 13 21 41 39 9 8 4935.93 5060.83
0 17 42 3 23 35 5 49 30 2 43 27 4 10 1 46 36 11 25 32 40 26 14 15 22 48 24 12 16 31 7 38 20 28 18 44 33 6 29 37 19 45 47 34 13 21 41 39 9 8 4928.02 5117.32
0 3 42 17 23 35 5 49 30 2 43 27 4 10 1 46 36 11 25 32 40 26 14 15 22 48 24 12 21 13 34 47 45 19 37 29 6 33 44 18 28 20 38 7 31 16 41 39 9 8 4904.74 5092.03
0 17 42 3 23 35 5 49 30 2 43 27 4 10 1 46 36 11 25 32 40 26 14 15 22 48 24 12 16 31 19 37 29 6 33 44 18 28 20 38 7 45 47 34 13 21 41 39 9 8 4925.05 5282.43
0 17 42 3 23 35 5 49 30 2 43 27 4 10 1 46 36 11 25 32 40 26 14 15 22 48 24 12 16 31 19 37 29 6 33 44 18 28 20 38 7 45 47 34 13 21 41 39 9 8 4925.05 5334.77
0 17 42 23 3 35 5 49 30 2 43 27 4 10 1 46 36 11 25 32 40 26 14 15 22 48 24 12 16 31 7 38 20 28 18 44 33 6 29 37 19 45 47 34 13 21 41 39 9 8 4903.52 5164.71
0 17 42 23 3 35 5 49 30 2 43 27 4 10 1 46 36 11 25 32 40 26 14 15 22 48 24 12 16 31 19 37 29 6 33 44 18 28 20 38 7 45 47 34 13 21 41 39 9 8 4900.56 5072.9
0 17 42 23 3 35 5 49 30 2 43 27 4 10 1 46 36 11 25 32 40 26 14 15 22 48 24 12 16 31 19 37 29 38 20 28 18 44 33 6 7 45 47 34 13 21 41 39 9 8 4898.51 5008.75
0 17 42 23 3 35 5 49 30 2 43 27 4 10 1 46 36 11 25 32 40 26 14 15 22 48 24 12 16 31 19 37 29 38 20 28 18 44 33 6 7 45 47 34 13 21 41 39 9 8 4898.51 5037.6
0 17 42 23 3 35 5 49 30 2 43 27 4 10 1 46 36 11 25 32 40 26 15 14 22 48 24 12 16 31 7 38 20 28 18 44 33 6 29 37 19 45 47 34 13 21 41 39 9 8 4867.51 5008.6
0 17 42 23 3 35 5 49 30 2 43 27 4 10 1 46 36 11 25 32 40 26 15 14 22 48 24 12 16 31 19 37 29 38 20 28 18 44 6 33 7 45 47 34 13 21 41 39 9 8 4865.25 4989.06
0 17 42 23 3 35 5 49 30 2 43 27 4 10 1 46 36 11 25 32 40 26 15 14 22 48 24 12 16 41 21 13 34 47 45 19 37 29 6 33 44 18 28 20 38 7 31 39 9 8 4801.69 5030.26
0 17 42 23 3 35 5 49 30 2 43 27 4 10 1 46 36 11 25 32 40 26 15 14 22 48 24 12 16 41 21 13 34 47 45 19 37 29 6 33 44 18 28 20 38 7 31 39 9 8 4801.69 5036.57
0 17 42 23 3 35 5 49 30 2 43 27 4 10 1 46 36 11 25 32 40 26 15 14 22 48 24 12 16 41 21 13 34 47 45 19 37 29 6 33 44 18 28 20 38 7 31 39 9 8 4801.69 4973.87
0 17 42 23 3 35 5 49 30 2 43 27 4 10 1 46 36 11 25 32 40 26 15 14 22 48 24 12 16 41 21 13 34 47 45 19 37 29 6 33 44 18 28 20 38 7 31 39 9 8 4801.69 4966.84
0 17 42 23 3 35 5 49 30 2 43 27 4 10 1 46 36 11 25 32 40 26 15 14 22 48 24 12 16 41 21 13 34 47 45 19 37 29 6 33 44 18 28 20 38 7 31 39 9 8 4801.69 4979.97
0 17 42 23 3 35 5 49 30 2 43 27 4 10 1 46 36 11 25 32 40 26 15 14 22 48 24 12 16 41 21 13 34 47 45 19 37 29 6 33 44 18 28 20 38 7 31 39 9 8 4801.69 4916.72
0 17 42 23 3 35 5 49 30 2 43 27 4 10 1 46 36 11 25 32 40 26 15 14 22 48 24 12 16 41 21 13 34 47 45 19 37 29 6 33 44 18 28 20 38 7 31 39 9 8 4801.69 4923.68
0 17 3 23 42 35 5 49 30 2 43 27 4 10 1 46 36 11 25 32 40 26 15 14 22 48 24 12 16 41 21 13 34 47 45 19 37 29 6 33 44 18 28 20 38 7 31 39 9 8 4777.87 4989.81
0 17 42 23 3 35 5 49 30 2 43 27 4 10 1 46 36 11 25 32 40 26 15 14 22 48 24 12 41 16 21 13 34 47 45 19 37 29 6 33 44 18 28 20 38 7 31 39 9 8 4770.36 4877.9
0 17 3 23 42 35 5 49 30 2 43 27 4 10 1 46 36 11 25 32 40 26 15 14 22 48 24 12 41 16 21 13 34 47 45 19 37 29 6 33 44 18 28 20 38 7 31 39 9 8 4746.53 4817.01
0 17 3 23 42 35 5 49 30 2 43 27 4 10 1 46 36 11 25 32 40 26 15 14 22 48 24 12 41 16 21 13 34 47 45 19 37 29 6 33 44 18 28 20 38 7 31 39 9 8 4746.53 4907.04
0 17 3 23 42 35 5 49 30 2 43 27 4 10 1 46 36 11 25 32 40 26 15 14 22 48 24 12 41 16 21 13 34 47 45 7 38 20 28 18 44 33 6 29 37 19 31 39 9 8 4743.56 4880.65
0 17 3 23 42 35 5 49 30 2 43 27 4 10 1 46 36 11 25 32 40 26 15 14 22 48 24 12 41 16 21 13 34 47 45 7 38 20 28 18 44 33 6 29 37 19 31 39 9 8 4743.56 4874.4
0 17 3 23 42 35 5 49 30 2 43 27 4 10 1 46 36 11 25 32 40 26 15 14 22 48 24 12 41 16 21 13 34 47 45 7 38 20 28 18 44 33 6 29 37 19 31 39 9 8 4743.56 4845.92
0 17 3 23 42 35 5 49 30 2 43 27 4 10 1 46 36 11 25 32 40 26 15 14 22 48 24 12 41 16 21 13 34 47 45 7 33 44 18 28 20 38 6 29 37 19 31 39 9 8 4734.55 4852.07
0 17 3 23 42 35 5 49 30 2 43 27 4 10 1 46 36 11 25 32 40 26 15 14 22 48 24 12 41 16 21 13 34 47 45 7 33 44 18 28 20 38 6 29 37 19 31 39 9 8 4734.55 4873.67
0 17 3 23 42 35 5 49 30 2 43 27 4 10 1 46 36 11 25 32 40 26 15 14 22 48 24 12 41 16 21 13 34 47 45 7 33 44 18 28 20 38 6 29 37 19 31 39 9 8 4734.55 4818.08
0 17 3 23 42 35 5 49 30 2 43 27 4 10 1 46 36 11 25 32 40 26 15 14 22 48 24 12 41 16 21 13 34 47 45 7 33 44 18 28 20 38 6 29 37 19 31 39 9 8 4734.55 4879.63
0 17 3 23 42 35 5 49 30 2 43 27 4 10 1 46 36 11 25 32 40 26 15 14 22 48 24 12 41 16 21 13 34 47 45 7 33 44 18 28 20 38 6 29 37 19 31 39 9 8 4734.55 4915.56
0 17 3 23 42 35 5 49 30 2 43 27 4 10 1 46 36 11 25 32 40 26 15 14 22 48 24 12 41 16 21 13 34 47 45 7 33 44 18 28 20 38 6 29 37 19 31 39 9 8 4734.55 4830.99
0 17 3 23 42 35 5 49 30 2 43 27 4 10 1 46 36 11 25 32 40 26 15 14 22 48 24 12 41 16 21 13 34 47 45 7 33 44 18 28 20 38 6 29 37 19 31 39 9 8 4734.55 4828.59
0 8 9 39 31 19 37 29 6 38 20 28 18 44 33 7 45 47 34 13 21 16 41 12 24 48 22 14 15 26 40 32 25 11 36 46 1 10 4 27 43 2 30 49 5 35 42 23 3 17 4734.55 4871.16
0 8 9 39 31 19 37 29 6 38 20 28 18 44 33 7 45 47 34 13 21 16 41 12 24 48 22 14 15 26 40 32 25 11 36 46 1 10 4 27 43 2 30 49 5 35 42 23 3 17 4734.55 4993.03
0 8 9 39 31 19 37 29 6 38 20 28 18 44 33 7 45 47 34 13 21 16 41 12 24 48 22 14 15 26 40 32 25 11 36 46 1 10 4 27 43 2 30 49 5 35 42 23 3 17 4734.55 5207.81
0 8 9 39 31 45 7 33 44 18 28 20 38 6 29 37 19 47 34 13 21 16 41 12 24 48 22 14 15 26 40 32 25 11 36 46 1 10 4 27 43 2 30 49 5 35 42 23 3 17 4732.8 5045.59
0 8 9 39 31 45 7 33 44 18 28 20 38 6 29 19 37 47 34 13 21 16 41 12 24 48 22 14 15 26 40 32 25 11 36 46 1 10 4 27 43 2 30 49 5 35 42 23 3 17 4732.27 4994.06
0 8 9 39 31 45 7 33 44 18 28 20 38 6 29 19 37 47 34 13 21 16 41 12 24 48 22 14 15 26 40 32 25 11 36 46 1 10 4 27 43 2 30 49 5 35 42 23 3 17 4732.27 4920.82
0 8 9 39 31 45 7 33 44 18 28 20 38 6 29 19 37 47 34 13 21 16 41 12 24 48 22 14 15 26 40 32 25 11 36 46 1 10 4 27 43 2 30 49 5 35 42 23 3 17 4732.27 4960.78
0 8 9 39 31 45 7 19 29 6 38 20 28 18 44 33 37 47 34 13 21 16 41 12 24 48 22 14 15 26 40 32 25 11 36 46 1 10 4 27 43 2 30 49 5 35 42 23 3 17 4731.59 4835.5
0 8 9 39 31 45 7 19 29 6 38 20 28 18 44 33 37 47 34 13 21 16 41 12 24 48 22 14 15 26 40 32 25 11 36 46 1 10 4 27 43 2 30 49 5 35 42 23 3 17 4731.59 4808.03
0 8 9 39 31 45 7 19 29 6 38 20 28 18 44 33 37 47 34 13 21 16 41 12 24 48 22 14 15 26 40 32 25 11 36 46 1 10 4 27 43 2 30 49 5 35 42 23 3 17 4731.59 4844.69
0 8 9 39 31 45 7 19 29 6 38 20 28 18 44 33 37 47 34 13 21 16 41 12 24 48 22 14 15 26 40 32 25 11 36 46 1 10 4 27 43 2 30 5 49 35 42 23 3 17 4729.34 4825.51
0 8 9 39 31 45 7 19 29 6 38 20 28 18 44 33 37 47 34 13 21 16 41 12 24 48 22 14 15 26 40 32 25 11 36 46 1 10 4 27 43 2 30 5 49 35 42 23 3 17 4729.34 4807.16
0 8 9 39 31 45 7 19 29 6 38 20 28 18 44 33 37 47 34 13 21 16 41 12 24 48 22 14 15 26 40 32 25 11 36 46 1 10 4 27 43 2 30 5 49 35 42 23 3 17 4729.34 4763.85
0 8 9 39 31 45 7 19 29 6 38 20 28 18 44 33 37 47 34 13 21 16 41 12 24 48 22 14 15 26 40 32 25 11 36 46 1 10 4 27 43 2 30 5 49 35 42 23 3 17 4729.34 4762.03
0 8 9 39 31 45 7 19 29 6 38 20 28 18 44 33 37 47 34 13 21 16 41 12 24 48 22 14 15 26 40 32 25 11 36 46 1 10 4 27 43 2 30 5 49 35 42 23 3 17 4729.34 4762.88
0 8 9 39 31 45 7 19 29 6 38 20 28 18 44 33 37 47 34 13 21 16 41 12 24 48 22 14 15 26 40 32 25 11 36 46 1 10 4 27 43 2 30 5 49 35 42 23 3 17 4729.34 4835.62
0 8 9 39 31 45 7 19 29 6 38 20 28 18 44 33 37 47 34 13 21 16 41 12 24 48 22 14 15 26 40 32 25 11 36 46 1 10 4 27 43 2 30 5 49 35 42 23 3 17 4729.34 4824.7
0 8 9 39 31 45 7 19 29 6 38 20 28 18 44 33 37 47 34 13 21 16 41 12 24 48 22 14 15 26 40 32 25 11 36 46 1 10 4 27 43 2 30 5 49 35 42 23 3 17 4729.34 4802.88
0 8 9 39 31 45 7 19 29 6 38 20 28 18 44 33 37 47 34 13 21 16 41 12 24 48 22 14 15 26 40 32 25 11 36 46 1 10 4 27 43 2 30 5 49 35 42 3 23 17 4702.62 4878.2
0 8 9 39 31 45 7 19 29 6 38 20 28 18 44 33 37 47 34 13 21 16 41 12 24 48 22 14 15 26 40 32 25 11 36 46 1 10 4 27 43 2 30 5 49 35 42 3 23 17 4702.62 4892.03
0 8 9 39 31 45 7 19 29 6 38 20 28 18 44 33 37 47 34 13 21 16 41 12 24 48 22 14 15 26 40 32 25 11 36 46 1 10 4 27 43 2 30 5 49 35 42 3 23 17 4702.62 4817.96
0 8 9 39 31 45 7 19 29 6 38 20 28 18 44 33 37 47 34 13 21 16 41 12 24 48 22 14 15 26 40 32 25 11 36 46 1 10 4 27 43 2 30 5 49 35 42 3 23 17 4702.62 4775.51
0 8 9 39 31 45 7 19 29 6 38 20 28 18 44 33 37 47 34 13 21 16 41 12 24 48 22 14 15 26 40 32 25 11 36 46 1 10 4 27 43 2 30 5 49 35 42 3 23 17 4702.62 4841.66
0 8 9 39 31 45 7 19 29 6 38 20 28 18 44 33 37 47 34 13 21 16 41 12 24 48 22 14 15 26 40 32 25 11 36 46 1 10 4 27 43 2 30 5 49 35 42 3 23 17 4702.62 4795.51
0 8 9 39 31 45 7 19 29 6 38 20 28 18 44 33 37 47 34 13 21 16 41 12 24 48 22 14 15 26 40 32 5 49 25 11 36 46 1 10 4 27 43 2 30 35 42 3 23 17 4694.01 4772.68
0 8 9 39 31 45 7 19 29 6 38 20 28 18 44 33 37 47 34 13 21 16 41 12 24 48 22 14 15 26 40 32 5 49 25 11 36 46 1 10 4 27 43 2 30 35 42 3 23 17 4694.01 4758.26
0 8 9 39 31 45 7 19 29 6 38 20 28 18 44 33 37 47 34 13 21 16 41 12 24 48 22 14 15 26 40 32 5 49 25 11 36 46 1 10 4 27 43 2 30 35 42 3 23 17 4694.01 4893.79
0 8 9 39 31 45 7 19 29 6 38 20 28 18 44 33 37 47 34 13 21 16 41 12 24 48 22 14 15 26 40 32 5 49 25 11 36 46 1 10 4 27 43 2 30 35 42 3 23 17 4694.01 4799.01
0 8 9 39 31 45 7 19 29 6 38 20 28 18 44 33 37 47 34 13 21 16 41 12 24 48 22 14 15 26 40 32 5 49 25 11 36 46 1 10 4 27 43 2 30 35 42 3 23 17 4694.01 4788.91
0 8 9 39 31 45 7 19 29 6 38 20 28 18 44 33 37 47 34 13 21 16 41 12 24 48 22 14 15 26 40 32 5 49 25 11 36 46 1 10 4 27 43 2 30 35 42 3 23 17 4694.01 4803.47
0 8 9 39 31 45 7 19 29 6 38 20 28 18 44 33 37 47 34 13 21 16 41 12 24 48 22 14 15 26 40 32 5 49 25 11 36 46 1 10 4 27 43 2 30 35 42 3 23 17 4694.01 4839.47
0 8 9 39 31 45 7 19 29 6 38 20 28 18 44 33 37 47 34 13 21 16 41 12 24 48 22 14 15 26 40 32 5 49 25 11 36 46 1 10 4 27 43 2 30 35 42 3 23 17 4694.01 4844.09
0 8 9 39 31 45 7 19 29 6 38 20 28 18 44 33 37 47 34 13 21 16 41 24 12 48 22 14 15 26 40 32 5 49 25 11 36 46 1 10 4 27 43 2 30 35 42 3 23 17 4690.26 4764.04
0 8 9 39 31 45 7 19 29 6 38 20 28 18 44 33 37 47 34 13 21 16 41 24 12 48 22 14 15 26 40 32 5 49 25 11 36 46 1 10 4 27 43 2 30 35 42 3 23 17 4690.26 4794.54
0 8 9 39 31 45 7 19 29 6 38 20 28 18 44 33 37 47 34 21 13 16 41 24 12 48 22 14 15 26 40 32 5 49 25 11 36 46 1 10 4 27 43 2 30 35 42 3 23 17 4673.7 4831.42
0 8 9 39 31 45 7 19 29 6 38 20 28 18 44 33 37 47 34 21 13 16 41 24 12 48 22 14 15 26 40 32 5 49 25 11 36 46 1 10 4 27 43 2 30 35 42 3 23 17 4673.7 4798.39
0 8 9 39 31 45 7 19 29 6 38 20 28 18 44 33 37 47 34 21 13 16 41 24 12 48 22 14 15 26 40 32 5 49 25 11 36 46 1 10 4 27 43 2 30 35 42 3 23 17 4673.7 4880.39
0 8 9 39 31 45 7 19 29 6 38 20 28 18 44 33 37 47 34 21 13 16 41 24 12 48 22 14 15 26 40 32 49 25 11 36 46 1 10 4 27 43 2 30 5 35 42 3 23 17 4672.65 4852.23
0 8 9 39 31 45 7 19 29 6 38 20 28 18 44 33 37 47 34 21 13 16 41 24 12 48 22 14 15 26 40 32 49 25 11 36 46 1 10 4 27 43 2 30 5 35 42 3 23 17 4672.65 4784.58
0 8 9 39 31 45 7 19 29 6 38 20 28 18 44 33 37 47 34 21 13 16 41 24 12 48 22 14 15 26 40 32 49 25 11 36 46 1 10 4 27 43 2 30 5 35 42 3 23 17 4672.65 4772.03
0 8 9 39 31 45 7 19 29 6 38 20 28 18 44 33 37 47 34 21 13 16 41 24 12 48 22 14 15 26 40 32 49 5 25 11 36 46 1 10 4 27 43 2 30 35 42 3 23 17 4669.35 4761.4
0 8 9 39 31 45 7 19 29 6 38 20 28 18 44 33 37 47 34 21 13 16 41 24 12 48 22 14 15 26 40 32 49 5 25 11 36 46 1 10 4 27 43 2 30 35 42 3 23 17 4669.35 4796.52
0 8 9 39 31 45 7 19 29 6 38 20 28 18 44 33 37 47 34 21 13 16 41 24 12 48 22 14 15 26 40 32 49 5 25 11 36 46 1 10 4 27 43 2 30 35 42 3 23 17 4669.35 4823.48
0 8 9 39 31 45 7 19 29 6 38 20 28 18 44 33 37 47 34 21 13 16 41 24 12 48 22 14 15 26 40 32 49 5 25 11 36 46 1 10 4 27 43 2 30 35 42 3 23 17 4669.35 4933.3
0 8 9 39 31 45 7 19 29 6 38 20 28 18 44 33 37 47 34 21 13 16 41 24 12 48 22 14 15 26 40 32 49 5 25 11 36 46 1 10 4 27 43 2 30 35 42 3 23 17 4669.35 4813.62
0 8 9 39 31 45 7 19 29 6 38 20 28 18 44 33 37 47 34 21 13 16 41 24 12 48 22 14 15 26 40 32 49 5 25 11 36 46 1 10 4 27 43 2 30 35 42 3 23 17 4669.35 4819.73
0 8 9 39 31 45 7 19 29 6 38 20 28 18 44 33 37 47 34 21 13 16 41 24 12 48 22 14 15 26 40 32 49 5 25 11 36 46 1 10 4 27 43 2 30 35 42 3 23 17 4669.35 4769.04
0 8 9 39 31 45 7 19 29 6 38 20 28 18 44 33 37 47 34 21 13 16 41 24 12 48 22 14 15 26 40 32 49 5 25 11 36 46 1 10 4 27 43 2 30 35 42 3 23 17 4669.35 4765.11
0 8 9 39 31 45 7 19 29 6 38 20 28 18 44 33 37 47 34 21 13 16 41 24 12 48 22 14 15 26 40 32 49 5 25 11 36 46 1 10 4 27 43 2 30 35 42 3 23 17 4669.35 4730.71
0 8 9 39 31 45 7 19 29 6 38 20 28 18 44 33 37 47 34 21 13 16 41 24 12 48 22 14 15 26 40 32 49 5 25 11 36 46 1 10 4 27 43 2 30 35 42 3 23 17 4669.35 4780.14
0 8 9 39 31 45 7 19 29 6 38 20 28 18 44 33 37 47 34 21 13 16 41 24 12 48 22 14 15 26 40 32 49 5 25 11 36 46 1 10 4 27 43 2 30 35 42 3 23 17 4669.35 4739.47
0 8 9 39 31 45 7 19 29 6 38 20 28 18 44 33 37 47 34 21 13 16 41 24 12 48 22 14 15 26 40 32 49 5 25 11 36 46 1 10 4 27 43 2 30 35 42 3 23 17 4669.35 4850.21
0 8 9 39 31 45 7 19 29 6 38 20 18 28 44 33 37 47 34 21 13 16 41 24 12 48 22 14 15 26 40 32 49 5 25 11 36 46 1 10 4 27 43 2 30 35 42 3 23 17 4668.21 4803.74
0 8 9 39 31 45 7 19 29 6 38 20 18 28 44 33 37 47 34 21 13 16 41 24 12 48 22 14 15 26 40 32 49 5 25 11 36 46 1 10 4 27 43 2 30 35 42 3 23 17 4668.21 4735.92
0 8 9 39 31 45 7 19 29 6 38 20 18 28 44 33 37 47 34 21 13 16 41 24 12 48 22 14 15 26 40 32 49 5 25 11 36 46 1 10 4 27 43 2 30 35 42 3 23 17 4668.21 4736.69
0 8 9 39 31 45 7 19 29 6 38 20 18 28 44 33 37 47 34 21 13 16 41 24 12 48 22 14 15 26 40 32 49 5 25 11 36 46 1 10 4 27 43 2 30 35 42 3 23 17 4668.21 4722.26
0 8 9 39 31 45 7 19 29 6 38 20 18 28 44 33 37 47 34 21 13 16 41 24 12 48 22 14 15 26 40 32 49 5 25 11 36 46 1 10 4 27 43 2 30 35 42 3 23 17 4668.21 4730.52
0 8 9 39 31 45 7 19 29 6 38 20 18 28 44 33 37 47 34 21 13 16 41 24 12 48 22 14 15 26 40 32 49 5 25 11 36 46 1 10 4 27 43 2 30 35 42 3 23 17 4668.21 4797.15
0 8 9 39 31 45 7 19 29 6 38 20 18 28 44 33 37 47 34 21 13 16 41 24 12 48 22 14 15 26 40 32 49 5 25 11 36 46 1 10 4 27 43 2 30 35 42 3 23 17 4668.21 4790.81
0 8 9 39 31 45 7 19 29 6 38 20 18 28 44 33 37 47 34 21 13 16 41 24 12 48 22 14 15 26 40 32 49 5 25 11 36 46 1 10 4 27 43 2 30 35 42 3 23 17 4668.21 4875.22
0 8 9 39 31 45 19 7 29 6 38 20 18 28 44 33 37 47 34 21 13 16 41 24 12 48 22 14 15 26 40 32 49 5 25 11 36 46 1 10 4 27 43 2 30 35 42 3 23 17 4662.08 4822.17
0 8 9 39 31 45 19 7 29 6 38 20 18 28 44 33 37 47 34 21 13 16 41 24 12 48 22 14 15 26 40 32 49 5 25 11 36 46 1 10 4 27 43 2 30 35 42 3 23 17 4662.08 4891.19
0 8 9 39 31 45 19 7 29 6 38 20 18 28 44 33 37 47 34 21 13 16 41 24 12 48 22 14 15 26 40 32 49 5 25 11 36 46 1 10 4 27 43 2 30 35 42 3 23 17 4662.08 4828.34
0 8 9 39 31 45 19 7 29 6 38 20 18 28 44 33 37 47 34 21 13 16 41 24 12 48 22 14 15 26 40 32 49 5 25 11 36 46 1 10 4 27 43 2 30 35 42 3 23 17 4662.08 4742.6
0 8 9 39 31 45 19 7 29 6 38 20 18 28 44 33 37 47 34 21 13 16 41 24 12 48 22 14 15 26 40 32 49 5 25 11 36 46 1 10 4 27 43 2 30 35 42 3 23 17 4662.08 4795.03
0 8 9 39 31 45 19 7 29 6 38 20 18 28 44 33 37 47 34 21 13 16 41 24 12 48 22 14 15 26 40 32 49 5 25 11 36 46 1 10 4 27 43 2 30 35 42 3 23 17 4662.08 4730.99
0 8 9 39 31 45 19 7 29 6 38 20 18 28 44 33 37 47 34 21 13 16 41 24 12 48 22 14 15 26 40 32 49 5 25 11 36 46 1 10 4 27 43 2 30 35 42 3 23 17 4662.08 4737.98
0 8 9 39 31 45 19 7 29 6 38 20 18 28 44 33 37 47 34 21 13 16 41 24 12 48 22 14 15 26 40 32 49 5 25 11 36 46 1 10 4 27 43 2 30 35 42 3 23 17 4662.08 4763
0 8 9 39 31 45 19 7 29 6 38 20 18 28 44 33 37 47 34 21 13 16 41 24 12 48 22 14 15 26 40 32 49 5 25 11 36 46 1 10 4 27 43 2 30 35 42 3 23 17 4662.08 4769.39
0 8 9 39 31 45 19 7 29 6 38 20 18 28 44 33 37 47 34 21 13 16 41 24 12 48 22 14 15 26 40 32 49 5 25 11 36 46 1 10 4 27 43 2 30 35 42 3 23 17 4662.08 4834.27
0 8 9 39 31 45 19 7 29 6 38 20 18 28 44 33 37 47 34 21 13 16 41 24 12 48 22 14 15 26 40 32 49 5 25 11 36 46 1 10 4 27 43 2 30 35 42 3 23 17 4662.08 4944.15
0 8 9 39 31 45 19 7 29 6 38 20 18 28 44 33 37 47 34 21 13 16 41 24 12 48 22 14 15 26 40 32 49 5 25 11 36 46 1 10 4 27 43 2 30 35 42 3 23 17 4662.08 4877.72
0 8 9 39 31 45 19 7 29 6 38 20 18 28 44 33 37 47 34 21 13 16 41 24 12 48 22 14 15 26 40 32 49 5 25 11 36 46 1 10 4 27 43 2 30 35 42 3 23 17 4662.08 4871.37
0 8 9 39 31 45 19 7 29 6 38 20 18 28 44 33 37 47 34 21 13 16 41 24 12 48 22 14 15 26 40 32 49 5 25 11 36 46 1 10 4 27 43 2 30 35 42 3 23 17 4662.08 4836.42
0 8 9 39 31 45 19 7 29 6 38 20 18 28 44 33 37 47 34 21 13 16 41 24 12 48 22 14 15 26 40 32 49 5 25 11 36 46 1 10 4 27 43 2 30 35 42 3 23 17 4662.08 4778.4
0 8 9 39 31 45 19 7 29 6 38 20 18 28 44 33 37 47 34 21 13 16 41 24 12 48 22 14 15 26 40 32 49 5 25 11 36 46 1 10 4 27 43 2 30 35 42 3 23 17 4662.08 4870.58
0 8 9 39 31 45 19 7 29 6 38 20 18 28 44 33 37 47 34 21 13 16 41 24 12 48 22 14 15 26 40 32 49 5 25 11 36 46 1 10 4 27 43 2 30 35 42 3 23 17 4662.08 4741.02
0 8 9 39 31 45 19 7 29 6 38 20 18 28 44 33 37 47 34 21 13 16 41 24 12 48 22 14 15 26 40 32 49 5 25 11 36 46 1 10 4 27 43 2 30 35 42 3 23 17 4662.08 4725.05
0 8 9 39 31 45 19 7 29 6 38 20 18 28 44 33 37 47 34 21 13 16 41 24 12 48 22 14 15 26 40 32 49 5 25 11 36 46 1 10 4 27 43 2 30 35 42 3 23 17 4662.08 4736.77
0 8 9 39 31 45 19 7 29 6 38 20 18 28 44 33 37 47 34 21 13 16 41 24 12 48 22 14 15 26 40 32 49 5 25 11 36 46 1 10 4 27 43 2 30 35 42 3 23 17 4662.08 4709.8
0 8 9 39 31 45 19 7 29 6 38 20 18 28 44 33 37 47 34 21 13 16 41 24 12 48 22 14 15 26 40 32 49 5 25 11 36 46 1 10 4 27 43 2 30 35 42 3 23 17 4662.08 4749.76
0 8 9 39 31 45 19 7 29 6 38 20 18 28 44 33 37 47 34 21 13 16 41 24 12 48 22 14 15 26 40 32 49 5 25 11 36 46 1 10 4 27 43 2 30 35 42 3 23 17 4662.08 4829.8
0 8 9 39 31 45 19 7 29 6 38 20 18 28 44 33 37 47 34 21 13 16 41 24 12 48 22 14 15 26 40 32 49 5 25 11 36 46 1 10 4 27 43 2 30 35 42 3 23 17 4662.08 4881.6
0 8 9 39 31 45 19 7 29 6 38 20 18 28 44 33 37 47 34 21 13 16 41 24 12 48 22 14 15 26 40 32 49 5 25 11 36 46 1 10 4 27 43 2 30 35 42 3 17 23 4658.79 4836.54
0 8 9 39 31 45 19 7 29 6 38 20 18 28 44 33 37 47 34 21 13 16 41 24 12 48 22 14 15 26 40 32 49 5 25 11 36 46 1 10 4 27 43 2 30 35 42 3 17 23 4658.79 4760.95
0 8 9 39 31 45 19 7 29 6 38 20 18 28 44 33 37 47 34 21 13 16 41 24 12 48 22 14 15 26 40 32 49 5 25 11 36 46 1 10 4 27 43 2 30 35 42 3 17 23 4658.79 4837.63
0 8 9 39 31 45 19 7 29 6 38 20 18 28 44 33 37 47 34 21 13 16 41 24 12 48 22 14 15 26 40 32 49 5 25 11 36 46 1 10 4 27 43 2 30 35 42 3 17 23 4658.79 4797.82
0 8 9 39 31 45 19 7 29 6 38 20 18 28 44 33 37 47 34 21 13 16 41 24 12 48 22 14 15 26 40 32 49 5 25 11 36 46 1 10 4 27 43 2 30 35 42 3 17 23 4658.79 4873.45
0 8 9 39 31 45 19 7 29 6 38 20 18 28 44 33 37 47 34 21 13 16 41 24 12 48 22 14 15 26 40 32 49 5 25 11 36 46 1 10 4 27 43 2 30 35 42 3 17 23 4658.79 4805.43
0 8 9 39 31 45 19 7 29 6 38 20 18 28 44 33 37 47 34 21 13 16 41 24 12 48 22 14 15 26 40 32 49 5 25 11 36 46 1 10 4 27 43 2 30 35 42 3 17 23 4658.79 4794.07
0 8 9 39 31 45 19 7 29 6 38 20 18 28 44 33 37 47 34 21 13 16 41 24 12 48 22 14 15 26 40 32 49 5 25 11 36 46 1 10 4 27 43 2 30 35 42 3 17 23 4658.79 4757.58
0 8 9 39 31 45 19 7 29 6 38 20 18 28 44 33 37 47 34 21 13 16 41 24 12 48 22 14 15 26 40 32 49 5 25 11 36 46 1 10 4 27 43 2 30 35 42 3 17 23 4658.79 4887.8
0 8 9 39 31 45 19 7 29 6 38 20 18 28 44 33 37 47 34 21 13 16 41 24 12 48 22 14 15 26 40 32 49 5 25 11 36 46 1 10 4 27 43 2 30 35 42 3 17 23 4658.79 4802.98
0 8 9 39 31 45 19 7 29 6 38 20 18 28 44 33 37 47 34 21 13 16 41 24 12 48 22 14 15 26 40 32 49 5 25 11 36 46 1 10 4 27 43 2 30 35 42 3 17 23 4658.79 4999.26
0 8 9 39 31 45 19 7 29 6 38 20 18 28 44 33 37 47 34 21 13 16 41 24 12 48 22 14 15 26 40 32 49 5 25 11 36 46 1 10 4 27 43 2 30 35 42 3 17 23 4658.79 4842.34
0 8 9 39 31 45 19 7 29 6 38 20 18 28 44 33 37 47 34 21 13 16 41 24 12 48 22 14 15 26 40 32 49 5 25 11 36 46 1 10 4 27 43 2 30 35 42 3 17 23 4658.79 4821.05
0 8 9 39 31 45 19 7 29 6 38 20 18 28 44 33 37 47 34 21 13 16 41 24 12 48 22 14 15 26 40 32 49 5 25 11 36 46 1 10 4 27 43 2 30 35 42 3 17 23 4658.79 4743.49
0 8 9 39 31 45 19 7 29 6 38 20 18 28 44 33 37 47 34 21 13 16 41 24 12 48 22 14 15 26 40 32 49 5 25 11 36 46 1 10 4 27 43 2 30 35 42 3 17 23 4658.79 4722.34
0 8 9 39 31 45 19 7 29 6 38 20 18 28 44 33 37 47 34 21 13 16 41 24 12 48 22 14 15 26 40 32 49 5 25 11 36 46 1 10 4 27 43 2 30 35 42 3 17 23 4658.79 4711.08
0 8 9 39 31 45 19 7 29 6 38 20 18 28 44 33 37 47 34 21 13 16 41 24 12 48 22 14 15 26 40 32 49 5 25 11 36 46 1 10 4 27 43 2 30 35 42 3 17 23 4658.79 4749.87
0 8 9 39 31 45 19 7 29 6 38 20 18 28 44 33 37 47 34 21 13 16 41 24 12 48 22 14 15 26 40 32 49 5 25 11 36 46 1 10 4 27 43 2 30 35 42 3 17 23 4658.79 4775.5
0 8 9 39 31 45 19 7 29 6 38 20 18 28 44 33 37 47 34 21 13 16 41 24 12 48 22 14 15 26 40 32 49 5 25 11 36 46 1 10 4 27 43 2 30 35 42 3 17 23 4658.79 4779.64
0 8 9 39 31 45 19 7 29 6 38 20 18 28 44 33 37 47 34 21 13 16 41 24 12 48 22 14 15 26 40 32 49 5 25 11 36 46 1 10 4 27 43 2 30 35 42 3 17 23 4658.79 4764.37
0 8 9 39 31 45 19 7 29 6 38 20 18 28 44 33 37 47 34 21 13 16 41 24 12 48 22 14 15 26 40 32 49 5 25 11 36 46 1 10 4 27 43 2 30 35 42 3 17 23 4658.79 4764.96
0 8 9 39 31 45 19 7 29 6 38 20 18 28 44 33 37 47 34 21 13 16 41 24 12 48 22 14 15 26 40 32 49 5 25 11 36 46 1 10 4 27 43 2 30 35 42 3 17 23 4658.79 4798.03
0 8 9 39 31 45 19 7 29 6 38 20 18 28 44 33 37 47 34 21 13 16 41 24 12 48 22 14 15 26 40 32 49 5 25 11 36 46 1 10 4 27 43 2 30 35 42 17 3 23 4658.03 4716.87
0 8 9 39 31 45 19 7 29 6 38 20 18 28 44 33 37 47 34 21 13 16 41 24 12 48 22 14 15 26 40 32 49 5 25 11 36 46 1 10 4 27 43 2 30 35 42 17 3 23 4658.03 4763.17
0 8 9 39 31 45 19 7 29 6 38 20 18 28 44 33 37 47 34 21 13 16 41 24 12 48 22 14 15 26 40 32 49 5 25 11 36 46 1 10 4 27 43 2 30 35 42 17 3 23 4658.03 4748.13
0 8 9 39 31 45 19 7 29 6 38 20 18 28 44 33 37 47 34 21 13 16 41 24 12 48 22 14 15 26 40 32 49 5 25 11 36 46 1 10 4 27 43 2 30 35 42 17 3 23 4658.03 4876.71
0 8 9 39 31 45 19 7 29 6 38 20 18 28 44 33 37 47 34 21 13 16 41 24 12 48 22 14 15 26 40 32 49 5 25 11 36 46 1 10 4 27 43 2 30 35 42 17 3 23 4658.03 4841.09
0 8 9 39 31 45 19 7 29 6 38 20 18 28 44 33 37 47 34 21 13 16 41 24 12 48 22 14 15 26 40 32 49 5 25 11 36 46 1 10 4 27 43 2 30 35 42 17 3 23 4658.03 4865.12
0 8 9 39 31 45 19 7 29 6 38 20 18 28 44 33 37 47 34 21 13 16 41 24 12 48 22 14 15 26 40 32 49 5 25 11 36 46 1 10 4 27 43 2 30 35 42 17 3 23 4658.03 4742.24
0 8 9 39 31 45 19 7 29 6 38 20 18 28 44 33 37 47 34 21 13 16 41 24 12 48 22 14 15 26 40 32 49 5 25 11 36 46 1 10 4 27 43 2 30 35 42 17 3 23 4658.03 4747.31
0 8 9 39 31 45 19 7 29 6 38 20 18 28 44 33 37 47 34 21 13 16 41 24 12 48 22 14 15 26 40 32 49 5 25 11 36 46 1 10 4 27 43 2 30 35 42 17 3 23 4658.03 4790.52
0 8 9 39 31 45 19 7 29 6 38 20 18 28 44 33 37 47 34 21 13 16 41 24 12 48 22 14 15 26 40 32 49 5 25 11 36 46 1 10 4 27 43 2 30 35 42 17 3 23 4658.03 4721.68
0 8 9 39 31 45 19 7 29 6 38 20 18 28 44 33 37 47 34 21 13 16 41 24 12 48 22 14 15 26 40 32 49 5 25 11 36 46 1 10 4 27 43 2 30 35 42 17 3 23 4658.03 4815.13
0 8 9 39 31 45 19 7 29 6 38 20 18 28 44 33 37 47 34 21 13 16 41 24 12 48 22 14 15 26 40 32 49 5 25 11 36 46 1 10 4 27 43 2 30 35 42 17 3 23 4658.03 4829.01
0 8 9 39 31 45 19 7 29 6 38 20 18 28 44 33 37 47 34 21 13 16 41 24 12 48 22 14 15 26 40 32 49 5 25 11 36 46 1 10 4 27 43 2 30 35 42 17 3 23 4658.03 4870.55
0 8 9 39 31 45 19 7 29 6 38 20 18 28 44 33 37 47 34 21 13 16 41 24 12 48 22 14 15 26 40 32 49 5 25 11 36 46 1 10 4 27 43 2 30 35 42 17 3 23 4658.03 4847.39
0 8 9 39 31 45 19 7 29 6 38 20 18 28 44 33 37 47 34 21 13 16 41 24 12 48 22 14 15 26 40 32 49 5 25 11 36 46 1 10 4 27 43 2 30 35 42 17 3 23 4658.03 4762.76
0 8 9 39 31 45 19 7 29 6 38 20 18 28 44 33 37 47 34 21 13 16 41 24 12 48 22 14 15 26 40 32 49 5 25 11 36 46 1 10 4 27 43 2 30 35 42 17 3 23 4658.03 4730.27
0 8 9 39 31 45 19 7 29 6 38 20 18 28 44 33 37 47 34 21 13 16 41 24 12 48 22 14 15 26 40 32 49 5 25 11 36 46 1 10 4 27 43 2 30 35 42 17 3 23 4658.03 4759.17
0 8 9 39 31 45 19 7 29 6 38 20 18 28 44 33 37 47 34 21 13 16 41 24 12 48 22 14 15 26 40 32 49 5 25 11 36 46 1 10 4 27 43 2 30 35 42 17 3 23 4658.03 4733.36
0 8 9 39 31 45 19 7 29 6 38 20 18 28 44 33 37 47 34 21 13 16 41 24 12 48 22 14 15 26 40 32 49 5 25 11 36 46 1 10 4 27 43 2 30 35 42 17 3 23 4658.03 4705.68
0 8 9 39 31 45 19 7 29 6 38 20 18 28 44 33 37 47 34 21 13 16 41 24 12 48 22 14 15 26 40 32 49 5 25 11 36 46 1 10 4 27 43 2 30 35 42 17 3 23 4658.03 4718.41
0 8 9 39 31 45 19 7 29 6 38 20 18 28 44 33 37 47 34 21 13 16 41 24 12 48 22 14 15 26 40 32 49 5 25 11 36 46 1 10 4 27 43 2 30 35 42 17 3 23 4658.03 4695.36
0 8 9 39 31 45 19 7 29 6 38 20 18 28 44 33 37 47 34 21 13 16 41 24 12 48 22 14 15 26 40 32 49 5 25 11 36 46 1 10 4 27 43 2 30 35 42 17 3 23 4658.03 4773.29
0 8 9 39 31 45 19 7 29 6 38 20 18 28 44 33 37 47 34 21 13 16 41 24 12 48 22 14 15 26 40 32 49 5 25 11 36 46 1 10 4 27 43 2 30 35 42 17 3 23 4658.03 4720.77
0 8 9 39 31 45 19 7 29 6 38 20 18 28 44 33 37 47 34 21 13 16 41 24 12 48 22 14 15 26 40 32 49 5 25 11 36 46 1 10 4 27 43 2 30 35 42 17 3 23 4658.03 4733.71
0 8 9 39 31 45 19 7 29 6 38 20 18 28 44 33 37 47 34 21 13 16 41 24 12 48 22 14 15 26 40 32 49 5 25 11 36 46 1 10 4 27 43 2 30 35 42 17 3 23 4658.03 4724.63
0 8 9 39 31 45 19 7 29 6 38 20 18 28 44 33 37 47 34 21 13 16 41 24 12 48 22 14 15 26 40 32 49 5 25 11 36 46 1 10 4 27 43 2 30 35 42 17 3 23 4658.03 4747.44
0 8 9 39 31 45 19 7 29 6 38 20 18 28 44 33 37 47 34 21 13 16 41 24 12 48 22 14 15 26 40 32 49 5 25 11 36 46 1 10 4 27 43 2 30 35 42 17 3 23 4658.03 5048.83
0 8 9 39 31 45 19 7 29 6 38 20 18 28 44 33 37 47 34 21 13 16 41 24 12 48 22 14 15 26 40 32 49 5 25 11 36 46 1 10 4 27 43 2 30 35 42 17 3 23 4658.03 4874.36
0 8 9 39 31 45 19 7 29 6 38 20 18 28 44 33 37 47 34 21 13 16 41 24 12 48 22 14 15 26 40 32 49 5 25 11 36 46 1 10 4 27 43 2 30 35 42 17 3 23 4658.03 4783.42
0 8 9 39 31 45 19 7 29 6 38 20 18 28 44 33 37 47 34 21 13 16 41 24 12 48 22 14 15 26 40 32 49 5 25 11 36 46 1 10 4 27 43 2 30 35 42 17 3 23 4658.03 4860.6
0 8 9 39 31 45 19 7 29 6 38 20 18 28 44 33 37 47 34 21 13 16 41 24 12 48 22 14 15 26 40 32 49 5 25 11 36 46 1 10 4 27 43 2 30 35 42 17 3 23 4658.03 4749.48
0 8 9 39 31 45 19 7 29 6 38 20 18 28 44 33 37 47 34 21 13 16 41 24 12 48 22 14 15 26 40 32 49 5 25 11 36 46 1 10 4 27 43 2 30 35 42 17 3 23 4658.03 4704.07
0 8 9 39 31 45 19 7 29 6 38 20 18 28 44 33 37 47 34 21 13 16 41 24 12 48 22 14 15 26 40 32 49 5 25 11 36 46 1 10 4 27 43 2 30 35 42 17 3 23 4658.03 4746.9
0 8 9 39 31 45 19 7 29 6 38 20 18 28 44 33 37 47 34 21 13 16 41 24 12 48 22 14 15 26 40 32 49 5 25 11 36 46 1 10 4 27 43 2 30 35 42 17 3 23 4658.03 4787.97
0 8 9 39 31 45 19 7 29 6 38 20 18 28 44 33 37 47 34 21 13 16 41 24 12 48 22 14 15 26 40 32 49 5 25 11 36 46 1 10 4 27 43 2 30 35 42 17 3 23 4658.03 4740.59
0 8 9 39 31 45 19 7 29 6 38 20 18 28 44 33 37 47 34 21 13 16 41 24 12 48 22 14 15 26 40 32 49 5 25 11 36 46 1 10 4 27 43 2 30 35 42 17 3 23 4658.03 4796.87
0 8 9 39 31 45 19 7 29 6 38 20 18 28 44 33 37 47 34 21 13 16 41 24 12 48 22 14 15 26 40 32 49 5 25 11 36 46 1 10 4 27 43 2 30 35 42 17 3 23 4658.03 4791.76
0 8 9 39 31 45 19 7 29 6 38 20 18 28 44 33 37 47 34 21 13 16 41 24 12 48 22 14 15 26 40 32 49 5 25 11 36 46 1 10 4 27 43 2 30 35 42 17 3 23 4658.03 4754.77
0 8 9 39 31 45 19 7 29 6 38 20 18 28 44 33 37 47 34 21 13 16 41 24 12 48 22 14 15 26 40 32 49 5 25 11 36 46 1 10 4 27 43 2 30 35 42 17 3 23 4658.03 4727.64
0 8 9 39 31 45 19 7 29 6 38 20 18 28 44 33 37 47 34 21 13 16 41 24 12 48 22 14 15 26 40 32 49 5 25 11 36 46 1 10 4 27 43 2 30 35 42 17 3 23 4658.03 4766.64
0 8 9 39 31 45 19 7 29 6 38 20 18 28 44 33 37 47 34 21 13 16 41 24 12 48 22 14 15 26 40 32 49 5 25 11 36 46 1 10 4 27 43 2 30 35 42 17 3 23 4658.03 4829.95
0 8 9 39 31 45 19 7 29 6 38 20 18 28 44 33 37 47 34 21 13 16 41 24 12 48 22 14 15 26 40 32 49 5 25 11 36 46 1 10 4 27 43 2 30 35 42 17 3 23 4658.03 4795.35
0 8 9 39 31 45 19 7 29 6 38 20 18 28 44 33 37 47 34 21 13 16 41 24 12 48 22 14 15 26 40 32 49 5 25 11 36 46 1 10 4 27 43 2 30 35 42 17 3 23 4658.03 4810.37
0 8 9 39 31 45 19 7 29 6 38 20 18 28 44 33 37 47 34 21 13 16 41 24 12 48 22 14 15 26 40 32 49 5 25 11 36 46 1 10 4 27 43 2 30 35 42 17 3 23 4658.03 4761.7
0 8 9 39 31 45 19 7 29 6 38 20 18 28 44 33 37 47 34 21 13 16 41 24 12 48 22 14 15 26 40 32 49 5 25 11 36 46 1 10 4 27 43 2 30 35 42 17 3 23 4658.03 4725.01
0 8 9 39 31 45 19 7 29 6 38 20 18 28 44 33 37 47 34 21 13 16 41 24 12 48 22 14 15 26 40 32 49 5 25 11 36 46 1 10 4 27 43 2 30 35 42 17 3 23 4658.03 4735.34
0 8 9 39 31 45 19 7 29 6 38 20 18 28 44 33 37 47 34 21 13 16 41 24 12 48 22 14 15 26 40 32 49 5 25 11 36 46 1 10 4 27 43 2 30 35 42 17 3 23 4658.03 4777.05
0 8 9 39 31 45 19 7 29 6 38 20 18 28 44 33 37 47 34 21 13 16 41 24 12 48 22 14 15 26 40 32 49 5 25 11 36 46 1 10 4 27 43 2 30 35 42 17 3 23 4658.03 4805.79
0 8 9 39 31 45 19 7 29 6 38 20 18 28 44 33 37 47 34 21 13 16 41 24 12 48 22 14 15 26 40 32 49 5 25 11 36 46 1 10 4 27 43 2 30 35 42 17 3 23 4658.03 4739.82
0 8 9 39 31 45 19 7 29 6 38 20 18 28 44 33 37 47 34 21 13 16 41 24 12 48 22 14 15 26 40 32 49 5 25 11 36 46 1 10 4 27 43 2 30 35 42 17 3 23 4658.03 4742.33
0 8 9 39 31 45 19 7 29 6 38 20 18 28 44 33 37 47 34 21 13 16 41 24 12 48 22 14 15 26 40 32 49 5 25 11 36 46 1 10 4 27 43 2 30 35 42 17 3 23 4658.03 4883.64
0 8 9 39 31 45 19 7 29 6 38 20 18 28 44 33 37 47 34 21 13 16 41 24 12 48 22 14 15 26 40 32 49 5 25 11 36 46 1 10 4 27 43 2 30 35 42 17 3 23 4658.03 4815.65
0 8 9 39 31 45 19 7 29 6 38 20 18 28 44 33 37 47 34 21 13 16 41 24 12 48 22 14 15 26 40 32 49 5 25 11 36 46 1 10 4 27 43 2 30 35 42 17 3 23 4658.03 4828.1
0 8 9 39 31 45 19 7 29 6 38 20 18 28 44 33 37 47 34 21 13 16 41 24 12 48 22 14 15 26 40 32 49 5 25 11 36 46 1 10 4 27 43 2 30 35 42 17 3 23 4658.03 4736.03
0 8 9 39 31 45 19 7 29 6 38 20 18 28 44 33 37 47 34 21 13 16 41 24 12 48 22 14 15 26 40 32 49 5 25 11 36 46 1 10 4 27 43 2 30 35 42 17 3 23 4658.03 4771.92
0 8 9 39 31 45 19 7 29 6 38 20 18 28 44 33 37 47 34 21 13 16 41 24 12 48 22 14 15 26 40 32 49 5 25 11 36 46 1 10 4 27 43 2 30 35 42 17 3 23 4658.03 4804.35
0 8 9 39 31 45 19 7 29 6 38 20 18 28 44 33 37 47 34 21 13 16 41 24 12 48 22 14 15 26 40 32 49 5 25 11 36 46 1 10 4 27 43 2 30 35 42 17 3 23 4658.03 4780.93
0 8 9 39 31 45 19 7 29 6 38 20 18 28 44 33 37 47 34 21 13 16 41 24 12 48 22 14 15 26 40 32 49 5 25 11 36 46 1 10 4 27 43 2 30 35 42 17 3 23 4658.03 4759.44
0 8 9 39 31 45 19 7 29 6 38 20 18 28 44 33 37 47 34 21 13 16 41 24 12 48 22 14 15 26 40 32 49 5 25 11 36 46 1 10 4 27 43 2 30 35 42 17 3 23 4658.03 4836.88
0 8 9 39 31 45 19 7 29 6 38 20 18 28 44 33 37 47 34 21 13 16 41 24 12 48 22 14 15 26 40 32 49 5 25 11 36 46 1 10 4 27 43 2 30 35 42 17 3 23 4658.03 4789.77
0 8 9 39 31 45 19 7 29 6 38 20 18 28 44 33 37 47 34 21 13 16 41 24 12 48 22 14 15 26 40 32 49 5 25 11 36 46 1 10 4 27 43 2 30 35 42 17 3 23 4658.03 4797.25
0 8 9 39 31 45 19 7 29 6 38 20 18 28 44 33 37 47 34 21 13 16 41 24 12 48 22 14 15 26 40 32 49 5 25 11 36 46 1 10 4 27 43 2 30 35 42 17 3 23 4658.03 4832.82
0 8 9 39 31 45 19 7 29 6 38 20 18 28 44 33 37 47 34 21 13 16 41 24 12 48 22 14 15 26 40 32 49 5 25 11 36 46 1 10 4 27 43 2 30 35 42 17 3 23 4658.03 4778.62
0 8 9 39 31 45 19 7 29 6 38 20 18 28 44 33 37 47 34 21 13 16 41 24 12 48 22 14 15 26 40 32 49 5 25 11 36 46 1 10 4 27 43 2 30 35 42 17 3 23 4658.03 4746.37
0 8 9 39 31 45 19 7 29 6 38 20 18 28 44 33 37 47 34 21 13 16 41 24 12 48 22 14 15 26 40 32 49 5 25 11 36 46 1 10 4 27 43 2 30 35 42 17 3 23 4658.03 4803.85
0 8 9 39 31 45 19 7 29 6 38 20 18 28 44 33 37 47 34 21 13 16 41 24 12 48 22 14 15 26 40 32 49 5 25 11 36 46 1 10 4 27 43 2 30 35 42 17 3 23 4658.03 4831.09
0 8 9 39 31 45 19 7 29 6 38 20 18 28 44 33 37 47 34 21 13 16 41 24 12 48 22 14 15 26 40 32 49 5 25 11 36 46 1 10 4 27 43 2 30 35 42 17 3 23 4658.03 4836.39
0 8 9 39 31 45 19 7 29 6 38 20 18 28 44 33 37 47 34 21 13 16 41 24 12 48 22 14 15 26 40 32 49 5 25 11 36 46 1 10 4 27 43 2 30 35 42 17 3 23 4658.03 4801.32
0 8 9 39 31 45 19 7 29 6 38 20 18 28 44 33 37 47 34 21 13 16 41 24 12 48 22 14 15 26 40 32 49 5 25 11 36 46 1 10 4 27 43 2 30 35 42 17 3 23 4658.03 4858.42
0 8 9 39 31 45 19 7 29 6 38 20 18 28 44 33 37 47 34 21 13 16 41 24 12 48 22 14 15 26 40 32 49 5 25 11 36 46 1 10 4 27 43 2 30 35 42 17 3 23 4658.03 4754.96
0 8 9 39 31 45 19 7 29 6 38 20 18 28 44 33 37 47 34 21 13 16 41 24 12 48 22 14 15 26 40 32 49 5 25 11 36 46 1 10 4 27 43 2 30 35 42 17 3 23 4658.03 4716.71
0 8 9 39 31 45 19 7 29 6 38 20 18 28 44 33 37 47 34 21 13 16 41 24 12 48 22 14 15 26 40 32 49 5 25 11 36 46 1 10 4 27 43 2 30 35 42 17 3 23 4658.03 4743.18
0 8 9 39 31 45 19 7 29 6 38 20 18 28 44 33 37 47 34 21 13 16 41 24 12 48 22 14 15 26 40 32 49 5 25 11 36 46 1 10 4 27 43 2 30 35 42 17 3 23 4658.03 4709.25
0 8 9 39 31 45 19 7 29 6 38 20 18 28 44 33 37 47 34 21 13 16 41 24 12 48 22 14 15 26 40 32 49 5 25 11 36 46 1 10 4 27 43 2 30 35 42 17 3 23 4658.03 4716.86
0 8 9 39 31 45 19 7 29 6 38 20 18 28 44 33 37 47 34 21 13 16 41 24 12 48 22 14 15 26 40 32 49 5 25 11 36 46 1 10 4 27 43 2 30 35 42 17 3 23 4658.03 4761.23
0 8 9 39 31 45 19 7 29 6 38 20 18 28 44 33 37 47 34 21 13 16 41 24 12 48 22 14 15 26 40 32 49 5 25 11 36 46 1 10 4 27 43 2 30 35 42 17 3 23 4658.03 4808.91
0 8 9 39 31 45 19 7 29 6 38 20 18 28 44 33 37 47 34 21 13 16 41 24 12 48 22 14 15 26 40 32 49 5 25 11 36 46 1 10 4 27 43 2 30 35 42 17 3 23 4658.03 4831.36
0 8 9 39 31 45 19 7 29 6 38 20 18 28 44 33 37 47 34 21 13 16 41 24 12 48 22 14 15 26 40 32 49 5 25 11 36 46 1 10 4 27 43 2 30 35 42 17 3 23 4658.03 4710.91
0 8 9 39 31 45 19 7 29 6 38 20 18 28 44 33 37 47 34 21 13 16 41 24 12 48 22 14 15 26 40 32 49 5 25 11 36 46 1 10 4 27 43 2 30 35 42 17 3 23 4658.03 4778.35
0 8 9 39 31 45 19 7 29 6 38 20 18 28 44 33 37 47 34 21 13 16 41 24 12 48 22 14 15 26 40 32 49 5 25 11 36 46 1 10 4 27 43 2 30 35 42 17 3 23 4658.03 4752.04
0 8 9 39 31 45 19 7 29 6 38 20 18 28 44 33 37 47 34 21 13 16 41 24 12 48 22 14 15 26 40 32 49 5 25 11 36 46 1 10 4 27 43 2 30 35 42 17 3 23 4658.03 4761.53
0 8 9 39 31 45 19 7 29 6 38 20 18 28 44 33 37 47 34 21 13 16 41 24 12 48 22 14 15 26 40 32 49 5 25 11 36 46 1 10 4 27 43 2 30 35 42 17 3 23 4658.03 4683.26
0 8 9 39 31 45 19 7 29 6 38 20 18 28 44 33 37 47 34 21 13 16 41 24 12 48 22 14 15 26 40 32 49 5 25 11 36 46 1 10 4 27 43 2 30 35 42 17 3 23 4658.03 4750.99
0 8 9 39 31 45 19 7 29 6 38 20 18 28 44 33 37 47 34 21 13 16 41 24 12 48 22 14 15 26 40 32 49 5 25 11 36 46 1 10 4 27 43 2 30 35 42 17 3 23 4658.03 4792.64
0 8 9 39 31 45 19 7 29 6 38 20 18 28 44 33 37 47 34 21 13 16 41 24 12 48 22 14 15 26 40 32 49 5 25 11 36 46 1 10 4 27 43 2 30 35 42 17 3 23 4658.03 4719.8
0 8 9 39 31 45 19 7 29 6 38 20 18 28 44 33 37 47 34 21 13 16 41 24 12 48 22 14 15 26 40 32 49 5 25 11 36 46 1 10 4 27 43 2 30 35 42 17 3 23 4658.03 4726
0 8 9 39 31 45 19 7 29 6 38 20 18 28 44 33 37 47 34 21 13 16 41 24 12 48 22 14 15 26 40 32 49 5 25 11 36 46 1 10 4 27 43 2 30 35 42 17 3 23 4658.03 4738.64
0 8 9 39 31 45 19 7 29 6 38 20 18 28 44 33 37 47 34 21 13 16 41 24 12 48 22 14 15 26 40 32 49 5 25 11 36 46 1 10 4 27 43 2 30 35 42 17 3 23 4658.03 4698.93
0 8 9 39 31 45 19 7 29 6 38 20 18 28 44 33 37 47 34 21 13 16 41 24 12 48 22 14 15 26 40 32 49 5 25 11 36 46 1 10 4 27 43 2 30 35 42 17 3 23 4658.03 4718.06
0 8 9 39 31 45 19 7 29 6 38 20 18 28 44 33 37 47 34 21 13 16 41 24 12 48 22 14 15 26 40 32 49 5 25 11 36 46 1 10 4 27 43 2 30 35 42 17 3 23 4658.03 4796.73
0 8 9 39 31 45 19 7 29 6 38 20 18 28 44 33 37 47 34 21 13 16 41 24 12 48 22 14 15 26 40 32 49 5 25 11 36 46 1 10 4 27 43 2 30 35 42 17 3 23 4658.03 4725.28
0 8 9 39 31 45 19 7 29 6 38 20 18 28 44 33 37 47 34 21 13 16 41 24 12 48 22 14 15 26 40 32 49 5 25 11 36 46 1 10 4 27 43 2 30 35 42 17 3 23 4658.03 4801.03
0 8 9 39 31 45 19 7 29 6 38 20 18 28 44 33 37 47 34 21 13 16 41 24 12 48 22 14 15 26 40 32 49 5 25 11 36 46 1 10 4 27 43 2 30 35 42 17 3 23 4658.03 4767.79
0 8 9 39 31 45 19 7 29 6 38 20 18 28 44 33 37 47 34 21 13 16 41 24 12 48 22 14 15 26 40 32 49 5 25 11 36 46 1 10 4 27 43 2 30 35 42 17 3 23 4658.03 4808.99
0 8 9 39 31 45 19 7 29 6 38 20 18 28 44 33 37 47 34 21 13 16 41 24 12 48 22 14 15 26 40 32 49 5 25 11 36 46 1 10 4 27 43 2 30 35 42 17 3 23 4658.03 4775.59
0 8 9 39 31 45 19 7 29 6 38 20 18 28 44 33 37 47 34 21 13 16 41 24 12 48 22 14 15 26 40 32 49 5 25 11 36 46 1 10 4 27 43 2 30 35 42 17 3 23 4658.03 4700.79
0 8 9 39 31 45 19 7 29 6 38 20 18 28 44 33 37 47 34 21 13 16 41 24 12 48 22 14 15 26 40 32 49 5 25 11 36 46 1 10 4 27 43 2 30 35 42 17 3 23 4658.03 4782.12
0 8 9 39 31 45 19 7 29 6 38 20 18 28 44 33 37 47 34 21 13 16 41 24 12 48 22 14 15 26 40 32 49 5 25 11 36 46 1 10 4 27 43 2 30 35 42 17 3 23 4658.03 4723.56
0 8 9 39 31 45 19 7 29 6 38 20 18 28 44 33 37 47 34 21 13 16 41 24 12 48 22 14 15 26 40 32 49 5 25 11 36 46 1 10 4 27 43 2 30 35 42 17 3 23 4658.03 4740.02
0 8 9 39 31 45 19 7 29 6 38 20 18 28 44 33 37 47 34 21 13 16 41 24 12 48 22 14 15 26 40 32 49 5 25 11 36 46 1 10 4 27 43 2 30 35 42 17 3 23 4658.03 4738.5
0 8 9 39 31 45 19 7 29 6 38 20 18 28 44 33 37 47 34 21 13 16 41 24 12 48 22 14 15 26 40 32 49 5 25 11 36 46 1 10 4 27 43 2 30 35 42 17 3 23 4658.03 4747.12
0 8 9 39 31 45 19 7 29 6 38 20 18 28 44 33 37 47 34 21 13 16 41 12 48 22 14 24 15 26 40 32 49 5 25 11 36 46 1 10 4 27 43 2 30 35 42 17 3 23 4649.63 4730.72
0 8 9 39 31 45 19 7 29 6 38 20 18 28 44 33 37 47 34 21 13 16 41 12 48 22 14 24 15 26 40 32 49 5 25 11 36 46 1 10 4 27 43 2 30 35 42 17 3 23 4649.63 4744.15
0 8 9 39 31 45 19 7 29 6 38 20 18 28 44 33 37 47 34 21 13 16 41 12 48 22 14 24 15 26 40 32 49 5 25 11 36 46 1 10 4 27 43 2 30 35 42 17 3 23 4649.63 4703.49
0 8 9 39 31 45 19 7 29 6 38 20 18 28 44 33 37 47 34 21 13 16 41 12 48 22 14 24 15 26 40 32 49 5 25 11 36 46 1 10 4 27 43 2 30 35 42 17 3 23 4649.63 4801.4
0 8 9 39 31 45 19 7 29 6 38 20 18 28 44 33 37 47 34 21 13 16 41 12 48 22 14 24 15 26 40 32 49 5 25 11 36 46 1 10 4 27 43 2 30 35 42 17 3 23 4649.63 4744.77
0 8 9 39 31 45 19 7 29 6 38 20 18 28 44 33 37 47 34 21 13 16 41 12 48 22 14 24 15 26 40 32 49 5 25 11 36 46 1 10 4 27 43 2 30 35 42 17 3 23 4649.63 4839.88
0 8 9 39 31 45 19 7 29 6 38 20 18 28 44 33 37 47 34 21 13 16 41 12 48 22 14 24 15 26 40 32 49 5 25 11 36 46 1 10 4 27 43 2 30 35 42 17 3 23 4649.63 4733.94
0 8 9 39 31 45 19 7 29 6 38 20 18 28 44 33 37 47 34 21 13 16 41 12 48 22 14 24 15 26 40 32 49 5 25 11 36 46 1 10 4 27 43 2 30 35 42 17 3 23 4649.63 4856.84
0 8 9 39 31 45 19 7 29 6 38 20 18 28 44 33 37 47 34 21 13 16 41 12 48 22 14 24 15 26 40 32 49 5 25 11 36 46 1 10 4 27 43 2 30 35 42 17 3 23 4649.63 4765.03
0 8 9 39 31 45 19 7 29 6 38 20 18 28 44 33 37 47 34 21 13 16 41 12 48 22 14 24 15 26 40 32 49 5 25 11 36 46 1 10 4 27 43 2 30 35 42 17 3 23 4649.63 4691.43
0 8 9 39 31 45 19 7 29 6 38 20 18 28 44 33 37 47 34 21 13 16 41 12 48 22 14 24 15 26 40 32 49 5 25 11 36 46 1 10 4 27 43 2 30 35 42 17 3 23 4649.63 4714.16
0 8 9 39 31 45 19 7 29 6 38 20 18 28 44 33 37 47 34 21 13 16 41 12 48 22 14 24 15 26 40 32 49 5 25 11 36 46 1 10 4 27 43 2 30 35 42 17 3 23 4649.63 4749.65
0 8 9 39 31 45 19 7 29 6 38 20 18 28 44 33 37 47 34 21 13 16 41 12 48 22 14 24 15 26 40 32 49 5 25 11 36 46 1 10 4 27 43 2 30 35 42 17 3 23 4649.63 4798.14
0 8 9 39 31 45 19 7 29 6 38 20 18 28 44 33 37 47 34 21 13 16 41 12 48 22 14 24 15 26 40 32 49 5 25 11 36 46 1 10 4 27 43 2 30 35 42 17 3 23 4649.63 4817.17
0 8 9 39 31 45 19 7 29 6 38 20 18 28 44 33 37 47 34 21 13 16 41 12 48 22 14 24 15 26 40 32 49 5 25 11 36 46 1 10 4 27 43 2 30 35 42 17 3 23 4649.63 4795.25
0 8 9 39 31 45 19 7 29 6 38 20 18 28 44 33 37 47 34 21 13 16 41 12 48 22 14 24 15 26 40 32 49 5 25 11 36 46 1 10 4 27 43 2 30 35 42 17 3 23 4649.63 4739.59
0 8 9 39 31 45 19 7 29 6 38 20 18 28 44 33 37 47 34 21 13 16 41 12 48 22 14 24 15 26 40 32 49 5 25 11 36 46 1 10 4 27 43 2 30 35 42 17 3 23 4649.63 4762.82
0 8 9 39 31 45 19 7 29 6 38 20 18 28 44 33 37 47 34 21 13 16 41 12 48 22 14 24 15 26 40 32 49 5 25 11 36 46 1 10 4 27 43 2 30 35 42 17 3 23 4649.63 4730.89
0 8 9 39 31 45 19 7 29 6 38 20 18 28 44 33 37 47 34 21 13 16 41 12 48 22 14 24 15 26 40 32 49 5 25 11 36 46 1 10 4 27 43 2 30 35 42 17 3 23 4649.63 4767.13
0 8 9 39 31 45 19 7 29 6 38 20 18 28 44 33 37 47 34 21 13 16 41 12 48 22 14 24 15 26 40 32 49 5 25 11 36 46 1 10 4 27 43 2 30 35 42 17 3 23 4649.63 4786.13
0 8 9 39 31 45 19 7 29 6 38 20 18 28 44 33 37 47 34 21 13 16 41 12 48 22 14 24 15 26 40 32 49 5 25 11 36 46 1 10 4 27 43 2 30 35 42 17 3 23 4649.63 4757.36
0 8 9 39 31 45 19 7 29 6 38 20 18 28 44 33 37 47 34 21 13 16 41 12 48 22 14 24 15 26 40 32 49 5 25 11 36 46 1 10 4 27 43 2 30 35 42 17 3 23 4649.63 4989.01
0 8 9 39 31 45 19 7 29 6 38 20 18 28 44 33 37 47 34 21 13 16 41 12 48 22 14 24 15 26 40 32 49 5 25 11 36 46 1 10 4 27 43 2 30 35 42 17 3 23 4649.63 4811.87
0 8 9 39 31 45 19 7 29 6 38 20 18 28 44 33 37 47 34 21 13 16 41 12 48 22 14 24 15 26 40 32 49 5 25 11 36 46 1 10 4 27 43 2 30 35 42 17 3 23 4649.63 4821.68
0 8 9 39 31 45 19 7 29 6 38 20 18 28 44 33 37 47 34 21 13 16 41 12 48 22 14 24 15 26 40 32 49 5 25 11 36 46 1 10 4 27 43 2 30 35 42 17 3 23 4649.63 4776.76
0 8 9 39 31 45 19 7 29 6 38 20 18 28 44 33 37 47 34 21 13 16 41 12 48 22 14 24 15 26 40 32 49 5 25 11 36 46 1 10 4 27 43 2 30 35 42 17 3 23 4649.63 4797.42
0 8 9 39 31 45 19 7 29 6 38 20 18 28 44 33 37 47 34 21 13 16 41 12 48 22 14 24 15 26 40 32 49 5 25 11 36 46 1 10 4 27 43 2 30 35 42 17 3 23 4649.63 4732.88
0 8 9 39 31 45 19 7 29 6 38 20 18 28 44 33 37 47 34 21 13 16 41 12 48 22 14 24 15 26 40 32 49 5 25 11 36 46 1 10 4 27 43 2 30 35 42 17 3 23 4649.63 4699.04
0 8 9 39 31 45 19 7 29 6 38 20 18 28 44 33 37 47 34 21 13 16 41 12 48 22 14 24 15 26 40 32 49 5 25 11 36 46 1 10 4 27 43 2 30 35 42 17 3 23 4649.63 4748.51
0 8 9 39 31 45 19 7 29 6 38 20 18 28 44 33 37 47 34 21 13 16 41 12 48 22 14 24 15 26 40 32 49 5 25 11 36 46 1 10 4 27 43 2 30 35 42 17 3 23 4649.63 4759.12
0 8 9 39 31 45 19 7 29 6 38 20 18 28 44 33 37 47 34 21 13 16 41 12 48 22 14 24 15 26 40 32 49 5 25 11 36 46 1 10 4 27 43 2 30 35 42 17 3 23 4649.63 4805.52
0 8 9 39 31 45 19 7 29 6 38 20 18 28 44 33 37 47 34 21 13 16 41 12 48 22 14 24 15 26 40 32 49 5 25 11 36 46 1 10 4 27 43 2 30 35 42 17 3 23 4649.63 4786.53
0 8 9 39 31 45 19 7 29 6 38 20 18 28 44 33 37 47 34 21 13 16 41 12 48 22 14 24 15 26 40 32 49 5 25 11 36 46 1 10 4 27 43 2 30 35 42 17 3 23 4649.63 4760.85
0 8 9 39 31 45 19 7 29 6 38 20 18 28 44 33 37 47 34 21 13 16 41 12 48 22 14 24 15 26 40 32 49 5 25 11 36 46 1 10 4 27 43 2 30 35 42 17 3 23 4649.63 4801.45
0 8 9 39 31 45 19 7 29 6 38 20 18 28 44 33 37 47 34 21 13 16 41 12 48 22 14 24 15 26 40 32 49 5 25 11 36 46 1 10 4 27 43 2 30 35 42 17 3 23 4649.63 4782.41
0 41 13 12 24 3 23 17 42 35 30 2 27 4 10 1 46 36 11 25 43 5 49 32 40 26 15 14 22 48 21 34 16 47 37 29 33 44 28 18 20 38 6 7 19 45 31 39 9 8 4611.44 4782.54
0 41 13 12 24 3 23 17 42 35 30 2 27 4 10 1 46 36 11 25 43 5 49 32 40 26 15 14 22 48 21 34 16 47 37 29 33 44 28 18 20 38 6 7 19 45 31 39 9 8 4611.44 4828.75
0 41 13 12 24 3 23 17 42 35 30 2 27 4 10 1 46 36 11 25 43 5 49 32 40 26 15 14 22 48 21 34 16 47 37 29 33 44 28 18 20 38 6 7 19 45 31 39 9 8 4611.44 4839.32
0 41 13 12 24 3 23 17 42 35 30 2 27 4 10 1 46 36 11 25 43 5 49 32 40 26 15 14 22 48 21 34 16 47 37 29 33 44 28 18 20 38 6 7 19 45 31 39 9 8 4611.44 4761.68
0 41 13 12 24 3 23 17 42 35 30 2 27 4 10 1 46 36 11 25 43 5 49 32 40 26 15 14 22 48 21 34 16 47 37 29 33 44 28 18 20 38 6 7 19 45 31 39 9 8 4611.44 4837.3
0 41 13 12 24 3 23 17 42 35 30 2 27 4 10 1 46 36 11 25 43 5 49 32 40 26 15 14 22 48 21 34 16 47 37 29 33 44 28 18 20 38 6 7 19 45 31 39 9 8 4611.44 4806.58
0 41 13 12 24 3 23 17 42 35 30 2 27 4 10 1 46 36 11 25 43 5 49 32 40 26 15 14 22 48 21 34 16 47 37 29 33 44 28 18 20 38 6 7 19 45 31 39 9 8 4611.44 4706.53
0 41 13 12 24 3 23 17 42 35 30 2 27 4 10 1 46 36 11 25 43 5 49 32 40 26 15 14 22 48 21 34 16 47 37 29 33 44 28 18 20 38 6 7 19 45 31 39 9 8 4611.44 4658.07
0 41 13 12 24 3 23 17 42 35 30 2 27 4 10 1 46 36 11 25 43 5 49 32 40 26 15 14 22 48 21 34 16 47 37 29 33 44 28 18 20 38 6 7 19 45 31 39 9 8 4611.44 4666.43
0 41 13 12 24 3 23 17 42 35 30 2 27 4 10 1 46 36 11 25 43 5 49 32 40 26 15 14 22 48 21 34 16 47 37 29 33 44 28 18 20 38 6 7 19 45 31 39 9 8 4611.44 4735.83
0 41 13 12 24 3 23 17 42 35 30 2 27 4 10 1 46 36 11 25 43 5 49 32 40 26 15 14 22 48 21 34 16 47 37 29 33 44 28 18 20 38 6 7 19 45 31 39 9 8 4611.44 4740.47
0 41 13 12 24 3 23 17 42 35 30 2 27 4 10 1 46 36 11 25 43 5 49 32 40 26 15 14 22 48 21 34 16 47 37 29 33 44 28 18 20 38 6 7 19 45 31 39 9 8 4611.44 4777.77
0 41 13 12 24 3 23 17 42 35 30 2 27 4 10 1 46 36 11 25 43 5 49 32 40 26 15 14 22 48 21 34 16 47 37 29 33 44 28 18 20 38 6 7 19 45 31 39 9 8 4611.44 4782.86
0 41 13 12 24 3 23 17 42 35 30 2 27 4 10 1 46 36 11 25 43 5 49 32 40 26 15 14 22 48 21 34 16 47 37 29 33 44 28 18 20 38 6 7 19 45 31 39 9 8 4611.44 4766.03
0 41 13 12 24 3 23 17 42 35 30 2 27 4 10 1 46 36 11 25 43 5 49 32 40 26 15 14 22 48 21 34 16 47 37 29 33 44 28 18 20 38 6 7 19 45 31 39 9 8 4611.44 4766.56
0 41 13 12 24 3 23 17 42 35 30 2 27 4 10 1 46 36 11 25 43 5 49 32 40 26 15 14 22 48 21 34 16 47 37 29 33 44 28 18 20 38 6 7 19 45 31 39 9 8 4611.44 4850.46
0 41 13 12 24 3 23 17 42 35 30 2 27 4 10 1 46 36 11 25 43 5 49 32 40 26 15 14 22 48 21 34 16 47 37 29 33 44 28 18 20 38 6 7 19 45 31 39 9 8 4611.44 4723.96
0 41 13 12 24 3 23 17 42 35 30 2 27 4 10 1 46 36 11 25 43 5 49 32 40 26 15 14 22 48 21 34 16 47 37 29 33 44 28 18 20 38 6 7 19 45 31 39 9 8 4611.44 4645.76
0 41 13 12 24 3 23 17 42 35 30 2 27 4 10 1 46 36 11 25 43 5 49 32 40 26 15 14 22 48 21 34 16 47 37 29 33 44 28 18 20 38 6 7 19 45 31 39 9 8 4611.44 4747.14
0 41 13 12 24 3 23 17 42 35 30 2 27 4 10 1 46 36 11 25 43 5 49 32 40 26 15 14 22 48 21 34 16 47 37 29 33 44 28 18 20 38 6 7 19 45 31 39 9 8 4611.44 4810.69
0 41 13 12 24 3 23 17 42 35 30 2 27 4 10 1 46 36 11 25 43 5 49 32 40 26 15 14 22 48 21 34 16 47 37 29 33 44 28 18 20 38 6 7 19 45 31 39 9 8 4611.44 4823.71
0 41 13 12 24 3 23 17 42 35 30 2 27 4 10 1 46 36 11 25 43 5 49 32 40 26 15 14 22 48 21 34 16 47 37 29 33 44 28 18 20 38 6 7 19 45 31 39 9 8 4611.44 4783.16
0 41 13 12 24 3 23 17 42 35 30 2 27 4 10 1 46 36 11 25 43 5 49 32 40 26 15 14 22 48 21 34 16 47 37 29 33 44 28 18 20 38 6 7 19 45 31 39 9 8 4611.44 4731.43
0 41 13 12 24 3 23 17 42 35 30 2 27 4 10 1 46 36 11 25 43 5 49 32 40 26 15 14 22 48 21 34 16 47 37 29 33 44 28 18 20 38 6 7 19 45 31 39 9 8 4611.44 4698.16
0 41 13 12 24 3 23 17 42 35 30 2 27 4 10 1 46 36 11 25 43 5 49 32 40 26 15 14 22 48 21 34 16 47 37 29 33 44 28 18 20 38 6 7 19 45 31 39 9 8 4611.44 4712.08
0 41 13 12 24 3 23 17 42 35 30 2 27 4 10 1 46 36 11 25 43 5 49 32 40 26 15 14 22 48 21 34 16 47 37 29 33 44 28 18 20 38 6 7 19 45 31 39 9 8 4611.44 4654.33
0 41 13 12 24 3 23 17 42 35 30 2 27 4 10 1 46 36 11 25 43 5 49 32 40 26 15 14 22 48 21 34 16 47 37 29 33 44 28 18 20 38 6 7 19 45 31 39 9 8 4611.44 4671.59
0 41 13 12 24 3 23 17 42 35 30 2 27 4 10 1 46 36 11 25 43 5 49 32 40 26 15 14 22 48 21 34 16 47 37 29 33 44 28 18 20 38 6 7 19 45 31 39 9 8 4611.44 4771.05
0 41 13 12 24 3 23 17 42 35 30 2 27 4 10 1 46 36 11 25 43 5 49 32 40 26 15 14 22 48 21 34 16 47 37 29 33 44 28 18 20 38 6 7 19 45 31 39 9 8 4611.44 4716.09
0 41 13 12 24 3 23 17 42 35 30 2 27 4 10 1 46 36 11 25 43 5 49 32 40 26 15 14 22 48 21 34 16 47 37 29 33 44 28 18 20 38 6 7 19 45 31 39 9 8 4611.44 4732.95
0 41 13 12 24 3 23 17 42 35 30 2 27 4 10 1 46 36 11 25 43 5 49 32 40 26 15 14 22 48 21 34 16 47 37 29 33 44 28 18 20 38 6 7 19 45 31 39 9 8 4611.44 4821.99
0 41 13 12 24 3 23 17 42 35 30 2 27 4 10 1 46 36 11 25 43 5 49 32 40 26 15 14 22 48 21 34 16 47 37 29 33 44 28 18 20 38 6 7 19 45 31 39 9 8 4611.44 4709.8
0 41 13 12 24 3 23 17 42 35 30 2 27 4 10 1 46 36 11 25 43 5 49 32 40 26 15 14 22 48 21 34 16 47 37 29 33 44 28 18 20 38 6 7 19 45 31 39 9 8 4611.44 4690.06
0 41 13 12 24 3 23 17 42 35 30 2 27 4 10 1 46 36 11 25 43 5 49 32 40 26 15 14 22 48 21 34 16 47 37 29 33 44 28 18 20 38 6 7 19 45 31 39 9 8 4611.44 4714.74
0 41 13 12 24 3 23 17 42 35 30 2 27 4 10 1 46 36 11 25 43 5 49 32 40 26 15 14 22 48 21 34 16 47 37 29 33 44 28 18 20 38 6 7 19 45 31 39 9 8 4611.44 4717.02
0 41 13 12 24 3 23 17 42 35 30 2 27 4 10 1 46 36 11 25 43 5 49 32 40 26 15 14 22 48 21 34 16 47 37 29 33 44 28 18 20 38 6 7 19 45 31 39 9 8 4611.44 4722.44
0 41 13 12 24 3 23 17 42 35 30 2 27 4 10 1 46 36 11 25 43 5 49 32 40 26 15 14 22 48 21 34 16 47 37 29 33 44 28 18 20 38 6 7 19 45 31 39 9 8 4611.44 4686.2
0 41 13 12 24 3 23 17 42 35 30 2 27 4 10 1 46 36 11 25 43 5 49 32 40 26 15 14 22 48 21 34 16 47 37 29 33 44 28 18 20 38 6 7 19 45 31 39 9 8 4611.44 4661.51
0 41 13 12 24 3 23 17 42 35 30 2 27 4 10 1 46 36 11 25 43 5 49 32 40 26 15 14 22 48 21 34 16 47 37 29 33 44 28 18 20 38 6 7 19 45 31 39 9 8 4611.44 4690.29
0 41 13 12 24 3 23 17 42 35 30 2 27 4 10 1 46 36 11 25 43 5 49 32 40 26 15 14 22 48 21 34 16 47 37 29 33 44 28 18 20 38 6 7 19 45 31 39 9 8 4611.44 4742.25
0 41 13 12 24 3 23 17 42 35 30 2 27 4 10 1 46 36 11 25 43 5 49 32 40 26 15 14 22 48 21 34 16 47 37 29 33 44 28 18 20 38 6 7 19 45 31 39 9 8 4611.44 4781.55
0 41 13 12 24 3 23 17 42 35 30 2 27 4 10 1 46 36 11 25 43 5 49 32 40 26 15 14 22 48 21 34 16 47 37 29 33 44 28 18 20 38 6 7 19 45 31 39 9 8 4611.44 4812.35
0 41 13 12 24 3 23 17 42 35 30 2 27 4 10 1 46 36 11 25 43 5 49 32 40 26 15 14 22 48 21 34 16 47 37 29 33 44 28 18 20 38 6 7 19 45 31 39 9 8 4611.44 4842.31
0 41 13 12 24 3 23 17 42 35 30 2 27 4 10 1 46 36 11 25 43 5 49 32 40 26 15 14 22 48 21 34 16 47 37 29 33 44 28 18 20 38 6 7 19 45 31 39 9 8 4611.44 4866.22
0 41 13 12 24 3 23 17 42 35 30 2 27 4 10 1 46 36 11 25 43 5 49 32 40 26 15 14 22 48 21 34 16 47 37 29 33 44 28 18 20 38 6 7 19 45 31 39 9 8 4611.44 4759.11
0 41 13 12 24 3 23 17 42 35 30 2 27 4 10 1 46 36 11 25 43 5 49 32 40 26 15 14 22 48 21 34 16 47 37 29 33 44 28 18 20 38 6 7 19 45 31 39 9 8 4611.44 4761.89
0 41 13 12 24 3 23 17 42 35 30 2 27 4 10 1 46 36 11 25 43 5 49 32 40 26 15 14 22 48 21 34 16 47 37 29 33 44 28 18 20 38 6 7 19 45 31 39 9 8 4611.44 4691.91
0 41 13 12 24 3 23 17 42 35 30 2 27 4 10 1 46 36 11 25 43 5 49 32 40 26 15 14 22 48 21 34 16 47 37 29 33 44 28 18 20 38 6 7 19 45 31 39 9 8 4611.44 4629.97
0 41 13 12 24 3 23 17 42 35 30 2 27 4 10 1 46 36 11 25 43 5 49 32 40 26 15 14 22 48 21 34 16 47 37 29 33 44 28 18 20 38 6 7 19 45 31 39 9 8 4611.44 4639.95
0 41 13 12 24 3 23 17 42 35 30 2 27 4 10 1 46 36 11 25 43 5 49 32 40 26 15 14 22 48 21 34 16 47 37 29 33 44 28 18 20 38 6 7 19 45 31 39 9 8 4611.44 4781.17
0 41 13 12 24 3 23 17 42 35 30 2 27 4 10 1 46 36 11 25 43 5 49 32 40 26 15 14 22 48 21 34 16 47 37 29 33 44 28 18 20 38 6 7 19 45 31 39 9 8 4611.44 4653.05
0 41 13 12 24 3 23 17 42 35 30 2 27 4 10 1 46 36 11 25 43 5 49 32 40 26 15 14 22 48 21 34 16 47 37 29 33 44 28 18 20 38 6 7 19 45 31 39 9 8 4611.44 4699.77
0 41 13 12 24 3 23 17 42 35 30 2 27 4 10 1 46 36 11 25 43 5 49 32 40 26 15 14 22 48 21 34 16 47 37 29 33 44 28 18 20 38 6 7 19 45 31 39 9 8 4611.44 4697.7
0 41 13 12 24 3 23 17 42 35 30 2 27 4 10 1 46 36 11 25 43 5 49 32 40 26 15 14 22 48 21 34 16 47 37 29 33 44 28 18 20 38 6 7 19 45 31 39 9 8 4611.44 4673.76
0 41 13 12 24 3 23 17 42 35 30 2 27 4 10 1 46 36 11 25 43 5 49 32 40 26 15 14 22 48 21 34 16 47 37 29 33 44 28 18 20 38 6 7 19 45 31 39 9 8 4611.44 4654.88
0 41 13 12 24 3 23 17 42 35 30 2 27 4 10 1 46 36 11 25 43 5 49 32 40 26 15 14 22 48 21 34 16 47 37 29 33 44 28 18 20 38 6 7 19 45 31 39 9 8 4611.44 4742.98
0 41 13 12 24 3 23 17 42 35 30 2 27 4 10 1 46 36 11 25 43 5 49 32 40 26 15 14 22 48 21 34 16 47 37 29 33 44 28 18 20 38 6 7 19 45 31 39 9 8 4611.44 4682.52
0 41 13 12 24 3 23 17 42 35 30 2 27 4 10 1 46 36 11 25 43 5 49 32 40 26 15 14 22 48 21 34 16 47 37 29 33 44 28 18 20 38 6 7 19 45 31 39 9 8 4611.44 4713.67
0 41 13 12 24 3 23 17 42 35 30 2 27 4 10 1 46 36 11 25 43 5 49 32 40 26 15 14 22 48 21 34 16 47 37 29 33 44 28 18 20 38 6 7 19 45 31 39 9 8 4611.44 4695.1
0 41 13 12 24 3 23 17 42 35 30 2 27 4 10 1 46 36 11 25 43 5 49 32 40 26 15 14 22 48 21 34 16 47 37 29 33 44 28 18 20 38 6 7 19 45 31 39 9 8 4611.44 4828.89
0 41 13 12 24 3 23 17 42 35 30 2 27 4 10 1 46 36 11 25 43 5 49 32 40 26 15 14 22 48 21 34 16 47 37 33 44 28 18 20 38 6 29 7 19 45 31 39 9 8 4609.1 4700.87
0 41 13 12 24 3 23 17 42 35 30 2 27 4 10 1 46 36 11 25 43 5 49 32 40 26 15 14 22 48 21 34 16 47 37 33 44 28 18 20 38 6 29 7 19 45 31 39 9 8 4609.1 4653.19
0 41 13 12 24 3 23 17 42 35 30 2 27 4 10 1 46 36 11 25 43 5 49 32 40 26 15 14 22 48 21 34 16 47 37 33 44 28 18 20 38 6 29 7 19 45 31 39 9 8 4609.1 4676.83
0 41 13 12 24 3 23 17 42 35 30 2 27 4 10 1 46 36 11 25 43 5 49 32 40 26 15 14 22 48 21 34 16 47 37 33 44 28 18 20 38 6 29 7 19 45 31 39 9 8 4609.1 4661.3
0 41 13 12 24 3 23 17 42 35 30 2 27 4 10 1 46 36 11 25 43 5 49 32 40 26 15 14 22 48 21 34 16 47 37 33 44 28 18 20 38 6 29 7 19 45 31 39 9 8 4609.1 4674.12
0 41 13 12 24 3 23 17 42 35 30 2 27 4 10 1 46 36 11 25 43 5 49 32 40 26 15 14 22 48 21 34 16 47 37 33 44 28 18 20 38 6 29 7 19 45 31 39 9 8 4609.1 4727.89
0 41 13 12 24 3 23 17 42 35 30 2 27 4 10 1 46 36 11 25 43 5 49 32 40 26 15 14 22 48 21 34 16 47 37 33 44 28 18 20 38 6 29 7 19 45 31 39 9 8 4609.1 4772.27
0 41 13 12 24 3 23 17 42 35 30 2 27 4 10 1 46 36 11 25 43 5 49 32 40 26 15 14 22 48 21 34 16 47 37 33 44 28 18 20 38 6 29 7 19 45 31 39 9 8 4609.1 4754.68
0 41 13 12 24 3 23 17 42 35 30 2 27 4 10 1 46 36 11 25 43 5 49 32 40 26 15 14 22 48 21 34 16 47 37 33 44 28 18 20 38 6 29 7 19 45 31 39 9 8 4609.1 4731.24
0 41 13 12 24 3 23 17 42 35 30 2 27 4 10 1 46 36 11 25 43 5 49 32 40 26 15 14 22 48 21 34 16 47 37 33 44 28 18 20 38 6 29 7 19 45 31 39 9 8 4609.1 4760.62
0 41 13 12 24 3 23 17 42 35 30 2 27 4 10 1 46 36 11 25 43 5 49 32 40 26 15 14 22 48 21 34 16 47 37 33 44 28 18 20 38 6 29 7 19 45 31 39 9 8 4609.1 4781.83
0 41 13 12 24 3 23 17 42 35 30 2 27 4 10 1 46 36 11 25 43 5 49 32 40 26 15 14 22 48 21 34 16 47 37 33 44 28 18 20 38 6 29 7 19 45 31 39 9 8 4609.1 4746.72
0 41 13 12 24 3 23 17 42 35 30 2 27 4 10 1 46 36 11 25 43 5 49 32 40 26 15 14 22 48 21 34 16 47 37 33 44 28 18 20 38 6 29 7 19 45 31 39 9 8 4609.1 4814.78
0 41 13 12 24 3 23 17 42 35 30 2 27 4 10 1 46 36 11 25 43 5 49 32 40 26 15 14 22 48 21 34 16 47 37 33 44 28 18 20 38 6 29 7 19 45 31 39 9 8 4609.1 4843.69
0 41 13 12 24 3 23 17 42 35 30 2 27 4 10 1 46 36 11 25 43 5 49 32 40 26 15 14 22 48 21 34 16 47 37 33 44 28 18 20 38 6 29 7 19 45 31 39 9 8 4609.1 4704.6
0 41 13 12 24 3 23 17 42 35 30 2 27 4 10 1 46 36 11 25 43 5 49 32 40 26 15 14 22 48 21 34 16 47 37 33 44 28 18 20 38 6 29 7 19 45 31 39 9 8 4609.1 4684.49
0 41 13 12 24 3 23 17 42 35 30 2 27 4 10 1 46 36 11 25 43 5 49 32 40 26 15 14 22 48 21 34 16 47 37 33 44 28 18 20 38 6 29 7 19 45 31 39 9 8 4609.1 4680.09
0 41 13 12 24 3 23 17 42 35 30 2 27 4 10 1 46 36 11 25 43 5 49 32 40 26 15 14 22 48 21 34 16 47 37 33 44 28 18 20 38 6 29 7 19 45 31 39 9 8 4609.1 4702.11
0 41 13 12 24 3 23 17 42 35 30 2 27 4 10 1 46 36 11 25 43 5 49 32 40 26 15 14 22 48 21 34 16 47 37 33 44 28 18 20 38 6 29 7 19 45 31 39 9 8 4609.1 4708.47
0 41 13 12 24 3 23 17 42 35 30 2 27 4 10 1 46 36 11 25 43 5 49 32 40 26 15 14 22 48 21 34 16 47 37 33 44 28 18 20 38 6 29 7 19 45 31 39 9 8 4609.1 4724.48
0 41 13 12 24 3 23 17 42 35 30 2 27 4 10 1 46 36 11 25 43 5 49 32 40 26 15 14 22 48 21 34 16 47 37 33 44 28 18 20 38 6 29 7 19 45 31 39 9 8 4609.1 4728.44
0 41 13 12 24 3 23 17 42 35 30 2 27 4 10 1 46 36 11 25 43 5 49 32 40 26 15 14 22 48 21 34 16 47 37 33 44 28 18 20 38 6 29 7 19 45 31 39 9 8 4609.1 4691.85
0 41 13 12 24 3 23 17 42 35 30 2 27 4 10 1 46 36 11 25 43 5 49 32 40 26 15 14 22 48 21 34 16 47 37 33 44 28 18 20 38 6 29 7 19 45 31 39 9 8 4609.1 4694.04
0 41 13 12 24 3 23 17 42 35 30 2 27 4 10 1 46 36 11 25 43 5 49 32 40 26 15 14 22 48 21 34 16 47 37 33 44 28 18 20 38 6 29 7 19 45 31 39 9 8 4609.1 4680.93
0 41 13 12 24 3 23 17 42 35 30 2 27 4 10 1 46 36 11 25 43 5 49 32 40 26 15 14 22 48 21 34 16 47 37 33 44 28 18 20 38 6 29 7 19 45 31 39 9 8 4609.1 4693.7
0 41 13 12 24 3 23 17 42 35 30 2 27 4 10 1 46 36 11 25 43 5 49 32 40 26 15 14 22 48 21 34 16 47 37 33 44 28 18 20 38 6 29 7 19 45 31 39 9 8 4609.1 4687.69
0 41 13 12 24 3 23 17 42 35 30 2 27 4 10 1 46 36 11 25 43 5 49 32 40 26 15 14 22 48 21 34 16 47 37 33 44 28 18 20 38 6 29 7 19 45 31 39 9 8 4609.1 4759.37
0 41 13 12 24 3 23 17 42 35 30 2 27 4 10 1 46 36 11 25 43 5 49 32 40 26 15 14 22 48 21 34 16 47 37 33 44 28 18 20 38 6 29 7 19 45 31 39 9 8 4609.1 4731.37
0 41 13 12 24 3 23 17 42 35 30 2 27 4 10 1 46 36 11 25 43 5 49 32 40 26 15 14 22 48 21 34 16 47 37 33 44 28 18 20 38 6 29 7 19 45 31 39 9 8 4609.1 4706.74
0 41 13 12 24 3 23 17 42 35 30 2 27 4 10 1 46 36 11 25 43 5 49 32 40 26 15 14 22 48 21 34 16 47 37 33 44 28 18 20 38 6 29 7 19 45 31 39 9 8 4609.1 4766.62
0 41 13 12 24 3 23 17 42 35 30 2 27 4 10 1 46 36 11 25 43 5 49 32 40 26 15 14 22 48 21 34 16 47 37 33 44 28 18 20 38 6 29 7 19 45 31 39 9 8 4609.1 4697.17
0 41 13 12 24 3 23 17 42 35 30 2 27 4 10 1 46 36 11 25 43 5 49 32 40 26 15 14 22 48 21 34 16 47 37 33 44 28 18 20 38 6 29 7 19 45 31 39 9 8 4609.1 4782.02
0 41 13 12 24 3 23 17 42 35 30 2 27 4 10 1 46 36 11 25 43 5 49 32 40 26 15 14 22 48 21 34 16 47 37 33 44 28 18 20 38 6 29 7 19 45 31 39 9 8 4609.1 4724.79
0 41 13 12 24 3 23 17 42 35 30 2 27 4 10 1 46 36 11 25 43 5 49 32 40 26 15 14 22 48 21 34 16 47 37 33 44 28 18 20 38 6 29 7 19 45 31 39 9 8 4609.1 4794.58
0 41 13 12 24 3 23 17 42 35 30 2 27 4 10 1 46 36 11 25 43 5 49 32 40 26 15 14 22 48 21 34 16 47 37 33 44 28 18 20 38 6 29 7 19 45 31 39 9 8 4609.1 4725.4
0 41 13 12 24 3 23 17 42 35 30 2 27 4 10 1 46 36 11 25 43 5 49 32 40 26 15 14 22 48 21 34 16 47 37 33 44 28 18 20 38 6 29 7 19 45 31 39 9 8 4609.1 4838.93
0 41 13 12 24 3 23 17 42 35 30 2 27 4 10 1 46 36 11 25 43 5 49 32 40 26 15 14 22 48 21 34 16 47 37 33 44 28 18 20 38 6 29 7 19 45 31 39 9 8 4609.1 4786.83
0 41 13 12 24 3 23 17 42 35 30 2 27 4 10 1 46 36 11 25 43 5 49 32 40 26 15 14 22 48 21 34 16 47 37 33 44 28 18 20 38 6 29 7 19 45 31 39 9 8 4609.1 4738.66
0 41 13 12 24 3 23 17 42 35 30 2 27 4 10 1 46 36 11 25 43 5 49 32 40 26 15 14 22 48 21 34 16 47 37 33 44 28 18 20 38 6 29 7 19 45 31 39 9 8 4609.1 4813.99
0 41 13 12 24 3 23 17 42 35 30 2 27 4 10 1 46 36 11 25 43 5 49 32 40 26 15 14 22 48 21 34 16 47 37 33 44 28 18 20 38 6 29 7 19 45 31 39 9 8 4609.1 4778.31
0 41 13 12 24 3 23 17 42 35 30 2 27 4 10 1 46 36 11 25 43 5 49 32 40 26 15 14 22 48 21 34 16 47 37 33 44 28 18 20 38 6 29 7 19 45 31 39 9 8 4609.1 4789.6
0 41 13 12 24 3 23 17 42 35 30 2 27 4 10 1 46 36 11 25 43 5 49 32 40 26 15 14 22 48 21 34 16 47 37 33 44 28 18 20 38 6 29 7 19 45 31 39 9 8 4609.1 4772.67
0 41 13 12 24 3 23 17 42 35 30 2 27 4 10 1 46 36 11 25 43 5 49 32 40 26 15 14 22 48 21 34 16 47 37 33 44 28 18 20 38 6 29 7 19 45 31 39 9 8 4609.1 4729.94
0 41 13 12 24 3 23 17 42 35 30 2 27 4 10 1 46 36 11 25 43 5 49 32 40 26 15 14 22 48 21 34 16 47 37 33 44 28 18 20 38 6 29 7 19 45 31 39 9 8 4609.1 4699.35
0 41 13 12 24 3 23 17 42 35 30 2 27 4 10 1 46 36 11 25 43 5 49 32 40 26 15 14 22 48 21 34 16 47 37 33 44 28 18 20 38 6 29 7 19 45 31 39 9 8 4609.1 4657.03
0 41 13 12 24 3 23 17 42 35 30 2 27 4 10 1 46 36 11 25 43 5 49 32 40 26 15 14 22 48 21 34 16 47 37 33 44 28 18 20 38 6 29 7 19 45 31 39 9 8 4609.1 4721.45
0 41 13 12 24 3 23 17 42 35 30 2 27 4 10 1 46 36 11 25 43 5 49 32 40 26 15 14 22 48 21 34 16 47 37 33 44 28 18 20 38 6 29 7 19 45 31 39 9 8 4609.1 4704.63
0 41 13 12 24 3 23 17 42 35 30 2 27 4 10 1 46 36 11 25 43 5 49 32 40 26 15 14 22 48 21 34 16 47 37 33 44 28 18 20 38 6 29 7 19 45 31 39 9 8 4609.1 4695.65
0 41 13 12 24 3 23 17 42 35 30 2 27 4 10 1 46 36 11 25 43 5 49 32 40 26 15 14 22 48 21 34 16 47 37 33 44 28 18 20 38 6 29 7 19 45 31 39 9 8 4609.1 4703.46
0 41 13 12 24 3 23 17 42 35 30 2 27 4 10 1 46 36 11 25 43 5 49 32 40 26 15 14 22 48 21 34 16 47 37 33 44 28 18 20 38 6 29 7 19 45 31 39 9 8 4609.1 4745.25
0 41 13 12 24 3 23 17 42 35 30 2 27 4 10 1 46 36 11 25 43 5 49 32 40 26 15 14 22 48 21 34 16 47 37 33 44 28 18 20 38 6 29 7 19 45 31 39 9 8 4609.1 4710.2
0 41 13 12 24 3 23 17 42 35 30 2 27 4 10 1 46 36 11 25 43 5 49 32 40 26 15 14 22 48 21 34 16 47 37 33 44 28 18 20 38 6 29 7 19 45 31 39 9 8 4609.1 4750.24
0 41 13 12 24 3 23 17 42 35 30 2 27 4 10 1 46 36 11 25 43 5 49 32 40 26 15 14 22 48 21 34 16 47 37 33 44 28 18 20 38 6 29 7 19 45 31 39 9 8 4609.1 4660.74
0 41 13 12 24 3 23 17 42 35 30 2 27 4 10 1 46 36 11 25 43 5 49 32 40 26 15 14 22 48 21 34 16 47 37 33 44 28 18 20 38 6 29 7 19 45 31 39 9 8 4609.1 4680.31
0 41 13 12 24 3 23 17 42 35 30 2 27 4 10 1 46 36 11 25 43 5 49 32 40 26 15 14 22 48 21 34 16 47 37 33 44 28 18 20 38 6 29 7 19 45 31 39 9 8 4609.1 4804.89
0 41 13 12 24 3 23 17 42 35 30 2 27 4 10 1 46 36 11 25 43 5 49 32 40 26 15 14 22 48 21 34 16 47 37 33 44 28 18 20 38 6 29 7 19 45 31 39 9 8 4609.1 4872.5
0 41 13 12 24 3 23 17 42 35 30 2 27 4 10 1 46 36 11 25 43 5 49 32 40 26 15 14 22 48 21 34 16 47 37 33 44 28 18 20 38 6 29 7 19 45 31 39 9 8 4609.1 4728.39
0 41 13 12 24 3 23 17 42 35 30 2 27 4 10 1 46 36 11 25 43 5 49 32 40 26 15 14 22 48 21 34 16 47 37 33 44 28 18 20 38 6 29 7 19 45 31 39 9 8 4609.1 4730.05
0 41 13 12 24 3 23 17 42 35 30 2 27 4 10 1 46 36 11 25 43 5 49 32 40 26 15 14 22 48 21 34 16 47 37 33 44 28 18 20 38 6 29 7 19 45 31 39 9 8 4609.1 4740.8
0 41 13 12 24 3 23 17 42 35 30 2 27 4 10 1 46 36 11 25 43 5 49 32 40 26 15 14 22 48 21 34 16 47 37 33 44 28 18 20 38 6 29 7 19 45 31 39 9 8 4609.1 4773.81
0 41 13 12 24 3 23 17 42 35 30 2 27 4 10 1 46 36 11 25 43 5 49 32 40 26 15 14 22 48 21 34 16 47 37 33 44 28 18 20 38 6 29 7 19 45 31 39 9 8 4609.1 4782.16
0 41 13 12 24 3 23 17 42 35 30 2 27 4 10 1 46 36 11 25 43 5 49 32 40 26 15 14 22 48 21 34 16 47 37 33 44 28 18 20 38 6 29 7 19 45 31 39 9 8 4609.1 4753.06
0 41 13 12 24 3 23 17 42 35 30 2 27 4 10 1 46 36 11 25 43 5 49 32 40 26 15 14 22 48 21 34 16 47 37 33 44 28 18 20 38 6 29 7 19 45 31 39 9 8 4609.1 4804.33
0 41 13 12 24 3 23 17 42 35 30 2 27 4 10 1 46 36 11 25 43 5 49 32 40 26 15 14 22 48 21 34 16 47 37 33 44 28 18 20 38 6 29 7 19 45 31 39 9 8 4609.1 4704.5
0 41 13 12 24 3 23 17 42 35 30 2 27 4 10 1 46 36 11 25 43 5 49 32 40 26 15 14 22 48 21 34 16 47 37 33 44 28 18 20 38 6 29 7 19 45 31 39 9 8 4609.1 4731.57
0 41 13 12 24 3 23 17 42 35 30 2 27 4 10 1 46 36 11 25 43 5 49 32 40 26 15 14 22 48 21 34 16 47 37 33 44 28 18 20 38 6 29 7 19 45 31 39 9 8 4609.1 4729.26
0 41 13 12 24 3 23 17 42 35 30 2 27 4 10 1 46 36 11 25 43 5 49 32 40 26 15 14 22 48 21 34 16 47 37 33 44 28 18 20 38 6 29 7 19 45 31 39 9 8 4609.1 4704.9
0 41 13 12 24 3 23 17 42 35 30 2 27 4 10 1 46 36 11 25 43 5 49 32 40 26 15 14 22 48 21 34 16 47 37 33 44 28 18 20 38 6 29 7 19 45 31 39 9 8 4609.1 4699.33
0 41 13 12 24 3 23 17 42 35 30 2 27 4 10 1 46 36 11 25 43 5 49 32 40 26 15 14 22 48 21 34 16 47 37 33 44 28 18 20 38 6 29 7 19 45 31 39 9 8 4609.1 4717.94
0 41 13 12 24 3 23 17 42 35 30 2 27 4 10 1 46 36 11 25 43 5 49 32 40 26 15 14 22 48 21 34 16 47 37 33 44 28 18 20 38 6 29 7 19 45 31 39 9 8 4609.1 4711.26
0 41 13 12 24 3 23 17 42 35 30 2 27 4 10 1 46 36 11 25 43 5 49 32 40 26 15 14 22 48 21 34 16 47 37 33 44 28 18 20 38 6 29 7 19 45 31 39 9 8 4609.1 4751.21
0 41 13 12 24 3 23 17 42 35 30 2 27 4 10 1 46 36 11 25 43 5 49 32 40 26 15 14 22 48 21 34 16 47 37 33 44 28 18 20 38 6 29 7 19 45 31 39 9 8 4609.1 4696.57
0 41 13 12 24 3 23 17 42 35 30 2 27 4 10 1 46 36 11 25 43 5 49 32 40 26 15 14 22 48 21 34 16 47 37 33 44 28 18 20 38 6 29 7 19 45 31 39 9 8 4609.1 4656.02
0 41 13 12 24 3 23 17 42 35 30 2 27 4 10 1 46 36 11 25 43 5 49 32 40 26 15 14 22 48 21 34 16 47 37 33 44 28 18 20 38 6 29 7 19 45 31 39 9 8 4609.1 4643.63
0 41 13 12 24 3 23 17 42 35 30 2 27 4 10 1 46 36 11 25 43 5 49 32 40 26 15 14 22 48 21 34 16 47 37 33 44 28 18 20 38 6 29 7 19 45 31 39 9 8 4609.1 4660.44
0 41 13 12 24 3 23 17 42 35 30 2 27 4 10 1 46 36 11 25 43 5 49 32 40 26 15 14 22 48 21 34 16 47 37 33 44 28 18 20 38 6 29 7 19 45 31 39 9 8 4609.1 4661.59
0 41 13 12 24 3 23 17 42 35 30 2 27 4 10 1 46 36 11 25 43 5 49 32 40 26 15 14 22 48 21 34 16 47 37 33 44 28 18 20 38 6 29 7 19 45 31 39 9 8 4609.1 4699.27
0 41 13 12 24 3 23 17 42 35 30 2 27 4 10 1 46 36 11 25 43 5 49 32 40 26 15 14 22 48 21 34 16 47 37 33 44 28 18 20 38 6 29 7 19 45 31 39 9 8 4609.1 4699.5
0 41 13 12 24 3 23 17 42 35 30 2 27 4 10 1 46 36 11 25 43 5 49 32 40 26 15 14 22 48 21 34 16 47 37 33 44 28 18 20 38 6 29 7 19 45 31 39 9 8 4609.1 4724.16
0 41 13 12 24 3 23 17 42 35 30 2 27 4 10 1 46 36 11 25 43 5 49 32 40 26 15 14 22 48 21 34 16 47 37 33 44 28 18 20 38 6 29 7 19 45 31 39 9 8 4609.1 4765.9
