1 0.107151 0.107151 0
2 0.144479 0.125815 0.0186638
3 0.159481 0.137037 0.015558
4 0.103682 0.128698 0.0138044
5 0.0983471 0.122628 0.0122957
6 0.101185 0.119054 0.0106565
7 0.136254 0.121511 0.00933555
8 0.0797376 0.11629 0.00962448
9 0.112144 0.115829 0.00850048
10 0.120787 0.116325 0.00761921
11 0.08785 0.113736 0.00736195
12 0.137433 0.115711 0.00700463
13 0.0943582 0.114068 0.00664938
14 0.149101 0.116571 0.00664527
15 0.113169 0.116344 0.00619056
16 0.0542824 0.112465 0.0069698
17 0.12606 0.113265 0.00659564
18 0.099005 0.112473 0.00626869
19 0.0597772 0.109699 0.00654614
20 0.115347 0.109981 0.00621663
1 0.326369 0.326369 0
2 0.301412 0.313891 0.0124787
3 0.308516 0.312099 0.00742404
4 0.313732 0.312507 0.00526544
5 0.35359 0.320724 0.00917311
6 0.304243 0.317977 0.00797759
7 0.339078 0.320992 0.00738549
8 0.315097 0.320255 0.00643833
9 0.329693 0.321303 0.0057741
10 0.279978 0.317171 0.00661437
11 0.310761 0.316588 0.00601123
12 0.344158 0.318886 0.00594903
13 0.344926 0.320889 0.00582741
14 0.367418 0.324212 0.00633664
15 0.315907 0.323659 0.00592502
16 0.333724 0.324288 0.00557794
17 0.323907 0.324265 0.00523961
18 0.34118 0.325205 0.00502853
19 0.319669 0.324914 0.00476543
20 0.303027 0.323819 0.00465145
1 0.403424 0.403424 0
2 0.424326 0.413875 0.010451
3 0.407418 0.411723 0.00640627
4 0.407365 0.410634 0.00465908
5 0.412257 0.410958 0.00362349
6 0.402701 0.409582 0.00326298
7 0.403536 0.408718 0.0028898
8 0.406047 0.408385 0.00252482
9 0.403474 0.407839 0.00229257
10 0.40598 0.407653 0.00205895
11 0.418186 0.40861 0.00209415
12 0.419915 0.409553 0.00213119
13 0.409121 0.409519 0.00196069
14 0.416089 0.409989 0.00187492
15 0.407026 0.409791 0.00175659
16 0.399263 0.409133 0.00176999
17 0.421972 0.409888 0.0018261
18 0.402382 0.409471 0.00177145
19 0.405777 0.409277 0.00168687
20 0.413939 0.40951 0.00161719
1 0.417561 0.417561 0
2 0.418487 0.418024 0.000463019
3 0.418228 0.418092 0.00027586
4 0.413345 0.416905 0.00120257
5 0.417606 0.417046 0.000941991
6 0.419255 0.417414 0.000852715
7 0.419653 0.417734 0.000788511
8 0.422125 0.418283 0.000876151
9 0.415958 0.418024 0.000814725
10 0.417464 0.417968 0.000730862
11 0.418693 0.418034 0.000664369
12 0.41711 0.417957 0.000611357
13 0.417994 0.41796 0.000562374
14 0.415734 0.417801 0.000544401
15 0.420624 0.417989 0.000540633
16 0.421172 0.418188 0.000543439
17 0.413117 0.41789 0.000591228
18 0.412862 0.417611 0.000623477
19 0.412579 0.417346 0.000646467
20 0.41267 0.417112 0.000656347
1 0.387223 0.387223 0
2 0.392545 0.389884 0.00266101
3 0.388747 0.389505 0.00158244
4 0.391385 0.389975 0.00121365
5 0.384009 0.388782 0.00151901
6 0.388817 0.388788 0.00124028
7 0.390045 0.388967 0.0010635
8 0.388546 0.388915 0.000922527
9 0.391918 0.389248 0.000879377
10 0.386211 0.388945 0.000843158
11 0.391157 0.389146 0.000788746
12 0.388111 0.389059 0.000725165
13 0.389628 0.389103 0.000668487
14 0.38636 0.388907 0.000649174
15 0.390208 0.388994 0.000610541
16 0.384797 0.388732 0.00062846
17 0.383453 0.388421 0.000667021
18 0.384531 0.388205 0.000664973
19 0.385486 0.388062 0.00064508
20 0.384876 0.387903 0.000632367
1 0.350749 0.350749 0
2 0.348443 0.349596 0.00115305
3 0.349203 0.349465 0.000678522
4 0.349639 0.349509 0.000481756
5 0.350372 0.349681 0.000411196
6 0.349171 0.349596 0.000346357
7 0.348258 0.349405 0.000349653
8 0.350544 0.349547 0.000334605
9 0.351188 0.34973 0.000346889
10 0.350344 0.349791 0.000316295
11 0.350408 0.349847 0.000291537
12 0.348873 0.349766 0.000278229
13 0.351308 0.349885 0.000282072
14 0.350302 0.349914 0.000262845
15 0.350434 0.349949 0.00024714
16 0.354422 0.350229 0.000362773
17 0.351139 0.350282 0.000344951
18 0.347968 0.350154 0.000349713
19 0.351165 0.350207 0.000335053
20 0.352572 0.350325 0.000339153
1 0.312089 0.312089 0
2 0.310311 0.3112 0.000888931
3 0.311698 0.311366 0.000539389
4 0.309543 0.31091 0.000594265
5 0.31275 0.311278 0.000589322
6 0.313149 0.31159 0.00057338
7 0.311034 0.311511 0.000491068
8 0.311204 0.311472 0.000426998
9 0.311141 0.311436 0.000378377
10 0.310903 0.311382 0.000342598
11 0.31348 0.311573 0.000363875
12 0.310998 0.311525 0.000335614
13 0.312597 0.311608 0.000319543
14 0.313767 0.311762 0.000333626
15 0.312693 0.311824 0.000316733
16 0.311459 0.311801 0.000297155
17 0.312274 0.311829 0.00028051
18 0.311384 0.311804 0.00026562
19 0.312156 0.311823 0.000251933
20 0.312263 0.311845 0.000240017
1 0.276128 0.276128 0
2 0.276798 0.276463 0.000335038
3 0.275233 0.276053 0.000453346
4 0.276293 0.276113 0.000326135
5 0.276317 0.276154 0.000255909
6 0.276921 0.276282 0.000245031
7 0.275894 0.276226 0.000214349
8 0.275422 0.276126 0.000211079
9 0.276843 0.276205 0.000202506
10 0.277016 0.276286 0.000198429
11 0.277191 0.276369 0.000197431
12 0.275963 0.276335 0.000183371
13 0.276526 0.27635 0.000169315
14 0.275754 0.276307 0.000162422
15 0.277295 0.276373 0.000164928
16 0.275888 0.276343 0.000157225
17 0.276048 0.276325 0.000148703
18 0.276044 0.27631 0.000141069
19 0.274469 0.276213 0.000164908
20 0.277124 0.276258 0.000162945
1 0.245171 0.245171 0
2 0.244599 0.244885 0.000286064
3 0.245753 0.245174 0.000333276
4 0.244888 0.245103 0.000246301
5 0.243629 0.244808 0.000351115
6 0.2451 0.244857 0.000290803
7 0.244981 0.244874 0.000246419
8 0.244521 0.24483 0.000217933
9 0.244825 0.24483 0.000192199
10 0.244958 0.244842 0.000172384
11 0.244715 0.244831 0.00015636
12 0.244745 0.244824 0.000142915
13 0.244029 0.244763 0.000144985
14 0.243387 0.244664 0.000166328
15 0.244799 0.244673 0.000155105
16 0.244956 0.244691 0.000146157
17 0.244426 0.244675 0.000138174
18 0.245734 0.244734 0.000142932
19 0.245567 0.244778 0.000142133
20 0.244231 0.244751 0.000137587
1 0.217103 0.217103 0
2 0.216402 0.216753 0.000350536
3 0.216512 0.216673 0.000217751
4 0.217091 0.216777 0.000186091
5 0.216557 0.216733 0.00015073
6 0.216893 0.21676 0.000125925
7 0.2161 0.216665 0.000142188
8 0.216668 0.216666 0.000123138
9 0.217353 0.216742 0.000132761
10 0.216357 0.216703 0.000124845
11 0.217096 0.216739 0.000118423
12 0.216671 0.216733 0.000108253
13 0.21704 0.216757 0.000102328
14 0.217063 0.216779 9.72199e-05
15 0.216193 0.21674 9.8581e-05
16 0.21575 0.216678 0.000111032
17 0.216739 0.216682 0.000104358
18 0.217081 0.216704 0.000100867
19 0.216006 0.216667 0.000102233
20 0.21627 0.216647 9.89979e-05
1 0.192505 0.192505 0
2 0.19274 0.192623 0.00011759
3 0.192896 0.192714 0.000113697
4 0.193542 0.192921 0.000222052
5 0.193254 0.192988 0.00018444
6 0.192829 0.192961 0.000152886
7 0.193475 0.193035 0.000148617
8 0.192628 0.192984 0.000138368
9 0.193577 0.19305 0.000138671
10 0.193197 0.193064 0.000124904
11 0.19376 0.193128 0.000129482
12 0.192987 0.193116 0.000118784
13 0.192721 0.193085 0.000113419
14 0.192946 0.193076 0.000105475
15 0.193091 0.193077 9.81974e-05
16 0.192581 0.193046 9.69421e-05
17 0.192478 0.193012 9.69836e-05
18 0.192637 0.192991 9.37785e-05
19 0.192999 0.192992 8.87065e-05
20 0.193079 0.192996 8.42674e-05
