1 -0.974864 -0.974864 0
2 -0.979136 -0.977 0.002136
3 -0.97868 -0.97756 0.00135441
4 -0.968312 -0.975248 0.00250251
5 -0.975992 -0.975397 0.00194414
6 -0.973704 -0.975115 0.00161226
7 -0.972064 -0.974679 0.00143061
8 -0.970912 -0.974208 0.0013254
9 -0.97244 -0.974012 0.00118528
10 -0.973968 -0.974007 0.00106016
11 -0.970688 -0.973705 0.0010053
12 -0.9706 -0.973447 0.000953503
13 -0.974592 -0.973535 0.000881509
14 -0.966312 -0.973019 0.000965513
15 -0.971968 -0.972949 0.000901569
16 -0.979912 -0.973384 0.000949012
17 -0.97344 -0.973387 0.000891447
18 -0.96924 -0.973157 0.000871474
19 -0.983768 -0.973715 0.000995702
20 -0.973328 -0.973696 0.000944804
1 -0.918352 -0.918352 0
2 -0.906832 -0.912592 0.00576
3 -0.916112 -0.913765 0.00352646
4 -0.914688 -0.913996 0.00250423
5 -0.920392 -0.915275 0.00232359
6 -0.914048 -0.915071 0.00190819
7 -0.90464 -0.913581 0.00219573
8 -0.91888 -0.914243 0.00201364
9 -0.90808 -0.913558 0.00190332
10 -0.911168 -0.913319 0.00171908
11 -0.919072 -0.913842 0.00164055
12 -0.917184 -0.914121 0.00152329
13 -0.917704 -0.914396 0.00142807
14 -0.910784 -0.914138 0.00134708
15 -0.911592 -0.913969 0.0012655
16 -0.914648 -0.914011 0.00118453
17 -0.912968 -0.91395 0.00111436
18 -0.911008 -0.913786 0.00106326
19 -0.91468 -0.913833 0.00100685
20 -0.917936 -0.914038 0.000976959
1 -0.853584 -0.853584 0
2 -0.845424 -0.849504 0.00408
3 -0.85008 -0.849696 0.0023634
4 -0.85352 -0.850652 0.0019253
5 -0.845792 -0.84968 0.00178012
6 -0.853928 -0.850388 0.00161673
7 -0.849888 -0.850317 0.00136825
8 -0.850096 -0.850289 0.00118526
9 -0.850832 -0.850349 0.00104704
10 -0.853608 -0.850675 0.00099158
11 -0.84912 -0.850534 0.000907993
12 -0.851872 -0.850645 0.000836348
13 -0.85352 -0.850866 0.000800477
14 -0.856976 -0.851303 0.000860039
15 -0.847112 -0.851023 0.000848
16 -0.848624 -0.850873 0.000807283
17 -0.850656 -0.850861 0.000758418
18 -0.846264 -0.850605 0.000759278
19 -0.84308 -0.850209 0.000820177
20 -0.846416 -0.85002 0.00080087
1 -0.77728 -0.77728 0
2 -0.782024 -0.779652 0.002372
3 -0.780816 -0.78004 0.00142338
4 -0.786616 -0.781684 0.00192763
5 -0.78492 -0.782331 0.00162736
6 -0.779752 -0.781901 0.00139654
7 -0.782608 -0.782002 0.0011846
8 -0.781104 -0.78189 0.00103202
9 -0.780984 -0.781789 0.000915708
10 -0.783024 -0.781913 0.000828288
11 -0.784568 -0.782154 0.000787139
12 -0.78284 -0.782211 0.000720825
13 -0.78672 -0.782558 0.000748289
14 -0.783984 -0.78266 0.000700228
15 -0.781416 -0.782577 0.000657131
16 -0.781384 -0.782503 0.000619196
17 -0.7784 -0.782261 0.00062971
18 -0.784696 -0.782396 0.000608911
19 -0.783816 -0.782471 0.000580797
20 -0.78492 -0.782594 0.000564433
1 -0.726576 -0.726576 0
2 -0.717288 -0.721932 0.004644
3 -0.721776 -0.72188 0.00268172
4 -0.722752 -0.722098 0.00190875
5 -0.721328 -0.721944 0.00148651
6 -0.720912 -0.721772 0.00122586
7 -0.719808 -0.721491 0.00107336
8 -0.720328 -0.721346 0.000940863
9 -0.72536 -0.721792 0.000942031
10 -0.722048 -0.721818 0.000842967
11 -0.72228 -0.72186 0.00076365
12 -0.719424 -0.721657 0.000726061
13 -0.716592 -0.721267 0.000773203
14 -0.720008 -0.721177 0.000721474
15 -0.726344 -0.721522 0.000754832
16 -0.720968 -0.721487 0.000706928
17 -0.717816 -0.721271 0.000698272
18 -0.718672 -0.721127 0.000673986
19 -0.721424 -0.721142 0.000637719
20 -0.719296 -0.72105 0.000611996
1 -0.667296 -0.667296 0
2 -0.665768 -0.666532 0.000764
3 -0.663888 -0.665651 0.000985553
4 -0.665784 -0.665684 0.000697688
5 -0.662992 -0.665146 0.000762847
6 -0.663272 -0.664833 0.000696755
7 -0.663672 -0.664667 0.00061179
8 -0.665344 -0.664752 0.000536533
9 -0.663592 -0.664623 0.000490417
10 -0.66584 -0.664745 0.000455209
11 -0.663784 -0.664657 0.000420915
12 -0.661936 -0.664431 0.000446177
13 -0.665168 -0.664487 0.000414324
14 -0.66588 -0.664587 0.000396277
15 -0.665456 -0.664645 0.000373436
16 -0.661344 -0.664438 0.000405688
17 -0.666088 -0.664536 0.000393236
18 -0.66404 -0.664508 0.000371767
19 -0.662608 -0.664408 0.000365599
20 -0.6618 -0.664278 0.00037054
1 -0.610216 -0.610216 0
2 -0.6142 -0.612208 0.001992
3 -0.614848 -0.613088 0.00144813
4 -0.610536 -0.61245 0.00120648
5 -0.615792 -0.613118 0.00114896
6 -0.611232 -0.612804 0.000989405
7 -0.612824 -0.612807 0.000836204
8 -0.609584 -0.612404 0.000828687
9 -0.613152 -0.612487 0.000735544
10 -0.614536 -0.612692 0.000689057
11 -0.614048 -0.612815 0.000635349
12 -0.613232 -0.61285 0.00058103
13 -0.61296 -0.612858 0.000534537
14 -0.613032 -0.612871 0.00049504
15 -0.61404 -0.612949 0.000467402
16 -0.615176 -0.613088 0.000458839
17 -0.61472 -0.613184 0.000441566
18 -0.616624 -0.613375 0.000458083
19 -0.612936 -0.613352 0.000433919
20 -0.616656 -0.613517 0.000443563
1 -0.56704 -0.56704 0
2 -0.56788 -0.56746 0.00042
3 -0.567528 -0.567483 0.000243544
4 -0.56916 -0.567902 0.000453318
5 -0.5708 -0.568482 0.000677668
6 -0.569568 -0.568663 0.000582187
7 -0.569696 -0.56881 0.000513705
8 -0.56864 -0.568789 0.00044539
9 -0.569088 -0.568822 0.0003942
10 -0.567832 -0.568723 0.000366224
11 -0.56832 -0.568687 0.000333284
12 -0.56928 -0.568736 0.000308238
13 -0.564448 -0.568406 0.000434962
14 -0.570952 -0.568588 0.000441852
15 -0.570968 -0.568747 0.000440882
16 -0.571208 -0.568901 0.000440164
17 -0.566864 -0.568781 0.000430467
18 -0.568184 -0.568748 0.0004072
19 -0.565984 -0.568602 0.00041172
20 -0.566096 -0.568477 0.000410199
1 -0.526856 -0.526856 0
2 -0.530952 -0.528904 0.002048
3 -0.52704 -0.528283 0.00133572
4 -0.52608 -0.527732 0.0010933
5 -0.527544 -0.527694 0.000847703
6 -0.53228 -0.528459 0.0010311
7 -0.52892 -0.528525 0.000873929
8 -0.530744 -0.528802 0.000806089
9 -0.531936 -0.52915 0.000791608
10 -0.529288 -0.529164 0.00070817
11 -0.53072 -0.529305 0.000655996
12 -0.528552 -0.529243 0.000602123
13 -0.52684 -0.529058 0.000583895
14 -0.530272 -0.529145 0.000547494
15 -0.527336 -0.529024 0.000523756
16 -0.526048 -0.528838 0.000524048
17 -0.53128 -0.528982 0.000512788
18 -0.530952 -0.529091 0.000495699
19 -0.526952 -0.528979 0.000482211
20 -0.526048 -0.528832 0.000480359
1 -0.494544 -0.494544 0
2 -0.49344 -0.493992 0.000552
3 -0.495544 -0.494509 0.00060762
4 -0.496024 -0.494888 0.000572704
5 -0.495688 -0.495048 0.000471586
6 -0.4976 -0.495473 0.000573734
7 -0.492496 -0.495048 0.000645004
8 -0.494392 -0.494966 0.000564577
9 -0.492832 -0.494729 0.000551485
10 -0.493168 -0.494573 0.000517371
11 -0.494072 -0.494527 0.000470189
12 -0.493472 -0.494439 0.000438138
13 -0.493912 -0.494399 0.000405064
14 -0.493088 -0.494305 0.000386527
15 -0.491312 -0.494106 0.000411461
16 -0.494168 -0.494109 0.000384906
17 -0.49512 -0.494169 0.00036641
18 -0.495256 -0.494229 0.000350694
19 -0.492152 -0.49412 0.000349277
20 -0.492976 -0.494063 0.000336254
1 -0.461216 -0.461216 0
2 -0.458928 -0.460072 0.001144
3 -0.464024 -0.461389 0.00147364
4 -0.463624 -0.461948 0.00118233
5 -0.460992 -0.461757 0.000935578
6 -0.461288 -0.461679 0.000767882
7 -0.463752 -0.461975 0.000713374
8 -0.462856 -0.462085 0.000627541
9 -0.461048 -0.46197 0.000565306
10 -0.461384 -0.461911 0.000509007
11 -0.464008 -0.462102 0.000498314
12 -0.460672 -0.461983 0.000470242
13 -0.461136 -0.461918 0.000437435
14 -0.462752 -0.461977 0.000409349
15 -0.46248 -0.462011 0.000382555
16 -0.462608 -0.462048 0.00035979
17 -0.461504 -0.462016 0.000339475
18 -0.459224 -0.461861 0.000355665
19 -0.46204 -0.46187 0.000336558
20 -0.459456 -0.46175 0.000341345
