1 0.191718 0.191718 0
2 0.159386 0.175552 0.0161664
3 0.163062 0.171389 0.0102202
4 0.242289 0.189114 0.0191416
5 0.183613 0.188014 0.0148678
6 0.200791 0.190143 0.0123249
7 0.213565 0.193489 0.0109407
8 0.222428 0.197107 0.0101419
9 0.210724 0.19862 0.00907141
10 0.19883 0.198641 0.00811374
11 0.224102 0.200955 0.00769552
12 0.225101 0.202967 0.0073075
13 0.194683 0.20233 0.00675206
14 0.257326 0.206258 0.00738301
15 0.214103 0.206781 0.00689307
16 0.153523 0.203453 0.00725638
17 0.202634 0.203405 0.00681635
18 0.234644 0.20514 0.00665674
19 0.124303 0.200886 0.00759929
20 0.203791 0.201031 0.00721078
1 0.361672 0.361672 0
2 0.411742 0.386707 0.025035
3 0.372388 0.381934 0.0152217
4 0.378162 0.380991 0.0108046
5 0.353262 0.375445 0.0100399
6 0.381576 0.376467 0.00826098
7 0.421382 0.382883 0.00948242
8 0.359409 0.379949 0.00872052
9 0.405961 0.382839 0.00821594
10 0.393795 0.383935 0.00742977
11 0.359212 0.381687 0.00708635
12 0.367237 0.380483 0.00658004
13 0.364586 0.37926 0.00617505
14 0.394631 0.380358 0.00582145
15 0.391292 0.381087 0.00546827
16 0.377989 0.380894 0.00511876
17 0.386096 0.3812 0.00481797
18 0.393558 0.381886 0.00459403
19 0.377659 0.381664 0.0043512
20 0.363626 0.380762 0.00422529
1 0.415556 0.415556 0
2 0.436778 0.426167 0.010611
3 0.424266 0.425533 0.00615895
4 0.415578 0.423044 0.00501604
5 0.435588 0.425553 0.00462493
6 0.414336 0.423684 0.00421368
7 0.424952 0.423865 0.00356582
8 0.424918 0.423996 0.00309089
9 0.422718 0.423854 0.00272961
10 0.415144 0.422983 0.00259217
11 0.42704 0.423352 0.00237353
12 0.419382 0.423021 0.00219184
13 0.415198 0.42242 0.0021041
14 0.406882 0.42131 0.00224198
15 0.432416 0.42205 0.00221461
16 0.428832 0.422474 0.0021145
17 0.422836 0.422495 0.00198634
18 0.434316 0.423152 0.00198454
19 0.442756 0.424184 0.00214206
20 0.4338 0.424665 0.00208824
1 0.430049 0.430049 0
2 0.421671 0.42586 0.0041889
3 0.423891 0.425203 0.00250596
4 0.413611 0.422305 0.00339693
5 0.416745 0.421193 0.00285658
6 0.425771 0.421956 0.00245401
7 0.420875 0.421802 0.00207976
8 0.42314 0.421969 0.00180888
9 0.423556 0.422145 0.00160499
10 0.420118 0.421943 0.0014498
11 0.416933 0.421487 0.00138824
12 0.420288 0.421387 0.00127122
13 0.413404 0.420773 0.0013208
14 0.418294 0.420596 0.00123558
15 0.422691 0.420736 0.00115871
16 0.423333 0.420898 0.00109596
17 0.428069 0.42132 0.00111254
18 0.417252 0.421094 0.00107299
19 0.418427 0.420954 0.0010246
20 0.416687 0.42074 0.000995154
1 0.382554 0.382554 0
2 0.393292 0.387923 0.00536912
3 0.388254 0.388033 0.00310182
4 0.386909 0.387752 0.00221125
5 0.388476 0.387897 0.00171893
6 0.389368 0.388142 0.00142474
7 0.390182 0.388433 0.00123889
8 0.38963 0.388583 0.00108329
9 0.383628 0.388032 0.00110267
10 0.387468 0.387976 0.000987876
11 0.387127 0.387899 0.000896894
12 0.390761 0.388137 0.000852778
13 0.39389 0.38858 0.000900645
14 0.390282 0.388701 0.000842649
15 0.382698 0.388301 0.000880665
16 0.388998 0.388345 0.000824939
17 0.392925 0.388614 0.000820401
18 0.391801 0.388791 0.000793481
19 0.388126 0.388756 0.000751375
20 0.390825 0.38886 0.000720286
1 0.347977 0.347977 0
2 0.349149 0.348563 0.000585728
3 0.350587 0.349238 0.000754747
4 0.349263 0.349244 0.000533723
5 0.351561 0.349707 0.000621058
6 0.351197 0.349956 0.000564583
7 0.350931 0.350095 0.0004971
8 0.34944 0.350013 0.00043821
9 0.351144 0.350139 0.000406359
10 0.348958 0.350021 0.000382162
11 0.351 0.35011 0.000356962
12 0.352507 0.35031 0.000382242
13 0.349748 0.350266 0.000354251
14 0.349221 0.350192 0.000336368
15 0.349486 0.350145 0.000316654
16 0.35281 0.350311 0.000339824
17 0.349155 0.350243 0.000326381
18 0.35066 0.350266 0.000308586
19 0.351819 0.350348 0.000303109
20 0.352619 0.350462 0.000309159
1 0.313816 0.313816 0
2 0.311449 0.312632 0.00118367
3 0.311131 0.312132 0.000846984
4 0.313553 0.312487 0.000696323
5 0.310282 0.312046 0.000696777
6 0.313112 0.312224 0.000596008
7 0.312317 0.312237 0.000503896
8 0.314095 0.312469 0.000494328
9 0.311922 0.312409 0.000440176
10 0.311011 0.312269 0.000417769
11 0.311585 0.312207 0.000382963
12 0.311896 0.312181 0.000350557
13 0.312063 0.312172 0.000322592
14 0.311826 0.312147 0.00029968
15 0.311531 0.312106 0.000281993
16 0.310885 0.31203 0.000274606
17 0.311062 0.311973 0.00026416
18 0.309873 0.311856 0.000275019
19 0.312231 0.311876 0.000260889
20 0.309822 0.311773 0.00026796
1 0.276701 0.276701 0
2 0.276327 0.276514 0.000187005
3 0.276608 0.276545 0.000112401
4 0.275889 0.276381 0.00018229
5 0.274945 0.276094 0.000320077
6 0.275702 0.276029 0.000269402
7 0.27536 0.275933 0.000246906
8 0.275982 0.275939 0.000213914
9 0.275797 0.275923 0.000189315
10 0.27639 0.27597 0.000175652
11 0.276146 0.275986 0.00015969
12 0.275672 0.27596 0.000148112
13 0.277864 0.276106 0.000200014
14 0.274969 0.276025 0.000202214
15 0.274916 0.275951 0.000202258
16 0.274891 0.275885 0.000200458
17 0.276875 0.275943 0.000197104
18 0.276363 0.275967 0.000187287
19 0.277202 0.276032 0.000188721
20 0.27718 0.276089 0.000188021
1 0.245085 0.245085 0
2 0.243453 0.244269 0.000816055
3 0.244943 0.244494 0.000521957
4 0.245232 0.244679 0.000412629
5 0.244822 0.244707 0.000320913
6 0.243114 0.244442 0.000373103
7 0.244313 0.244423 0.000315869
8 0.243572 0.244317 0.000293515
9 0.24306 0.244177 0.000294121
10 0.24413 0.244172 0.000263112
11 0.243638 0.244124 0.000242894
12 0.244404 0.244147 0.000222958
13 0.244856 0.244202 0.000212223
14 0.243775 0.244171 0.000198833
15 0.244851 0.244217 0.000190563
16 0.245209 0.244279 0.000188738
17 0.243337 0.244223 0.000185743
18 0.243539 0.244185 0.000179201
19 0.244971 0.244227 0.000174476
20 0.24536 0.244283 0.000174949
1 0.216285 0.216285 0
2 0.21659 0.216437 0.000152403
3 0.216026 0.2163 0.000162881
4 0.215903 0.216201 0.000152068
5 0.216035 0.216168 0.000122374
6 0.215475 0.216052 0.000152667
7 0.216917 0.216176 0.000178655
8 0.216212 0.216181 0.000154786
9 0.216695 0.216238 0.000148005
10 0.216623 0.216276 0.000137863
11 0.216509 0.216297 0.00012649
12 0.216593 0.216322 0.00011807
13 0.216409 0.216329 0.000108813
14 0.216718 0.216357 0.000104502
15 0.217271 0.216418 0.000114791
16 0.216362 0.216414 0.000107433
17 0.216242 0.216404 0.000101424
18 0.216172 0.216391 9.64868e-05
19 0.216909 0.216418 9.52499e-05
20 0.216791 0.216437 9.22605e-05
1 0.192904 0.192904 0
2 0.193356 0.19313 0.0002256
3 0.192213 0.192824 0.000332298
4 0.19238 0.192713 0.000259875
5 0.192928 0.192756 0.000205844
6 0.19292 0.192784 0.000170282
7 0.192222 0.192703 0.000164781
8 0.192491 0.192677 0.000145147
9 0.192867 0.192698 0.000129744
10 0.192938 0.192722 0.000118502
11 0.19217 0.192672 0.000118355
12 0.193009 0.1927 0.000111631
13 0.192942 0.192718 0.000104367
14 0.192592 0.192709 9.70462e-05
15 0.192588 0.192701 9.07082e-05
16 0.192592 0.192695 8.5123e-05
17 0.192892 0.192706 8.07943e-05
18 0.193292 0.192739 8.28466e-05
19 0.192534 0.192728 7.90993e-05
20 0.193213 0.192752 7.88639e-05
