1 91.0652 91.0652 0
2 85.4485 88.2568 2.80833
3 83.0616 86.5251 2.3723
4 92.1287 87.926 2.1855
5 91.691 88.679 1.8528
6 93.0142 89.4015 1.67649
7 86.139 88.9355 1.49158
8 94.2076 89.5945 1.45015
9 90.4964 89.6947 1.28283
10 88.9371 89.6189 1.1499
11 92.509 89.8817 1.07279
12 87.1863 89.657 1.00475
13 92.0828 89.8436 0.94288
14 86.7559 89.6231 0.900368
15 91.1325 89.7237 0.844215
16 96.7227 90.1612 0.902753
17 87.3543 89.996 0.863913
18 91.8145 90.0971 0.820747
19 94.8667 90.3481 0.815926
20 87.7948 90.2204 0.784513
1 40.5035 40.5035 0
2 48.0324 44.268 3.76447
3 44.5357 44.3572 2.17525
4 43.8904 44.2405 1.54255
5 38.8965 43.1717 1.60312
6 43.8071 43.2776 1.31322
7 40.3458 42.8588 1.18627
8 45.3512 43.1703 1.07354
9 42.1433 43.0562 0.953628
10 48.7296 43.6235 1.0244
11 43.8772 43.6466 0.926892
12 41.7341 43.4872 0.861011
13 41.2608 43.316 0.81032
14 35.4025 42.7507 0.939318
15 44.5484 42.8706 0.882632
16 41.6673 42.7954 0.829044
17 41.4272 42.7149 0.782899
18 40.2143 42.576 0.751084
19 43.2464 42.6112 0.71133
20 46.6112 42.8112 0.703839
1 19.6265 19.6265 0
2 17.9814 18.8039 0.82257
3 18.9309 18.8463 0.476793
4 19.1343 18.9183 0.34475
5 20.0783 19.1503 0.353743
6 21.8982 19.6083 0.541459
7 19.7744 19.632 0.458231
8 20.0384 19.6828 0.400077
9 19.7862 19.6943 0.353022
10 18.8228 19.6071 0.327557
11 19.6027 19.6067 0.296287
12 18.4187 19.5077 0.288022
13 18.5637 19.4351 0.274713
14 18.9317 19.3991 0.256864
15 19.7216 19.4206 0.240092
16 19.6643 19.4359 0.225102
17 17.0573 19.296 0.253547
18 18.4291 19.2478 0.243849
19 18.5822 19.2128 0.233303
20 20.4129 19.2728 0.229321
1 9.60784 9.60784 0
2 9.56042 9.58413 0.0237095
3 9.61042 9.59289 0.0162528
4 10.2896 9.76706 0.174545
5 9.8308 9.77981 0.135802
6 10.1089 9.83465 0.123702
7 9.34219 9.7643 0.126014
8 10.1073 9.80717 0.117249
9 9.90115 9.81761 0.10393
10 10.1341 9.84925 0.0981972
11 10.1969 9.88086 0.0942773
12 9.96051 9.8875 0.0863186
13 9.78797 9.87984 0.0797698
14 9.76143 9.87138 0.0743352
15 9.4724 9.84478 0.074138
16 9.13055 9.80014 0.0824747
17 10.8662 9.86285 0.0996701
18 9.91811 9.86592 0.09402
19 9.97185 9.8715 0.0891086
20 10.1292 9.88438 0.0855125
1 6.17689 6.17689 0
2 5.50903 5.84296 0.333931
3 6.13824 5.94139 0.216466
4 5.73738 5.89039 0.161338
5 5.95813 5.90394 0.125704
6 6.20356 5.95387 0.114141
7 5.94616 5.95277 0.096473
8 5.64305 5.91406 0.0920824
9 6.00518 5.92418 0.0818378
10 6.11614 5.94338 0.0756731
11 6.20447 5.96711 0.0724473
12 5.9159 5.96284 0.0662726
13 6.18484 5.97992 0.0633086
14 6.1155 5.98961 0.059407
15 5.80755 5.97747 0.056621
16 5.66317 5.95782 0.0564895
17 6.17087 5.97036 0.0545224
18 6.17291 5.98161 0.0526215
19 6.27148 5.99687 0.0520606
20 6.22237 6.00814 0.0506597
1 4.13455 4.13455 0
2 4.14011 4.13733 0.0027808
3 4.21548 4.16338 0.0261006
4 4.06767 4.13945 0.0302174
5 4.03001 4.11756 0.0320464
6 4.30555 4.14889 0.0408199
7 4.38417 4.18251 0.0481653
8 4.27733 4.19436 0.0433638
9 4.13151 4.18738 0.0388757
10 4.17782 4.18642 0.0347846
11 3.91181 4.16146 0.0401648
12 4.24698 4.16858 0.0373516
13 4.31235 4.17964 0.0360943
14 4.43641 4.19798 0.0381191
15 4.13257 4.19362 0.0357538
16 3.86322 4.17297 0.0393061
17 4.17967 4.17337 0.0369238
18 4.08088 4.16823 0.0351892
19 4.00608 4.15969 0.0343622
20 4.29326 4.16637 0.0332759
1 3.05422 3.05422 0
2 3.03057 3.0424 0.0118257
3 2.9958 3.02686 0.0169668
4 3.34062 3.1053 0.0793503
5 2.96612 3.07747 0.0674741
6 2.90627 3.04893 0.0620423
7 3.09375 3.05534 0.0528247
8 3.21993 3.07591 0.0501612
9 3.03309 3.07115 0.0444931
10 3.10153 3.07419 0.0399116
11 3.03499 3.07063 0.0362768
12 3.07845 3.07128 0.0331224
13 3.01718 3.06712 0.0307511
14 3.14202 3.07247 0.0289683
15 3.17209 3.07911 0.0277738
16 3.22083 3.08797 0.0274484
17 3.03275 3.08472 0.025987
18 3.03659 3.08204 0.0246463
19 2.96536 3.0759 0.0241084
20 3.14799 3.07951 0.0231535
1 2.31172 2.31172 0
2 2.466 2.38886 0.0771406
3 2.32503 2.36759 0.0493584
4 2.32029 2.35576 0.0368502
5 2.42855 2.37032 0.0320417
6 2.35044 2.36701 0.0263709
7 2.4793 2.38305 0.0274603
8 2.41083 2.38652 0.0240336
9 2.52769 2.40221 0.0263684
10 2.20371 2.38236 0.0308259
11 2.28105 2.37315 0.0293646
12 2.36587 2.37254 0.026813
13 2.29617 2.36667 0.0253544
14 2.46977 2.37403 0.0246017
15 2.34204 2.3719 0.023002
16 2.49109 2.37935 0.0227694
17 2.53551 2.38853 0.0232774
18 2.30248 2.38375 0.0224608
19 2.49287 2.3895 0.0220083
20 2.3544 2.38774 0.0209526
1 1.89976 1.89976 0
2 1.94887 1.92432 0.0245506
3 1.89516 1.9146 0.0171864
4 1.97129 1.92877 0.0186709
5 1.98253 1.93952 0.0180209
6 1.90423 1.93364 0.0158464
7 1.98847 1.94147 0.0155151
8 1.95721 1.94344 0.0135797
9 1.97136 1.94654 0.0123715
10 1.90521 1.94241 0.011812
11 1.89527 1.93812 0.0115118
12 1.99131 1.94256 0.0114054
13 1.88064 1.93779 0.0115219
14 2.02927 1.94433 0.0125093
15 1.90048 1.9414 0.0120068
16 1.86142 1.9364 0.0122937
17 1.89407 1.93391 0.0118134
18 1.87439 1.93061 0.0116183
19 1.91133 1.92959 0.0110366
20 2.07635 1.93693 0.0127855
1 1.6161 1.6161 0
2 1.66752 1.64181 0.0257103
3 1.63599 1.63987 0.01497
4 1.70327 1.65572 0.0190595
5 1.67276 1.65913 0.0151515
6 1.6436 1.65654 0.012639
7 1.66365 1.65755 0.0107301
8 1.64909 1.6565 0.0093526
9 1.62217 1.65268 0.00908749
10 1.59102 1.64652 0.0102024
11 1.61003 1.6432 0.00980631
12 1.65022 1.64378 0.00897099
13 1.63831 1.64336 0.00826285
14 1.57197 1.63826 0.00919379
15 1.65564 1.63942 0.00863697
16 1.62054 1.63824 0.00816486
17 1.62461 1.63744 0.00771136
18 1.60941 1.63588 0.00743518
19 1.66531 1.63743 0.0072015
20 1.62021 1.63657 0.00688598
1 1.38713 1.38713 0
2 1.38527 1.3862 0.000928
3 1.35886 1.37709 0.0091304
4 1.28081 1.35302 0.0249202
5 1.32783 1.34798 0.0199494
6 1.35927 1.34986 0.016397
7 1.35854 1.3511 0.0139134
8 1.35099 1.35109 0.0120494
9 1.34734 1.35067 0.0106347
10 1.38686 1.35429 0.0101772
11 1.40231 1.35866 0.0101882
12 1.35432 1.35829 0.0093075
13 1.37802 1.35981 0.00869513
14 1.36769 1.36037 0.00806975
15 1.38827 1.36223 0.00773925
16 1.37338 1.36293 0.00727285
17 1.37444 1.36361 0.00686509
18 1.38296 1.36468 0.00656112
19 1.35268 1.36405 0.00623824
20 1.33803 1.36275 0.00605942
