1 0.906532 0.906532 0
2 0.848304 0.877418 0.029114
3 0.832584 0.862473 0.0224919
4 0.936956 0.881094 0.0244882
5 0.817344 0.868344 0.0228553
6 0.955028 0.882791 0.0236002
7 0.704756 0.857358 0.0323219
8 0.940492 0.867749 0.0298583
9 0.925024 0.874113 0.0270906
10 0.86518 0.87322 0.024247
11 0.747548 0.861795 0.0247295
12 0.896512 0.864688 0.0227595
13 0.942264 0.870656 0.0217695
14 0.86338 0.870136 0.0201614
15 0.923676 0.873705 0.0191056
16 0.979252 0.880302 0.0190502
17 0.78498 0.874695 0.0187525
18 0.925444 0.877514 0.0179034
19 0.958112 0.881756 0.0174581
20 0.900556 0.882696 0.0165889
1 0.555824 0.555824 0
2 0.65712 0.606472 0.050648
3 0.578312 0.597085 0.0307113
4 0.583216 0.593618 0.0219912
5 0.521732 0.579241 0.0222906
6 0.580152 0.579393 0.0182009
7 0.547016 0.574767 0.0160628
8 0.57766 0.575129 0.0139155
9 0.527456 0.569832 0.0133667
10 0.663436 0.579192 0.0151839
11 0.643724 0.585059 0.0149348
12 0.534388 0.580836 0.0142725
13 0.58256 0.580969 0.0131295
14 0.445356 0.571282 0.0155431
15 0.607004 0.573664 0.0146645
16 0.504872 0.569364 0.0143754
17 0.50828 0.565771 0.0139732
18 0.47518 0.560738 0.0141027
19 0.554368 0.560403 0.013344
20 0.641964 0.564481 0.0132999
1 0.30468 0.30468 0
2 0.29868 0.30168 0.003
3 0.273164 0.292175 0.00966185
4 0.313136 0.297415 0.00861027
5 0.318104 0.301553 0.00784879
6 0.378228 0.314332 0.014296
7 0.336116 0.317444 0.0124767
8 0.302196 0.315538 0.010972
9 0.34284 0.318572 0.0101407
10 0.256972 0.312412 0.0109641
11 0.316504 0.312784 0.00992442
12 0.312304 0.312744 0.0090598
13 0.364996 0.316763 0.00925246
14 0.34792 0.318989 0.00885049
15 0.341776 0.320508 0.00837823
16 0.29662 0.319015 0.00797806
17 0.285008 0.317014 0.00775647
18 0.261428 0.313926 0.00793818
19 0.277084 0.311987 0.0077551
20 0.362392 0.314507 0.00777682
1 0.185212 0.185212 0
2 0.162952 0.174082 0.01113
3 0.178772 0.175645 0.00661334
4 0.189596 0.179133 0.00583369
5 0.165244 0.176355 0.00530428
6 0.180064 0.176973 0.00437481
7 0.139404 0.171606 0.00651735
8 0.177224 0.172309 0.00568771
9 0.144236 0.169189 0.0059068
10 0.201144 0.172385 0.00617441
11 0.189424 0.173934 0.00579579
12 0.199572 0.17607 0.00570591
13 0.156396 0.174557 0.00546251
14 0.179856 0.174935 0.00507144
15 0.157264 0.173757 0.00486602
16 0.116172 0.170158 0.00580274
17 0.218132 0.17298 0.00613792
18 0.197448 0.17434 0.00594439
19 0.165244 0.173861 0.00564317
20 0.168628 0.173599 0.00535997
1 0.108132 0.108132 0
2 0.088968 0.09855 0.009582
3 0.102768 0.099956 0.00570804
4 0.091584 0.097863 0.00454659
5 0.087732 0.0958368 0.00406305
6 0.09316 0.0953907 0.00334733
7 0.12914 0.100212 0.00559004
8 0.091052 0.099067 0.00497468
9 0.116288 0.10098 0.00478636
10 0.115236 0.102406 0.00451217
11 0.11632 0.103671 0.00427292
12 0.127448 0.105652 0.00437504
13 0.103064 0.105453 0.00402937
14 0.099228 0.105009 0.00375688
15 0.115224 0.10569 0.00356315
16 0.097336 0.105168 0.00337367
17 0.121464 0.106126 0.00331083
18 0.106876 0.106168 0.00312175
19 0.126068 0.107215 0.00313313
20 0.110784 0.107394 0.0029777
1 0.082348 0.082348 0
2 0.066512 0.07443 0.007918
3 0.08082 0.07656 0.00504333
4 0.0792 0.07722 0.00362673
5 0.074524 0.0766808 0.00286053
6 0.074872 0.0763793 0.00235499
7 0.083716 0.0774274 0.00224943
8 0.104796 0.0808485 0.00393683
9 0.07 0.0796431 0.00367525
10 0.0868 0.0803588 0.00336425
11 0.054384 0.0779975 0.00385179
12 0.088828 0.0789 0.00363017
13 0.083208 0.0792314 0.00335568
14 0.084284 0.0795923 0.00312765
15 0.05376 0.0778701 0.00338285
16 0.078832 0.0779303 0.00316494
17 0.10292 0.0794002 0.00331651
18 0.07976 0.0794202 0.0031269
19 0.048392 0.0777872 0.00337864
20 0.07476 0.0776358 0.00320883
1 0.046932 0.046932 0
2 0.056128 0.05153 0.004598
3 0.0427 0.0485867 0.00396364
4 0.080496 0.056564 0.00845536
5 0.030076 0.0512664 0.0084238
6 0.067232 0.0539273 0.00737479
7 0.05092 0.0534977 0.00624762
8 0.063944 0.0548035 0.00556594
9 0.062324 0.0556391 0.00497931
10 0.063228 0.056398 0.00451783
11 0.053824 0.056164 0.00409322
12 0.056848 0.056221 0.00373702
13 0.041608 0.0550969 0.00361668
14 0.070404 0.0561903 0.00352238
15 0.061844 0.0565672 0.00330075
16 0.039884 0.0555245 0.00325888
17 0.058488 0.0556988 0.00306614
18 0.072564 0.0566358 0.00303884
19 0.045072 0.0560272 0.00293818
20 0.073288 0.0568902 0.00291795
1 0.045496 0.045496 0
2 0.03848 0.041988 0.003508
3 0.04458 0.042852 0.00220193
4 0.037912 0.041617 0.00198733
5 0.029164 0.0391264 0.00292793
6 0.052208 0.0413067 0.00323554
7 0.048008 0.042264 0.00289727
8 0.034028 0.0412345 0.0027121
9 0.047688 0.0419516 0.00249702
10 0.04334 0.0420904 0.00223771
11 0.062144 0.0439135 0.00272405
12 0.0524 0.0446207 0.00258532
13 0.04552 0.0446898 0.00237915
14 0.052908 0.0452769 0.00227954
15 0.041288 0.0450109 0.00213874
16 0.063208 0.0461483 0.00230128
17 0.041588 0.04588 0.00217826
18 0.047648 0.0459782 0.00205603
19 0.05004 0.046192 0.00195653
20 0.050732 0.046419 0.00186995
1 0.041824 0.041824 0
2 0.037 0.039412 0.002412
3 0.036012 0.0382787 0.00179546
4 0.03668 0.037879 0.00133101
5 0.036564 0.037616 0.00106401
6 0.033016 0.0368493 0.00115867
7 0.05552 0.0395166 0.00284132
8 0.041236 0.0397315 0.00247002
9 0.026288 0.0382378 0.0026413
10 0.0388 0.038294 0.00236312
11 0.017472 0.0364011 0.00285519
12 0.035848 0.036355 0.00260682
13 0.028168 0.0357252 0.00247925
14 0.042472 0.0362071 0.00234538
15 0.03128 0.0358787 0.002208
16 0.038156 0.036021 0.0020703
17 0.03796 0.0361351 0.00194805
18 0.045752 0.0366693 0.00191277
19 0.043148 0.0370103 0.00184115
20 0.032856 0.0368026 0.00175897
1 0.040284 0.040284 0
2 0.037648 0.038966 0.001318
3 0.04318 0.0403707 0.00159754
4 0.033508 0.038655 0.00205416
5 0.03574 0.038072 0.00169459
6 0.032864 0.037204 0.00163335
7 0.034544 0.036824 0.00143178
8 0.03674 0.0368135 0.00124001
9 0.02884 0.0359276 0.00140742
10 0.029724 0.0353072 0.00140339
11 0.025312 0.0343985 0.00156111
12 0.044188 0.0352143 0.00164207
13 0.02882 0.0347225 0.00158855
14 0.03096 0.0344537 0.00149507
15 0.035872 0.0345483 0.00139504
16 0.02428 0.0339065 0.00145421
17 0.025572 0.0334162 0.00145131
18 0.035956 0.0335573 0.00137556
19 0.017172 0.0326949 0.001561
20 0.029576 0.032539 0.00148908
1 0.025488 0.025488 0
2 0.035448 0.030468 0.00498
3 0.03384 0.031592 0.0030871
4 0.030424 0.0313 0.00220235
5 0.0296 0.03096 0.00173949
6 0.020824 0.0292707 0.00220705
7 0.034792 0.0300594 0.00202521
8 0.029476 0.0299865 0.0017554
9 0.03068 0.0300636 0.00155003
10 0.024088 0.029466 0.00150969
11 0.031524 0.0296531 0.00137832
12 0.032112 0.029858 0.0012748
13 0.03668 0.0303828 0.00128471
14 0.033912 0.0306349 0.00121583
15 0.02394 0.0301885 0.0012167
16 0.029844 0.030167 0.00113832
17 0.03786 0.0306195 0.00116108
18 0.027236 0.0304316 0.0011107
19 0.021244 0.029948 0.00115656
20 0.03336 0.0301186 0.00111039
