1 79.807 79.807 0
2 83.6825 81.7448 1.93774
3 84.9248 82.8048 1.54119
4 71.4858 79.975 3.03234
5 80.345 80.049 2.35001
6 79.1491 79.899 1.92463
7 76.2622 79.3795 1.70756
8 75.3268 78.8729 1.56315
9 75.6371 78.5134 1.42468
10 79.8087 78.6429 1.28084
11 75.1675 78.327 1.20087
12 75.1675 78.0637 1.12742
13 78.729 78.1149 1.03834
14 72.1756 77.6906 1.05076
15 78.5564 77.7483 0.979904
16 84.001 78.1391 0.996445
17 78.8985 78.1838 0.937062
18 74.8464 77.9984 0.902717
19 88.3463 78.543 1.01279
20 79.2749 78.5796 0.961512
1 35.4333 35.4333 0
2 28.915 32.1742 3.25915
3 32.2497 32.1993 1.88184
4 33.4153 32.5033 1.36494
5 37.5454 33.5117 1.46107
6 31.5031 33.177 1.23905
7 26.439 32.2144 1.42237
8 36.8488 32.7937 1.36123
9 30.4493 32.5332 1.22843
10 31.5004 32.4299 1.10358
11 35.1491 32.6771 1.02838
12 34.3189 32.8139 0.948694
13 36.315 33.0832 0.913282
14 30.9504 32.9309 0.85915
15 33.2978 32.9554 0.800199
16 33.8191 33.0093 0.750462
17 31.0413 32.8936 0.714379
18 31.6511 32.8245 0.677051
19 34.2582 32.9 0.644856
20 36.1989 33.0649 0.63361
1 14.9304 14.9304 0
2 14.4983 14.7144 0.21608
3 15.439 14.9559 0.271867
4 16.9102 15.4445 0.525038
5 14.1394 15.1835 0.483249
6 16.6051 15.4204 0.460246
7 15.9653 15.4983 0.396693
8 15.0647 15.4441 0.347794
9 15.4218 15.4416 0.306736
10 16.3853 15.536 0.29013
11 16.546 15.6278 0.278032
12 17.4282 15.7778 0.294835
13 17.4159 15.9038 0.299052
14 16.7449 15.9639 0.283311
15 14.2981 15.8528 0.286175
16 13.7363 15.7206 0.298593
17 16.8468 15.7868 0.288197
18 15.6889 15.7814 0.27177
19 14.2764 15.7022 0.268995
20 15.6913 15.7016 0.255192
1 7.65208 7.65208 0
2 8.30676 7.97942 0.327339
3 8.42376 8.12753 0.240112
4 8.93427 8.32922 0.263636
5 9.23001 8.50938 0.272322
6 8.4063 8.4922 0.223013
7 7.99768 8.42155 0.201285
8 8.83353 8.47305 0.181765
9 8.44956 8.47044 0.160323
10 8.70028 8.49342 0.145228
11 9.38448 8.57443 0.154331
12 8.71159 8.58586 0.141347
13 9.19497 8.63271 0.138206
14 9.08907 8.66531 0.13204
15 8.54899 8.65756 0.123167
16 8.22758 8.63068 0.118305
17 8.21639 8.60631 0.113769
18 8.57047 8.60432 0.107281
19 8.62906 8.60562 0.101486
20 8.44511 8.5976 0.096612
1 5.68832 5.68832 0
2 5.84919 5.76876 0.0804364
3 5.42375 5.65375 0.124026
4 5.80915 5.6926 0.0959193
5 5.99233 5.75255 0.0954667
6 5.29649 5.67654 0.108874
7 5.56774 5.661 0.0933185
8 5.47299 5.63749 0.0841638
9 5.99916 5.67768 0.0844056
10 5.67961 5.67787 0.0754949
11 5.80584 5.68951 0.0692715
12 5.40926 5.66615 0.0674106
13 5.893 5.6836 0.0644172
14 5.64726 5.68101 0.0596952
15 5.9497 5.69892 0.0583889
16 5.23228 5.66975 0.0619169
17 5.16989 5.64035 0.065171
18 5.32844 5.62302 0.0638406
19 5.56807 5.62013 0.0604564
20 5.39285 5.60877 0.0584689
1 3.82996 3.82996 0
2 4.0371 3.93353 0.103568
3 4.00337 3.95681 0.064167
4 3.93764 3.95202 0.0456254
5 3.83837 3.92929 0.0420199
6 3.71746 3.89398 0.0492296
7 4.04648 3.91577 0.0469651
8 4.15222 3.94533 0.0502782
9 3.88376 3.93849 0.0448658
10 4.13796 3.95843 0.0448135
11 4.01706 3.96376 0.0408842
12 3.88626 3.9573 0.0378767
13 4.07041 3.966 0.0359114
14 4.03555 3.97097 0.0336165
15 4.00957 3.97354 0.0314009
16 3.79206 3.9622 0.0314868
17 3.85729 3.95603 0.0302136
18 3.85744 3.95055 0.0290075
19 3.99436 3.95286 0.027535
20 3.91533 3.95098 0.0261893
1 2.83157 2.83157 0
2 2.96397 2.89777 0.0662
3 2.8609 2.88548 0.0401478
4 2.83891 2.87384 0.0306837
5 3.16973 2.93302 0.063772
6 2.97339 2.93975 0.0525027
7 2.91236 2.93583 0.044545
8 2.95959 2.9388 0.0386913
9 3.07258 2.95367 0.0372193
10 3.05971 2.96427 0.0349382
11 3.12916 2.97926 0.0349776
12 3.10838 2.99002 0.0336943
13 2.74151 2.97091 0.0364154
14 2.92798 2.96784 0.0338533
15 3.07991 2.97531 0.0323892
16 2.93306 2.97267 0.0304122
17 3.07611 2.97875 0.0292081
18 3.11344 2.98624 0.0285362
19 3.13131 2.99387 0.0280517
20 3.12517 3.00044 0.0274099
1 2.37778 2.37778 0
2 2.37791 2.37785 6.70968e-05
3 2.36778 2.37449 0.00335506
4 2.37046 2.37349 0.00257755
5 2.43881 2.38655 0.0132172
6 2.37019 2.38382 0.011131
7 2.50277 2.40082 0.0194222
8 2.39153 2.39965 0.0168602
9 2.37115 2.39649 0.0152027
10 2.21854 2.37869 0.022395
11 2.45738 2.38585 0.0214829
12 2.41869 2.38858 0.0198012
13 2.36435 2.38672 0.0183097
14 2.31898 2.38188 0.0176284
15 2.40056 2.38313 0.0164583
16 2.33445 2.38008 0.015693
17 2.35726 2.37874 0.014802
18 2.34998 2.37714 0.0140467
19 2.30177 2.37318 0.0138665
20 2.36595 2.37281 0.0131599
1 1.87421 1.87421 0
2 1.95802 1.91612 0.0419082
3 1.90229 1.91151 0.0246309
4 1.87013 1.90116 0.0202572
5 1.88132 1.89719 0.016185
6 1.91008 1.89934 0.0133885
7 1.91438 1.90149 0.0115174
8 1.87905 1.89869 0.0103611
9 1.99187 1.90904 0.0138096
10 1.89424 1.90756 0.0124401
11 1.9204 1.90873 0.0113128
12 1.90246 1.9082 0.0103404
13 1.88767 1.90662 0.00964207
14 1.89097 1.90551 0.00899655
15 1.88239 1.90397 0.00851599
16 1.91051 1.90437 0.00797648
17 1.9502 1.90707 0.0079627
18 1.98896 1.91162 0.00877836
19 1.9639 1.91437 0.00874748
20 1.87403 1.91235 0.00854016
1 1.55848 1.55848 0
2 1.54525 1.55187 0.00661405
3 1.65185 1.5852 0.0335463
4 1.65162 1.6018 0.0289557
5 1.55796 1.59303 0.0240821
6 1.58876 1.59232 0.0196759
7 1.56934 1.58904 0.0169502
8 1.59699 1.59003 0.0147129
9 1.59578 1.59067 0.0129912
10 1.55954 1.58756 0.0120295
11 1.52298 1.58168 0.012364
12 1.58656 1.58209 0.011294
13 1.59795 1.58331 0.0104603
14 1.58546 1.58346 0.00968561
15 1.55837 1.58179 0.00917071
16 1.63437 1.58508 0.00918619
17 1.50049 1.5801 0.00996064
18 1.65572 1.5843 0.0102879
19 1.63725 1.58709 0.0101226
20 1.64944 1.59021 0.0100965
1 1.33878 1.33878 0
2 1.33383 1.3363 0.002472
3 1.35565 1.34275 0.00660406
4 1.38274 1.35275 0.011033
5 1.33318 1.34883 0.00939959
6 1.30241 1.3411 0.0108984
7 1.35737 1.34342 0.00949957
8 1.37418 1.34727 0.0090812
9 1.28962 1.34086 0.0102549
10 1.3615 1.34293 0.00940147
11 1.38352 1.34662 0.00927034
12 1.35536 1.34734 0.00849393
13 1.33852 1.34667 0.00784274
14 1.30233 1.3435 0.00792146
15 1.37354 1.3455 0.00764166
16 1.4053 1.34924 0.00806609
17 1.3228 1.34768 0.00773479
18 1.3468 1.34763 0.00729259
19 1.35126 1.34783 0.00690073
20 1.36423 1.34865 0.00659781
