1 -0.399876 -0.399876 0
2 0.485 0.042562 0.442438
3 0.408592 0.164572 0.283085
4 -0.337 0.039179 0.236203
5 0.632276 0.157798 0.21805
6 -0.202424 0.0977613 0.187887
7 -0.195888 0.0558114 0.164241
8 0.1736 0.070535 0.142997
9 0.339476 0.100417 0.129604
10 -0.056604 0.0847152 0.11698
11 0.428764 0.115992 0.110338
12 -0.32206 0.079488 0.107135
13 0.416864 0.10544 0.10191
14 0.191732 0.111604 0.0945513
15 0.553828 0.141085 0.0928284
16 -0.09064 0.126602 0.0880326
17 -0.07814 0.114559 0.0835646
18 -0.281992 0.0925282 0.0818077
19 0.550384 0.116626 0.0810477
20 -0.249816 0.0983038 0.0790415
1 -0.13612 -0.13612 0
2 0.140384 0.002132 0.138252
3 -0.004772 -0.000169333 0.079853
4 -0.028872 -0.007345 0.0569187
5 0.23794 0.041712 0.0659578
6 -0.00754 0.0335033 0.0544763
7 0.013408 0.0306326 0.0461303
8 -0.017428 0.024625 0.0403992
9 -0.065552 0.0146053 0.0370108
10 0.011336 0.0142784 0.0331051
11 0.049188 0.017452 0.0301124
12 0.106112 0.0248403 0.0284643
13 0.138584 0.0335898 0.0276066
14 0.043404 0.0342909 0.0255683
15 0.018968 0.0332693 0.0238247
16 0.065868 0.0353067 0.0223789
17 0.028144 0.0348854 0.0210256
18 0.08236 0.0375229 0.0199978
19 0.10528 0.0410891 0.0192492
20 -0.157052 0.031182 0.0207757
1 0.02324 0.02324 0
2 -0.042304 -0.009532 0.032772
3 0.022712 0.001216 0.0217605
4 -0.008276 -0.001157 0.0155689
5 -0.061832 -0.013292 0.0171083
6 -0.035076 -0.0169227 0.014433
7 0.05764 -0.00627086 0.0161943
8 0.04768 0.000473 0.0155618
9 0.029592 0.00370844 0.0141005
10 -0.01208 0.0021296 0.0127103
11 0.010076 0.002852 0.0115195
12 -0.074752 -0.003615 0.0123453
13 -0.060144 -0.00796338 0.0121601
14 5.2e-05 -0.00739086 0.0112726
15 0.02246 -0.0054008 0.0106812
16 0.009788 -0.0044515 0.0100364
17 -0.0387 -0.00646612 0.00964037
18 -0.036976 -0.00816111 0.00924573
19 0.0728 -0.0039 0.00972843
20 0.058716 -0.0007692 0.00974577
1 0.011492 0.011492 0
2 -0.02756 -0.008034 0.019526
3 0.031508 0.00514667 0.0173441
4 0.0319 0.011835 0.0139694
5 0.035832 0.0166344 0.0118372
6 0.036824 0.0199993 0.0102341
7 -0.015988 0.0148583 0.0100619
8 0.025032 0.01613 0.00880617
9 0.019476 0.0165018 0.00777521
10 0.008952 0.0157468 0.00699522
11 -0.051932 0.00959418 0.00882558
12 0.00662 0.00934633 0.00806043
13 -0.010396 0.00782769 0.00756844
14 0.063036 0.0117711 0.00804046
15 -0.000628 0.0109445 0.00753077
16 0.053076 0.0135777 0.00752045
17 0.022256 0.0140882 0.00708266
18 0.01246 0.0139978 0.00667821
19 0.00522 0.0135358 0.00633382
20 -0.007084 0.0125048 0.0060966
1 -0.011968 -0.011968 0
2 0.011552 -0.000208 0.01176
3 0.000148 -8.93333e-05 0.00679068
4 -0.008232 -0.002125 0.00521542
5 -0.001376 -0.0019752 0.00404262
6 -0.014916 -0.004132 0.00394297
7 0.010256 -0.00207657 0.00391533
8 0.000872 -0.001708 0.00341074
9 -0.03546 -0.00545822 0.00480751
10 -0.00192 -0.0051044 0.0043145
11 -0.016388 -0.00613018 0.00403517
12 0.002676 -0.00539633 0.00375598
13 0.004948 -0.00460062 0.00354545
14 -0.000232 -0.00428857 0.00329724
15 0.018904 -0.0027424 0.00343699
16 0.001728 -0.002463 0.00322713
17 0.004424 -0.00205788 0.00305831
18 0.025992 -0.000499556 0.00327756
19 0.009108 6.10526e-06 0.00314123
20 -0.005524 -0.0002704 0.00299283
1 -0.001344 -0.001344 0
2 0.009796 0.004226 0.00557
3 5.2e-05 0.00283467 0.00350392
4 -0.003408 0.001274 0.00292821
5 -0.031556 -0.005292 0.00694673
6 0.006684 -0.003296 0.00601293
7 0.008932 -0.00154914 0.00537371
8 0.007132 -0.000464 0.00477861
9 -0.001212 -0.000547111 0.00421516
10 -0.027456 -0.003238 0.00463195
11 0.013864 -0.00168327 0.00446891
12 0.016288 -0.000185667 0.00434574
13 0.000796 -0.000110154 0.00399822
14 -0.007632 -0.000647429 0.00374042
15 0.013272 0.000280533 0.00360367
16 0.020912 0.00157 0.00360913
17 -0.023984 6.68235e-05 0.00370849
18 -0.00974 -0.000478 0.00353859
19 -0.004808 -0.000705895 0.00335492
20 0.020756 0.0003672 0.00335879
1 0.002484 0.002484 0
2 0.001052 0.001768 0.000716
3 0.004904 0.00281333 0.0011241
4 -0.0111 -0.000665 0.003568
5 0.007784 0.0010248 0.00323941
6 -0.008496 -0.000562 0.00308444
7 0.002036 -0.000190857 0.00263312
8 -0.01918 -0.0025645 0.00329153
9 0.00038 -0.00223733 0.00292123
10 -0.007056 -0.0027192 0.00265689
11 0.0023 -0.00226291 0.00244618
12 0.015564 -0.000777333 0.00268206
13 -0.004552 -0.00106769 0.00248416
14 -0.006448 -0.001452 0.00233178
15 0.011972 -0.000557067 0.00234801
16 -0.001012 -0.0005855 0.00219654
17 0.0105 6.65882e-05 0.00216388
18 0.007584 0.000484222 0.00208244
19 0.015392 0.00126884 0.00212031
20 -0.001632 0.0011238 0.00201672
1 0.00974 0.00974 0
2 0.00698 0.00836 0.00138
3 -0.002544 0.00472533 0.00372097
4 -0.000148 0.003507 0.00289951
5 0.00844 0.0044936 0.00245309
6 -0.014024 0.00140733 0.00367924
7 -0.0019 0.000934857 0.00314522
8 0.010624 0.002146 0.00298097
9 0.000332 0.00194444 0.00263668
10 -0.002556 0.0014944 0.00240088
11 0.008444 0.00212618 0.00226171
12 -0.004224 0.001597 0.00213138
13 -0.005232 0.00107169 0.00202974
14 0.005812 0.00141029 0.00190944
15 0.009176 0.001928 0.00185145
16 0.004136 0.002066 0.00173736
17 -0.009528 0.001384 0.00176874
18 0.009816 0.00185244 0.00173213
19 0.001916 0.00185579 0.00163843
20 -0.00128 0.001699 0.00156224
1 -0.00434 -0.00434 0
2 0.00348 -0.00043 0.00391
3 -0.010376 -0.00374533 0.00401092
4 0.002632 -0.002151 0.00325356
5 0.008492 -2.24e-05 0.00329884
6 0.01954 0.003238 0.00422908
7 0.000852 0.00289714 0.00359044
8 0.005996 0.0032845 0.00313345
9 0.013388 0.00440711 0.00298276
10 -0.006184 0.003348 0.0028704
11 0.003652 0.00337564 0.00259652
12 -0.004696 0.002703 0.00246388
13 -0.009532 0.00176185 0.00245408
14 -0.002808 0.00143543 0.00229537
15 -0.005756 0.000956 0.00218999
16 0.002896 0.00107725 0.00205214
17 0.003404 0.00121412 0.0019325
18 -0.009044 0.000644222 0.00190903
19 0.001752 0.000702526 0.0018067
20 0.009544 0.0011446 0.00177008
1 -0.002748 -0.002748 0
2 -0.015584 -0.009166 0.006418
3 0.00314 -0.005064 0.00552781
4 -0.005556 -0.005187 0.00391068
5 8e-05 -0.0041336 0.00320714
6 0.001904 -0.00312733 0.0028053
7 -0.000444 -0.002744 0.0024017
8 -0.001412 -0.0025775 0.00208659
9 0.007884 -0.00141511 0.00217657
10 0.006372 -0.0006364 0.00209675
11 0.002752 -0.000328364 0.00192144
12 0.000108 -0.000292 0.0017544
13 0.001784 -0.000132308 0.0016217
14 0.00476 0.000217143 0.00154153
15 -0.01406 -0.000734667 0.00172204
16 -0.004612 -0.000977 0.00162894
17 0.0029 -0.000748941 0.00154703
18 -0.005888 -0.00103444 0.00148623
19 0.004372 -0.000749895 0.00143434
20 0.007792 -0.0003228 0.00142619
1 0.00104 0.00104 0
2 0.001752 0.001396 0.000356
3 -0.001064 0.000576 0.000845367
4 -0.008328 -0.00165 0.00230486
5 -0.005908 -0.0025016 0.00197804
6 0.000808 -0.00195 0.00170666
7 -0.012664 -0.00348057 0.00210313
8 0.003832 -0.0025665 0.00203786
9 -0.002288 -0.00253556 0.00179749
10 -0.007368 -0.0030188 0.00167878
11 0.005508 -0.00224364 0.00170493
12 0.001496 -0.001932 0.00158727
13 -0.000708 -0.00183785 0.00146311
14 -0.001956 -0.00184629 0.0013546
15 0.009064 -0.00111893 0.00145579
16 -0.001624 -0.0011505 0.00136213
17 0.00118 -0.00101341 0.00128682
18 -0.001256 -0.00102689 0.0012133
19 0.009128 -0.000492421 0.00126602
20 0.002416 -0.000347 0.00120982
