1 -1.00424 -1.00424 0
2 -0.99827 -1.00126 0.00298628
3 -0.995948 -0.999487 0.00247062
4 -1.00537 -1.00096 0.00228387
5 -1.0036 -1.00149 0.00184648
6 -1.00608 -1.00225 0.0016906
7 -0.996391 -1.00141 0.00165605
8 -1.00847 -1.0023 0.00168337
9 -1.00398 -1.00248 0.00149635
10 -1.0017 -1.00241 0.00134064
11 -1.00357 -1.00251 0.00121725
12 -1.00023 -1.00232 0.00112738
13 -1.00665 -1.00265 0.0010891
14 -0.997956 -1.00232 0.00106267
15 -1.00381 -1.00242 0.000994279
16 -1.01261 -1.00305 0.00112729
17 -0.999388 -1.00284 0.00108065
18 -1.00573 -1.003 0.00103146
19 -1.01146 -1.00344 0.00107244
20 -1.00308 -1.00343 0.00101757
1 -0.938372 -0.938372 0
2 -0.946062 -0.942217 0.00384496
3 -0.94275 -0.942395 0.00222698
4 -0.941744 -0.942232 0.00158309
5 -0.931315 -0.940049 0.00250431
6 -0.943843 -0.940681 0.00214031
7 -0.935092 -0.939883 0.00197726
8 -0.941089 -0.940034 0.00171899
9 -0.936829 -0.939678 0.00155725
10 -0.950813 -0.940791 0.00178324
11 -0.943786 -0.941063 0.00163583
12 -0.933688 -0.940449 0.00161484
13 -0.934691 -0.940006 0.00155006
14 -0.926707 -0.939056 0.00172098
15 -0.941764 -0.939236 0.00161228
16 -0.935537 -0.939005 0.00152577
17 -0.937886 -0.938939 0.00143472
18 -0.933128 -0.938617 0.00139067
19 -0.939719 -0.938675 0.00131672
20 -0.945223 -0.939002 0.00129136
1 -0.86483 -0.86483 0
2 -0.857182 -0.861006 0.003824
3 -0.862879 -0.86163 0.00229443
4 -0.863599 -0.862122 0.00169541
5 -0.861474 -0.861993 0.00131964
6 -0.866501 -0.862744 0.00131356
7 -0.865562 -0.863147 0.00118092
8 -0.86366 -0.863211 0.00102471
9 -0.865569 -0.863473 0.000940927
10 -0.863051 -0.863431 0.000842645
11 -0.859434 -0.863067 0.000844366
12 -0.859022 -0.86273 0.000841288
13 -0.864324 -0.862853 0.000783523
14 -0.861174 -0.862733 0.000735241
15 -0.864244 -0.862834 0.000691841
16 -0.866172 -0.863042 0.000679969
17 -0.857724 -0.862729 0.000711215
18 -0.864613 -0.862834 0.000678652
19 -0.86351 -0.86287 0.000642925
20 -0.862208 -0.862837 0.000610829
1 -0.789224 -0.789224 0
2 -0.787931 -0.788578 0.0006466
3 -0.788647 -0.788601 0.000374039
4 -0.791576 -0.789345 0.000789381
5 -0.788521 -0.78918 0.000633259
6 -0.788041 -0.78899 0.000550779
7 -0.786748 -0.78867 0.000565042
8 -0.786208 -0.788362 0.000578027
9 -0.789181 -0.788453 0.000517821
10 -0.789519 -0.78856 0.000475257
11 -0.788428 -0.788548 0.000430052
12 -0.790031 -0.788671 0.000411591
13 -0.788104 -0.788628 0.000381117
14 -0.790085 -0.788732 0.000367881
15 -0.786665 -0.788594 0.000369151
16 -0.785563 -0.788405 0.000393848
17 -0.792139 -0.788624 0.000430246
18 -0.792221 -0.788824 0.000452183
19 -0.791641 -0.788972 0.000452686
20 -0.791349 -0.789091 0.000445587
1 -0.725795 -0.725795 0
2 -0.720379 -0.723087 0.00270764
3 -0.723903 -0.723359 0.00158676
4 -0.721616 -0.722923 0.0012037
5 -0.727619 -0.723862 0.00132333
6 -0.723847 -0.72386 0.00108049
7 -0.723527 -0.723812 0.000914423
8 -0.724125 -0.723851 0.000792878
9 -0.721526 -0.723593 0.000745469
10 -0.726473 -0.723881 0.000726299
11 -0.72219 -0.723727 0.000674699
12 -0.725085 -0.72384 0.000626219
13 -0.723493 -0.723814 0.000576656
14 -0.725945 -0.723966 0.000555152
15 -0.723056 -0.723905 0.000520363
16 -0.727275 -0.724116 0.000530357
17 -0.728829 -0.724393 0.000570141
18 -0.727506 -0.724566 0.00056466
19 -0.727137 -0.724701 0.000550994
20 -0.727608 -0.724847 0.000542542
1 -0.666535 -0.666535 0
2 -0.668922 -0.667729 0.00119364
3 -0.668168 -0.667875 0.000704569
4 -0.66772 -0.667836 0.000499714
5 -0.666898 -0.667649 0.000430135
6 -0.667945 -0.667698 0.000354666
7 -0.669282 -0.667925 0.000375577
8 -0.667304 -0.667847 0.000334383
9 -0.665696 -0.667608 0.000379584
10 -0.667144 -0.667562 0.000342666
11 -0.666384 -0.667454 0.000327929
12 -0.668889 -0.667574 0.000322329
13 -0.665568 -0.66742 0.000334244
14 -0.667086 -0.667396 0.000310368
15 -0.666003 -0.667303 0.000303487
16 -0.662289 -0.66699 0.000422859
17 -0.666546 -0.666964 0.000398061
18 -0.669507 -0.667105 0.00040102
19 -0.664712 -0.666979 0.000399689
20 -0.664295 -0.666845 0.000402221
1 -0.614467 -0.614467 0
2 -0.617731 -0.616099 0.00163196
3 -0.615422 -0.615873 0.000968829
4 -0.62005 -0.616917 0.00124888
5 -0.61337 -0.616208 0.0011997
6 -0.613497 -0.615756 0.00107874
7 -0.616506 -0.615863 0.000917988
8 -0.616663 -0.615963 0.000801262
9 -0.616526 -0.616026 0.000709414
10 -0.616969 -0.61612 0.000641486
11 -0.612852 -0.615823 0.000651859
12 -0.616849 -0.615908 0.000601175
13 -0.614032 -0.615764 0.000571524
14 -0.612992 -0.615566 0.000564962
15 -0.614205 -0.615475 0.000533722
16 -0.615478 -0.615475 0.000499251
17 -0.614914 -0.615442 0.000470128
18 -0.616587 -0.615506 0.00044778
19 -0.614653 -0.615461 0.000425928
20 -0.615162 -0.615446 0.000404348
1 -0.570462 -0.570462 0
2 -0.567986 -0.569224 0.00123816
3 -0.57194 -0.570129 0.00115349
4 -0.56943 -0.569954 0.000834142
5 -0.569695 -0.569903 0.000648198
6 -0.568708 -0.569703 0.000565449
7 -0.570464 -0.569812 0.000490091
8 -0.571057 -0.569968 0.000452038
9 -0.568522 -0.569807 0.000429816
10 -0.568715 -0.569698 0.000399653
11 -0.568923 -0.569627 0.0003683
12 -0.570672 -0.569714 0.000347298
13 -0.569142 -0.56967 0.000322484
14 -0.571178 -0.569778 0.000317392
15 -0.56777 -0.569644 0.000324396
16 -0.571192 -0.569741 0.000318494
17 -0.569888 -0.56975 0.000299297
18 -0.570657 -0.5698 0.000286647
19 -0.573841 -0.570013 0.000344598
20 -0.568191 -0.569922 0.000339371
1 -0.52834 -0.52834 0
2 -0.529428 -0.528884 0.00054376
3 -0.526304 -0.528024 0.00091551
4 -0.528686 -0.52819 0.000668144
5 -0.532043 -0.52896 0.00092838
6 -0.5279 -0.528784 0.000778334
7 -0.528966 -0.52881 0.00065833
8 -0.529849 -0.52894 0.000584735
9 -0.52827 -0.528865 0.000521032
10 -0.528696 -0.528848 0.000466332
11 -0.528277 -0.528796 0.000424993
12 -0.528837 -0.5288 0.000387979
13 -0.530427 -0.528925 0.000378212
14 -0.532985 -0.529215 0.000454675
15 -0.528794 -0.529187 0.00042421
16 -0.528643 -0.529153 0.000398265
17 -0.530087 -0.529208 0.00037812
18 -0.526899 -0.52908 0.000378869
19 -0.527199 -0.528981 0.000371792
20 -0.530441 -0.529054 0.000360193
1 -0.49347 -0.49347 0
2 -0.496169 -0.494819 0.00134964
3 -0.4956 -0.495079 0.000821477
4 -0.493222 -0.494615 0.000743639
5 -0.495339 -0.49476 0.000593927
6 -0.493713 -0.494585 0.000515355
7 -0.496963 -0.494925 0.000552324
8 -0.495151 -0.494953 0.000479158
9 -0.492153 -0.494642 0.000524781
10 -0.495386 -0.494717 0.000475244
11 -0.492882 -0.49455 0.000461085
12 -0.49546 -0.494626 0.000427687
13 -0.493464 -0.494536 0.000403428
14 -0.493267 -0.494446 0.000384345
15 -0.496365 -0.494574 0.000380007
16 -0.497502 -0.494757 0.000399804
17 -0.494239 -0.494726 0.00037678
18 -0.493431 -0.494654 0.000362445
19 -0.496679 -0.494761 0.000359026
20 -0.496024 -0.494824 0.000346403
1 -0.464334 -0.464334 0
2 -0.463725 -0.464029 0.0003044
3 -0.462821 -0.463627 0.000439519
4 -0.460192 -0.462768 0.000913029
5 -0.461272 -0.462469 0.000767915
6 -0.4626 -0.462491 0.000627384
7 -0.460096 -0.462149 0.000631034
8 -0.46435 -0.462424 0.000611833
9 -0.459782 -0.46213 0.000614277
10 -0.461578 -0.462075 0.000552196
11 -0.459014 -0.461797 0.000571741
12 -0.462594 -0.461863 0.00052614
13 -0.463398 -0.461981 0.000498164
14 -0.46251 -0.462019 0.000462756
15 -0.461799 -0.462004 0.000431052
16 -0.464085 -0.462134 0.000423662
17 -0.464741 -0.462288 0.000426483
18 -0.463585 -0.46236 0.000408498
19 -0.461937 -0.462337 0.000387041
20 -0.462283 -0.462335 0.000367189
