0 49 27 38 19 42 1 36 10 35 40 30 9 5 46 29 7 25 21 11 32 3 12 41 48 15 45 22 28 18 33 2 43 13 8 17 16 23 37 44 20 26 4 24 14 6 34 31 47 39 26035.6 30376.5
0 49 27 38 19 42 1 36 10 35 40 30 9 5 11 46 25 3 7 32 21 29 12 41 48 15 45 22 28 18 33 43 2 13 8 17 16 23 37 44 20 26 4 24 14 6 34 31 47 39 22038.8 27012.1
0 49 27 38 19 42 1 36 10 35 40 30 9 5 11 46 25 3 21 41 32 15 22 48 29 7 12 45 28 18 33 43 2 13 8 17 16 23 37 44 20 26 4 24 14 6 34 31 47 39 20473.4 24351.7
0 49 35 40 30 9 5 11 46 25 3 21 41 32 15 22 48 29 7 12 45 28 18 33 43 2 13 8 17 16 23 37 44 20 26 4 24 14 6 34 19 42 1 36 10 27 38 31 47 39 18319.3 22115.4
0 49 35 40 30 41 32 15 22 48 29 7 12 45 28 18 33 43 2 13 8 17 16 23 37 44 20 26 4 24 14 6 34 19 9 5 11 46 25 3 21 42 1 36 10 27 38 31 47 39 18061.6 19999.7
0 49 35 40 30 9 5 11 46 25 3 2 8 37 12 13 41 18 33 6 14 24 45 22 4 43 26 23 48 44 20 28 16 17 7 21 32 15 29 34 19 42 1 36 10 27 38 31 47 39 17670.6 18791.5
0 49 35 40 30 9 5 11 46 25 3 2 8 37 12 13 41 18 33 6 14 24 27 10 36 1 42 19 34 29 15 32 21 7 17 16 28 20 44 48 23 26 43 4 22 45 38 31 47 39 15923.7 18139.6
0 49 35 40 30 9 5 11 46 25 3 2 8 37 12 13 41 18 33 6 14 24 1 36 10 27 42 19 34 29 15 32 21 7 17 16 28 20 44 48 23 26 43 4 22 45 38 31 47 39 15769 17499.7
0 49 35 40 30 9 5 11 46 25 3 2 8 37 12 13 41 18 33 6 14 24 1 36 10 27 42 19 34 29 45 38 31 15 32 21 7 17 16 28 20 44 48 23 26 43 4 22 47 39 15505.7 16628.1
0 49 35 40 30 9 5 11 46 25 8 37 12 13 41 18 33 6 14 24 3 2 1 36 10 27 42 19 34 29 15 32 21 7 17 16 28 20 44 48 23 26 43 4 22 45 38 31 47 39 14443.8 15929.9
0 49 35 40 30 25 46 11 5 9 8 37 12 13 41 18 33 6 14 24 3 2 1 36 10 27 42 19 34 29 15 32 21 7 17 16 28 20 44 48 23 26 43 4 22 45 38 31 47 39 13112.3 15380.2
0 49 35 40 30 25 46 11 5 9 8 37 12 13 41 18 33 6 14 24 3 2 1 36 10 27 42 47 31 38 45 22 4 43 26 23 48 44 20 28 16 17 7 21 32 15 29 34 19 39 12936.4 14525.6
0 49 35 40 30 25 46 11 5 9 8 37 12 13 41 18 33 6 14 24 3 2 1 36 10 27 42 21 7 17 16 28 20 44 19 34 29 15 32 48 23 26 43 4 22 45 38 31 47 39 12537.4 13526.7
0 49 35 40 30 25 46 11 5 9 8 37 12 13 41 18 33 6 14 24 3 2 1 36 10 27 42 17 16 28 20 44 48 23 26 43 4 22 45 38 31 47 7 21 32 15 29 34 19 39 12370.9 13058.8
0 3 24 14 6 33 18 41 13 12 37 8 9 5 11 46 25 49 35 40 30 2 1 36 10 27 42 21 7 17 16 28 20 44 19 34 29 15 32 48 23 26 43 4 22 45 38 31 47 39 11733.6 12659.1
0 17 16 28 20 44 19 34 29 15 32 48 23 26 43 4 22 45 38 31 47 39 7 21 42 27 10 36 1 2 30 40 35 49 25 46 11 5 9 8 37 12 13 41 18 33 6 14 24 3 11466.7 12388.1
0 17 16 28 20 44 19 34 29 6 33 18 41 13 12 37 8 9 5 11 46 25 49 35 40 30 2 1 36 10 27 42 21 7 15 32 48 23 26 43 4 22 45 38 31 47 39 14 24 3 11162.2 12069.1
0 3 24 14 6 33 18 41 13 12 37 8 9 5 11 46 25 49 35 40 30 2 1 36 10 27 4 43 26 23 48 32 15 29 34 19 44 20 28 16 17 7 21 42 22 45 38 31 47 39 10563.1 11842.6
0 17 16 28 20 44 19 34 29 6 33 18 41 13 12 37 8 9 5 11 46 25 49 35 40 30 2 1 36 10 27 4 43 26 23 48 32 15 7 21 42 22 45 38 31 47 39 14 24 3 9991.6 11447.8
0 17 16 28 20 44 19 34 29 6 33 18 41 13 12 37 8 9 5 11 46 25 49 35 40 30 2 1 36 10 27 4 43 26 23 48 32 15 24 14 39 47 31 38 45 22 42 21 7 3 9883.7 10856.6
0 17 16 28 20 44 19 34 29 6 33 18 41 13 12 37 8 9 35 49 25 46 11 5 40 30 2 1 36 10 27 4 43 26 23 48 32 15 24 14 39 47 31 38 45 22 42 21 7 3 9554.73 10263.7
0 17 16 28 20 37 29 34 19 44 6 33 18 41 13 12 8 9 35 49 25 46 11 5 40 30 2 1 36 10 27 4 43 26 23 48 32 15 24 14 39 47 31 38 45 22 42 21 7 3 9392.92 9929.58
0 17 8 9 35 49 25 46 11 5 40 30 2 1 36 10 27 4 43 26 23 48 32 15 24 14 39 47 31 38 45 22 42 21 7 37 12 13 41 18 33 6 29 34 19 44 20 28 16 3 9120.77 9620.09
0 17 16 28 20 37 29 34 19 44 6 33 18 41 13 12 8 9 35 49 25 46 11 5 40 30 2 1 36 10 27 4 43 26 23 48 32 15 24 14 22 42 21 45 38 31 47 39 7 3 8928.61 9494.01
0 17 8 9 35 49 25 46 11 5 40 30 2 1 36 10 27 4 43 26 23 48 32 15 24 14 39 47 31 38 28 20 37 29 34 19 44 6 33 18 41 13 12 22 42 21 45 7 16 3 8550.84 9207.45
0 17 8 9 35 49 25 46 11 5 40 30 2 1 36 10 27 4 43 26 23 48 32 15 24 14 39 47 31 38 28 20 37 29 34 19 44 18 33 6 41 13 12 22 42 21 45 7 16 3 8427.26 8983.51
0 17 8 9 42 22 12 13 41 6 33 18 44 19 34 29 37 20 28 38 31 47 39 14 24 15 32 48 23 26 43 4 27 10 36 1 2 30 40 5 11 46 25 49 35 21 45 7 16 3 8333.59 8693.85
0 17 8 9 42 22 12 13 41 6 33 18 44 19 34 29 37 20 28 38 31 47 39 24 14 15 32 48 23 26 43 4 27 10 36 1 2 30 40 5 11 46 25 49 35 21 45 7 16 3 8261.27 8569.18
0 17 8 9 35 49 25 46 11 5 40 30 2 1 36 10 27 4 43 26 23 42 22 12 13 41 6 33 18 44 19 34 29 37 20 28 38 31 47 39 24 14 15 32 48 21 45 7 16 3 7993.91 8424.29
0 17 8 9 35 49 25 46 11 5 43 4 27 10 36 1 2 30 40 26 23 42 22 12 13 41 6 33 18 44 19 34 29 37 20 28 38 31 47 39 24 14 15 32 48 21 45 7 16 3 7794.98 8291.84
0 17 8 9 42 22 12 13 41 6 33 18 44 19 34 29 37 20 28 38 31 47 39 24 14 15 32 48 23 26 43 4 27 10 1 36 2 30 40 5 11 46 25 49 35 21 45 7 16 3 7543.34 8074.88
0 17 8 9 42 22 23 26 43 4 27 10 1 36 2 30 40 5 11 46 25 49 35 12 13 41 6 33 18 44 19 34 29 37 20 28 38 31 47 39 24 14 15 32 48 21 45 7 16 3 7440.29 7944.82
0 17 42 22 12 13 41 6 33 18 44 19 34 29 37 20 28 38 31 47 39 8 9 14 24 15 32 35 49 25 46 11 5 40 43 4 27 10 1 36 2 30 26 23 48 21 45 7 16 3 7093.43 7698.27
0 17 42 22 12 13 41 6 33 18 44 19 34 29 37 20 28 38 31 47 39 8 9 14 24 15 32 35 49 25 46 11 43 4 27 10 1 36 2 30 40 5 26 23 48 21 45 7 16 3 6898.02 7565.76
0 17 8 9 42 22 12 13 41 19 44 18 33 6 34 29 37 20 28 38 31 47 39 24 14 15 32 35 49 25 46 11 43 4 27 10 1 36 2 30 40 5 26 48 21 45 7 16 3 23 6827.98 7350.07
0 17 42 22 12 13 41 6 33 18 44 19 34 29 37 20 28 38 31 47 39 8 9 14 24 15 32 35 49 25 46 11 43 4 27 10 1 36 2 30 40 5 26 48 21 45 7 16 3 23 6709.23 7094.97
0 17 42 22 12 13 41 19 44 18 33 6 34 29 37 20 28 38 31 47 39 8 9 14 24 15 32 35 49 25 46 11 43 4 27 10 1 36 2 30 40 5 26 48 21 45 7 16 3 23 6659.25 6918.88
0 17 42 22 12 13 41 19 44 18 33 6 34 29 37 20 28 38 31 47 39 8 9 24 14 15 32 35 49 25 46 11 43 4 27 10 1 36 2 30 40 5 26 48 21 45 7 16 3 23 6595.02 6785.23
0 17 42 35 49 25 46 11 43 4 27 10 1 36 2 30 40 32 15 24 14 9 8 39 47 31 38 28 20 37 29 34 19 44 18 33 6 41 13 12 22 5 26 48 21 45 7 16 3 23 6492.07 6675.35
0 17 42 35 22 12 13 41 19 44 18 33 6 34 29 37 20 28 38 31 47 39 8 9 14 24 15 32 49 25 46 11 43 4 27 10 1 36 2 30 40 5 26 48 21 45 7 16 3 23 6382.45 6646.45
0 17 42 35 49 25 46 11 43 4 27 10 1 36 2 30 40 32 15 24 22 12 13 41 19 44 18 33 6 29 34 37 20 28 38 31 47 39 8 9 14 5 26 48 21 45 7 16 3 23 6367.12 6676.31
0 17 42 35 22 12 13 41 19 44 18 33 6 34 29 37 20 28 38 31 47 39 8 9 14 24 15 32 40 49 25 46 11 43 4 27 10 1 36 2 30 5 26 48 21 45 7 16 3 23 6238.25 6574.55
0 17 42 35 22 12 13 41 19 44 18 33 6 34 29 37 20 28 38 31 47 39 8 9 14 24 15 32 40 49 25 46 11 43 4 27 10 1 36 2 30 5 26 48 21 45 7 16 3 23 6238.25 6575.48
0 17 42 35 22 12 13 41 19 44 18 33 6 34 47 39 8 9 14 24 15 32 40 49 25 46 11 43 4 27 10 1 36 2 30 5 26 48 21 45 29 37 20 28 38 31 7 16 3 23 6188.8 6436.47
0 17 42 35 22 12 13 41 19 44 18 33 6 37 20 28 38 31 34 47 39 8 9 14 24 15 32 40 49 25 46 11 43 4 27 10 1 36 2 30 5 26 48 21 45 29 7 16 3 23 6111.59 6383.41
0 17 42 35 22 12 13 41 19 44 18 33 6 37 20 28 38 31 34 47 39 8 9 14 24 15 32 40 49 25 46 11 43 4 27 10 1 36 2 30 5 26 48 21 45 29 7 16 3 23 6111.59 6309.48
0 17 42 35 22 12 13 41 19 44 18 33 6 37 20 28 38 31 34 47 39 8 9 14 24 15 32 40 49 25 46 11 43 4 27 10 1 36 2 30 5 26 48 21 45 29 7 16 3 23 6111.59 6275.86
0 17 42 35 22 12 13 41 19 44 18 6 33 37 20 28 38 31 34 47 39 8 9 14 24 15 32 40 49 25 46 11 43 4 27 10 1 36 2 30 5 26 48 21 45 29 7 16 3 23 6103.5 6180.99
0 17 42 35 22 12 13 41 19 44 18 33 6 37 20 28 38 7 29 45 21 48 26 5 30 2 36 1 10 27 4 43 11 46 25 49 40 32 15 24 14 9 8 39 47 34 31 16 3 23 6003 6120.82
0 17 42 35 22 12 13 41 19 44 18 33 6 37 20 28 38 7 29 45 21 48 26 5 30 2 36 1 10 27 4 43 11 46 25 49 40 32 15 24 14 9 8 39 47 31 34 16 3 23 5975.8 6138.03
0 17 42 35 22 12 13 41 19 44 18 33 6 37 20 28 38 7 29 45 21 48 26 5 30 2 36 1 10 27 4 43 11 46 25 49 40 32 15 14 24 9 8 39 47 34 31 16 3 23 5938.77 6110.26
0 17 42 35 22 12 13 41 19 44 18 33 6 37 20 28 38 7 29 45 21 48 26 5 30 2 11 43 4 27 10 1 36 46 25 49 40 32 15 24 14 9 8 39 47 31 34 16 3 23 5792.25 6064.62
0 17 42 35 22 12 13 41 19 44 18 33 6 37 20 28 38 7 29 45 21 48 26 5 30 2 11 43 4 27 10 1 36 46 25 49 40 32 15 24 14 9 8 39 47 31 34 16 3 23 5792.25 5942.48
0 17 42 35 22 12 13 41 19 44 18 33 6 37 20 28 38 7 29 45 21 48 26 5 30 2 11 43 4 27 10 1 36 46 25 49 40 32 15 24 14 9 8 39 47 31 34 16 3 23 5792.25 5869.49
0 17 42 35 22 12 13 41 14 24 15 32 40 49 25 46 36 1 10 27 4 43 11 2 30 5 26 48 21 45 29 7 38 28 20 37 6 33 18 44 19 9 8 39 47 31 34 16 3 23 5697.62 5820.32
0 17 42 35 22 12 13 41 14 24 15 32 40 49 25 46 36 1 10 27 4 43 11 2 30 5 26 48 21 45 29 7 38 28 20 37 6 33 18 44 19 9 8 39 47 31 34 16 3 23 5697.62 5799.4
0 17 42 35 22 12 13 41 14 24 15 32 40 49 25 46 36 1 10 27 4 43 11 2 30 5 26 48 21 45 29 7 38 28 20 37 6 33 18 44 19 9 8 39 47 31 34 16 3 23 5697.62 5854.39
0 17 42 35 22 12 13 41 8 39 47 34 31 19 44 18 33 6 37 20 28 38 7 29 45 21 48 26 5 30 2 43 4 27 10 1 36 11 46 25 49 40 32 15 14 24 9 16 3 23 5667.04 5823.98
0 17 42 35 22 12 13 41 8 39 47 34 31 19 44 18 33 6 37 20 28 38 7 29 45 21 48 26 5 30 2 43 4 27 10 1 36 11 46 25 49 40 32 15 14 24 9 16 3 23 5667.04 5775.49
0 17 42 35 22 12 13 41 8 39 47 34 31 19 37 6 33 18 44 20 28 38 7 29 45 21 48 26 5 30 2 43 4 27 10 1 36 11 46 25 49 40 32 15 14 24 9 16 3 23 5593.31 5774.91
0 17 42 35 22 12 13 41 8 39 47 34 31 19 37 6 33 18 44 20 28 38 7 29 45 21 48 26 5 30 2 43 4 27 10 1 36 11 46 25 49 40 32 15 14 24 9 16 3 23 5593.31 5775.32
0 17 42 35 22 12 13 41 8 39 47 34 31 19 37 6 33 18 44 20 28 38 7 29 45 21 48 26 5 30 2 43 4 27 10 1 36 11 46 25 49 40 32 15 14 24 9 16 3 23 5593.31 5673.43
0 17 42 35 22 12 13 41 8 39 47 34 31 19 37 6 33 18 44 20 28 38 7 29 45 21 48 26 5 30 2 43 4 27 10 1 36 11 46 25 49 40 32 15 14 24 9 16 3 23 5593.31 5638.61
0 17 42 35 22 12 13 41 8 39 47 34 31 19 37 6 33 44 18 20 28 38 7 29 45 21 48 26 5 30 2 43 4 27 10 1 36 11 46 25 49 40 32 15 14 24 9 16 3 23 5578.26 5601.77
0 17 42 35 5 30 2 43 4 27 10 1 36 11 46 25 49 40 32 15 14 24 16 22 12 13 41 8 39 47 34 31 19 37 6 33 18 44 20 28 38 7 29 45 21 48 26 3 23 9 5567.18 5588.92
0 17 42 35 5 30 2 43 4 27 10 1 36 11 46 25 49 40 32 15 14 24 16 22 12 13 41 8 39 47 34 31 19 37 6 33 18 44 20 28 38 29 7 45 21 48 26 3 23 9 5549.02 5593.03
0 17 42 35 5 30 2 43 4 27 10 1 36 11 46 25 49 40 32 15 14 22 12 13 41 8 39 47 34 31 19 37 6 33 18 44 20 28 38 7 29 45 21 48 26 24 9 16 3 23 5514.53 5693.11
0 17 42 35 5 30 2 43 4 27 10 1 36 11 46 25 49 40 32 22 15 14 24 16 12 13 41 8 39 47 34 31 19 37 6 33 18 44 20 28 38 29 7 45 21 48 26 3 23 9 5440.03 5682.88
0 17 42 35 5 30 2 43 4 27 10 1 36 11 46 25 49 40 32 22 15 14 24 16 12 13 41 8 39 47 34 31 19 37 6 33 18 44 20 28 38 29 7 45 21 48 26 3 23 9 5440.03 5720.02
0 17 42 35 5 30 2 43 4 27 10 1 36 11 46 25 49 40 32 22 15 14 24 16 12 13 41 8 39 47 34 31 19 37 6 33 18 44 20 28 38 29 7 45 21 48 26 3 23 9 5440.03 5552.28
0 17 42 35 5 30 2 43 4 27 10 1 36 11 46 25 49 40 32 22 15 14 24 12 41 8 39 47 34 31 19 37 6 33 18 44 20 28 38 29 7 45 21 48 26 3 23 13 16 9 5425.19 5516.6
0 17 42 35 5 30 2 43 4 27 10 1 36 11 46 25 49 40 32 22 48 21 45 7 29 38 28 20 44 18 33 6 37 19 31 34 47 39 8 41 13 12 16 24 14 15 26 3 23 9 5361.35 5465.86
0 17 42 35 5 30 2 43 4 27 10 1 36 11 46 25 49 40 32 22 48 21 47 34 31 19 37 6 33 18 44 20 28 38 29 7 45 39 8 41 13 12 16 24 14 15 26 3 23 9 5317.99 5455.06
0 17 42 35 5 30 2 43 4 27 10 1 36 11 46 25 49 40 32 22 48 21 47 34 31 19 37 6 33 18 44 20 28 38 29 7 45 39 8 41 13 12 16 24 14 15 26 3 23 9 5317.99 5491.54
0 17 42 35 5 30 2 43 4 27 10 1 36 11 46 25 49 40 32 22 48 21 34 31 19 37 6 33 18 44 20 28 38 29 7 45 47 39 8 41 13 12 16 24 14 15 26 3 23 9 5307.29 5448.39
0 17 42 35 5 30 2 43 4 27 10 1 36 11 46 25 49 40 32 22 48 21 47 34 13 16 45 7 29 38 28 20 44 18 33 6 37 19 31 39 8 41 12 24 14 15 26 3 23 9 5259.77 5387.94
0 17 42 35 5 30 2 43 4 27 10 1 36 11 46 25 49 40 32 22 48 21 47 34 13 16 45 7 29 38 28 20 44 18 33 6 37 19 31 39 41 12 24 14 15 26 3 23 9 8 5248.5 5339.92
0 17 42 35 5 30 2 43 4 27 10 1 36 11 46 25 49 40 32 22 48 21 47 34 13 16 45 7 29 33 18 44 20 28 38 6 37 19 31 39 41 12 24 14 15 26 3 23 9 8 5241.25 5312.79
0 17 42 35 5 30 2 43 4 27 10 1 36 11 46 25 49 40 32 22 48 21 34 47 13 16 45 7 29 33 18 44 20 28 38 6 37 19 31 39 41 12 24 14 15 26 3 23 9 8 5236.08 5305.38
0 17 42 35 5 30 2 43 4 27 10 1 36 11 46 25 49 40 32 22 48 21 34 47 45 7 29 33 18 44 20 28 38 6 37 19 31 39 8 41 13 16 12 24 14 15 26 3 23 9 5204.26 5277.74
0 17 42 35 5 30 2 43 27 4 10 1 46 36 11 25 49 40 32 22 48 21 47 34 13 16 45 7 29 38 28 20 44 18 33 6 37 19 31 39 41 12 24 14 15 26 3 23 9 8 4873.37 5158.7
0 17 42 35 5 30 2 43 27 4 10 1 46 36 11 25 49 40 32 22 48 21 47 34 13 16 45 7 29 33 18 44 20 28 38 6 37 19 31 39 41 12 24 14 15 26 3 23 9 8 4866.12 5089.18
0 17 42 35 5 30 2 43 27 4 10 1 46 36 11 25 49 40 32 22 48 21 47 34 13 16 45 7 29 33 18 44 20 28 38 6 37 19 31 39 41 12 24 14 15 26 3 23 9 8 4866.12 5059.66
0 17 42 35 5 30 2 43 27 4 10 1 46 36 11 25 49 40 32 14 15 26 22 48 21 47 34 13 16 45 7 29 33 18 44 20 28 38 6 37 19 31 39 41 12 24 3 23 9 8 4860.07 4967.63
0 17 42 35 5 30 2 43 27 4 10 1 46 36 11 25 49 40 32 14 15 26 22 48 21 47 34 13 16 45 7 29 33 18 44 20 28 38 6 37 19 31 39 41 12 24 3 23 9 8 4860.07 4923.17
0 17 42 35 5 30 2 43 27 4 10 1 46 36 11 25 49 40 32 14 15 26 22 48 21 34 47 13 16 45 7 29 33 18 44 20 28 38 6 37 19 31 39 41 12 24 3 23 9 8 4854.89 4913.85
0 17 42 35 5 30 2 43 27 4 10 1 46 36 11 25 49 40 32 22 48 21 47 34 13 16 45 7 29 33 18 44 20 28 38 6 37 19 31 39 41 12 14 15 26 24 3 23 9 8 4849.95 4901.01
0 17 42 35 5 30 2 43 27 4 10 1 46 36 11 25 49 40 32 22 48 21 34 47 13 16 45 7 29 33 18 44 20 28 38 6 37 19 31 39 41 12 14 15 26 24 3 23 9 8 4844.77 4874.33
0 17 42 35 5 30 2 43 27 4 10 1 46 36 11 25 49 40 32 22 48 21 34 47 13 16 45 7 29 33 18 44 20 28 38 6 37 19 31 39 41 12 14 15 26 24 3 23 9 8 4844.77 4875.63
0 17 42 35 5 30 2 43 27 4 10 1 46 36 11 25 49 40 32 22 48 21 34 16 13 47 45 7 29 33 18 44 20 28 38 6 37 19 31 39 41 12 14 15 26 24 3 23 9 8 4809.17 4847.97
0 17 42 35 5 30 2 43 27 4 10 1 46 36 11 25 49 40 32 22 48 21 34 16 13 47 45 7 29 33 18 44 20 28 38 6 37 19 31 39 41 12 14 15 26 24 3 23 9 8 4809.17 4840.45
0 17 42 35 5 30 2 43 27 4 10 1 46 36 11 25 49 40 32 22 48 21 34 16 13 47 45 7 29 33 18 44 28 20 38 6 37 19 31 39 41 12 14 15 26 24 3 23 9 8 4803.94 4822.53
0 17 42 35 5 30 2 43 27 4 10 1 46 36 11 25 49 40 32 22 48 21 34 16 13 47 45 7 29 33 18 44 28 20 38 6 37 19 31 39 41 12 14 15 26 24 3 23 9 8 4803.94 4813.59
0 17 42 35 5 30 2 43 27 4 10 1 46 36 11 25 49 40 32 22 48 21 34 16 13 47 45 7 29 33 44 20 28 18 38 6 37 19 31 39 41 12 14 15 26 24 3 23 9 8 4797.96 4845.66
0 17 42 35 5 30 2 43 27 4 10 1 46 36 11 25 49 40 32 22 48 21 34 16 13 47 45 7 29 33 44 20 28 18 38 6 37 19 31 39 41 12 14 15 26 24 3 23 9 8 4797.96 4806.16
0 17 42 35 5 30 2 43 27 4 10 1 46 36 11 25 49 40 32 22 48 21 34 16 13 47 45 7 29 33 44 18 28 20 38 6 37 19 31 39 41 12 14 15 26 24 3 23 9 8 4791.47 4817.66
0 17 42 35 5 30 2 43 27 4 10 1 46 36 11 25 49 40 32 22 48 21 34 16 41 39 31 19 37 6 38 20 28 18 44 33 29 7 45 47 13 12 14 15 26 24 3 23 9 8 4785.79 4815.22
0 17 42 35 5 30 2 43 27 4 10 1 46 36 11 25 49 40 32 22 48 21 34 16 41 39 31 19 37 6 38 20 28 18 44 33 29 7 45 47 13 12 14 15 26 24 3 23 9 8 4785.79 4817.59
0 17 42 35 5 30 2 43 27 4 10 1 46 36 11 25 49 40 32 22 48 21 34 16 41 39 31 19 37 6 38 20 28 18 44 33 29 7 45 47 13 12 14 15 26 24 3 23 9 8 4785.79 4833.16
0 17 42 35 5 30 2 43 27 4 10 1 46 36 11 25 49 40 32 22 48 21 34 16 41 39 31 19 37 6 38 20 18 28 44 33 29 7 45 47 13 12 14 15 26 24 3 23 9 8 4784.66 4829.42
0 17 42 35 5 30 2 43 27 4 10 1 46 36 11 25 49 40 32 22 48 21 34 16 41 39 31 19 37 6 38 20 18 28 44 33 29 7 45 47 13 12 14 15 26 24 3 23 9 8 4784.66 4797.9
0 17 42 35 5 30 2 43 27 4 10 1 46 36 11 25 49 40 32 22 48 21 34 16 41 39 31 19 37 6 38 20 18 28 44 33 29 7 45 47 13 12 14 15 26 24 3 23 9 8 4784.66 4819.85
0 17 42 35 5 30 2 43 27 4 10 1 46 36 11 25 49 40 32 22 48 21 34 16 41 39 31 19 37 6 38 20 18 28 44 33 29 7 45 47 13 12 14 15 26 24 3 23 9 8 4784.66 4814.93
0 17 42 35 5 30 2 43 27 4 10 1 46 36 11 25 49 40 32 22 48 21 34 16 41 9 23 3 24 26 15 14 12 13 47 45 7 29 33 44 28 18 20 38 6 37 19 31 39 8 4770.74 4806.79
0 17 42 35 5 30 2 43 27 4 10 1 46 36 11 25 49 40 32 22 48 21 34 16 41 23 3 24 26 15 14 12 13 47 45 7 29 33 44 28 18 20 38 6 37 19 31 39 9 8 4749.02 4785.02
0 17 42 35 5 30 2 43 27 4 10 1 46 36 11 25 49 40 32 22 48 21 34 16 41 23 3 24 26 15 14 12 13 47 45 7 29 33 44 28 18 20 38 6 37 19 31 39 9 8 4749.02 4830.5
0 17 42 35 5 30 2 43 27 4 10 1 46 36 11 25 49 40 32 22 48 21 34 16 41 23 3 24 26 15 14 12 13 47 45 7 29 33 44 28 18 20 38 6 37 19 31 39 9 8 4749.02 4832.73
0 17 42 35 5 30 2 43 27 4 10 1 46 36 11 25 49 40 32 22 48 21 34 16 41 23 3 24 26 15 14 12 13 47 45 7 29 33 44 28 18 20 38 6 37 19 31 39 9 8 4749.02 4774.5
0 17 42 35 5 30 2 43 27 4 10 1 46 36 11 25 49 40 32 22 48 21 34 16 41 23 3 24 26 15 14 12 13 47 45 7 29 33 44 28 18 20 38 6 37 19 31 39 9 8 4749.02 4766.03
0 17 42 35 5 30 2 43 27 4 10 1 46 36 11 25 49 40 32 22 48 21 34 16 41 23 3 24 26 15 14 12 13 47 45 7 29 33 44 28 18 20 38 6 37 19 31 39 9 8 4749.02 4757.14
0 17 42 35 5 30 2 43 27 4 10 1 46 36 11 25 49 40 32 22 48 21 34 16 41 23 3 24 26 15 14 12 13 47 45 7 29 33 44 28 18 20 38 6 37 19 31 39 9 8 4749.02 4749.03
0 17 42 35 5 30 2 43 27 4 10 1 46 36 11 25 49 40 32 22 48 21 34 16 41 23 3 24 26 15 14 12 13 47 45 7 29 33 44 28 18 20 38 6 37 19 31 39 9 8 4749.02 4749.02
0 17 42 35 5 30 2 43 27 4 10 1 46 36 11 25 49 40 32 22 48 21 34 16 41 23 3 24 26 15 14 12 13 47 45 7 29 33 44 28 18 20 38 6 37 19 31 39 9 8 4749.02 4749.02
0 17 42 35 5 30 2 43 27 4 10 1 46 36 11 25 49 40 32 22 48 21 34 16 41 23 3 24 26 15 14 12 13 47 45 7 29 33 44 28 18 20 38 6 37 19 31 39 9 8 4749.02 4749.02
0 17 42 35 5 30 2 43 27 4 10 1 46 36 11 25 49 40 32 22 48 21 34 16 41 23 3 24 26 15 14 12 13 47 45 7 29 33 44 28 18 20 38 6 37 19 31 39 9 8 4749.02 4749.02
0 17 42 35 5 30 2 43 27 4 10 1 46 36 11 25 49 40 32 22 48 21 34 16 41 23 3 24 26 15 14 12 13 47 45 7 29 33 44 28 18 20 38 6 37 19 31 39 9 8 4749.02 4749.02
0 17 42 35 5 30 2 43 27 4 10 1 46 36 11 25 49 40 32 22 48 21 34 16 41 23 3 24 26 15 14 12 13 47 45 7 29 33 44 28 18 20 38 6 37 19 31 39 9 8 4749.02 4749.79
0 17 42 35 5 30 2 43 27 4 10 1 46 36 11 25 49 40 32 22 48 21 34 16 41 23 3 24 26 15 14 12 13 47 45 7 29 33 44 28 18 20 38 6 37 19 31 39 9 8 4749.02 4768.81
0 17 42 35 5 30 2 43 27 4 10 1 46 36 11 25 49 40 32 22 48 21 34 16 41 23 3 24 26 15 14 12 13 47 45 7 29 33 44 28 18 20 38 6 37 19 31 39 9 8 4749.02 4752.09
0 17 42 35 5 30 2 43 27 4 10 1 46 36 11 25 49 40 32 22 48 21 34 16 41 23 3 24 26 15 14 12 13 47 45 7 29 33 44 28 18 20 38 6 37 19 31 39 9 8 4749.02 4762.81
0 17 42 35 5 30 2 43 27 4 10 1 46 36 11 25 49 40 32 22 48 21 34 16 41 23 3 24 26 15 14 12 13 47 45 7 29 33 44 28 18 20 38 6 37 19 31 39 9 8 4749.02 4753.19
0 17 42 35 5 30 2 27 4 10 1 46 36 11 25 43 49 40 32 22 48 21 34 16 41 23 3 24 26 15 14 12 13 47 45 7 29 33 44 28 18 20 38 6 37 19 31 39 9 8 4724.45 4751.7
0 17 42 35 5 30 2 27 4 10 1 46 36 11 25 43 49 40 32 22 48 21 34 16 41 23 3 24 26 15 14 12 13 47 45 7 29 33 44 28 18 20 38 6 37 19 31 39 9 8 4724.45 4745.99
0 17 42 35 5 30 2 27 4 10 1 46 36 11 25 43 49 40 32 22 48 21 34 16 41 23 3 24 26 15 14 12 13 47 45 7 29 33 44 28 18 20 38 6 37 19 31 39 9 8 4724.45 4742.78
0 17 42 35 5 30 2 27 4 10 1 46 36 11 25 43 49 40 32 22 48 21 34 16 41 23 3 24 26 15 14 12 13 47 45 7 29 33 44 28 18 20 38 6 37 19 31 39 9 8 4724.45 4745.16
0 17 42 35 5 30 2 27 4 10 1 46 36 11 25 43 49 40 32 22 48 21 34 16 41 23 3 24 26 15 14 12 13 47 45 7 29 6 38 20 18 28 44 33 37 19 31 39 9 8 4719.82 4752.69
0 17 42 35 5 30 2 27 4 10 1 46 36 11 25 43 49 40 32 22 48 21 34 16 41 23 3 24 26 15 14 12 13 47 45 7 29 6 38 20 18 28 44 33 37 19 31 39 9 8 4719.82 4724.01
0 17 42 35 5 30 2 27 4 10 1 46 36 11 25 43 49 40 32 22 48 21 34 16 41 23 3 24 26 15 14 12 13 47 45 7 29 6 38 20 18 28 44 33 37 19 31 39 9 8 4719.82 4745.99
0 17 42 35 5 30 2 27 4 10 1 46 36 11 25 43 49 40 32 22 48 21 34 16 41 23 3 24 26 15 14 12 13 47 45 7 29 6 38 20 18 28 44 33 37 19 31 39 9 8 4719.82 4721.88
0 17 42 35 5 30 2 27 4 10 1 46 36 11 25 43 49 40 32 22 48 21 34 16 41 23 3 24 15 26 14 12 13 47 45 7 29 6 38 20 18 28 44 33 37 19 31 39 9 8 4706.3 4723.96
0 17 42 35 5 30 2 27 4 10 1 46 36 11 25 43 49 40 32 22 48 21 34 16 41 23 3 24 15 26 14 12 13 47 45 7 29 6 38 20 18 28 44 33 37 19 31 39 9 8 4706.3 4718.4
0 17 42 35 5 30 2 27 4 10 1 46 36 11 25 43 49 40 32 22 48 21 34 16 41 23 3 24 15 26 14 12 13 47 45 7 29 6 38 20 18 28 44 33 37 19 31 39 9 8 4706.3 4726.31
0 17 42 35 5 30 2 27 4 10 1 46 36 11 25 43 49 40 32 22 48 21 34 13 12 14 26 15 24 3 23 41 16 47 45 7 29 6 38 20 18 28 44 33 37 19 31 39 9 8 4697.59 4711.8
0 17 42 35 5 30 2 27 4 10 1 46 36 11 25 43 49 40 32 22 48 21 34 13 12 14 26 15 24 3 23 41 16 47 45 7 29 6 38 20 18 28 44 33 37 19 31 39 9 8 4697.59 4722.66
0 8 9 39 31 19 37 33 44 28 18 20 38 6 29 7 45 47 16 41 23 3 24 15 26 14 12 13 34 21 48 22 32 40 49 43 25 11 36 46 1 10 4 27 2 30 5 35 42 17 4697.59 4737.71
0 8 9 39 31 19 37 33 44 28 18 20 38 6 29 7 45 47 16 41 23 3 24 15 26 14 12 13 34 21 48 22 32 40 49 43 25 11 36 46 1 10 4 27 2 30 5 35 42 17 4697.59 4816.63
0 8 9 39 31 19 37 33 44 28 18 20 38 6 29 7 45 47 16 41 23 3 24 15 26 14 12 13 34 21 48 22 32 40 49 43 25 11 36 46 1 10 4 27 2 30 5 35 42 17 4697.59 4792.77
0 8 9 39 31 19 37 33 44 28 18 20 38 6 29 7 45 47 16 41 23 3 24 15 26 14 12 13 34 21 48 22 32 40 49 43 25 11 36 46 1 10 4 27 2 30 5 35 42 17 4697.59 4771.19
0 8 9 39 31 19 37 33 44 28 18 20 38 6 29 7 45 47 16 41 23 3 24 15 26 14 12 13 34 21 48 22 32 40 49 43 25 11 36 46 1 10 4 27 2 30 5 35 42 17 4697.59 4766.31
0 8 9 39 31 19 37 33 44 28 18 20 38 6 29 7 45 47 16 41 23 3 24 15 26 14 12 13 34 21 48 22 32 40 49 43 25 11 36 46 1 10 4 27 2 30 5 35 42 17 4697.59 4768.59
0 8 9 39 31 19 37 33 44 28 18 20 38 6 29 7 45 47 16 41 23 3 24 15 26 14 12 13 34 21 48 22 32 40 49 43 25 11 36 46 1 10 4 27 2 30 5 35 42 17 4697.59 4715.24
0 8 9 39 31 19 37 33 44 28 18 20 38 6 29 7 45 47 16 41 23 3 24 15 26 14 12 13 34 21 48 22 32 40 49 43 25 11 36 46 1 10 4 27 2 30 5 35 42 17 4697.59 4715.73
0 8 9 39 31 19 37 33 44 28 18 20 38 6 29 7 45 47 16 41 23 3 24 15 26 14 12 13 34 21 48 22 32 40 49 43 25 11 36 46 1 10 4 27 2 30 5 35 42 17 4697.59 4722.12
0 8 9 39 31 19 37 33 44 28 18 20 38 6 29 7 45 47 16 41 23 3 24 15 26 14 12 13 34 21 48 22 32 40 49 43 25 11 36 46 1 10 4 27 2 30 5 35 42 17 4697.59 4717.11
0 8 9 39 31 19 37 33 44 28 18 20 38 6 29 7 45 47 16 41 23 3 24 15 26 14 12 13 34 21 48 22 32 40 49 43 25 11 36 46 1 10 4 27 2 30 5 35 42 17 4697.59 4702.34
0 8 9 39 31 19 37 33 44 28 18 20 38 6 29 7 45 47 16 41 23 3 24 15 26 14 12 13 34 21 48 22 32 40 49 43 25 11 36 46 1 10 4 27 2 30 5 35 42 17 4697.59 4702.25
0 8 9 39 31 19 37 33 44 28 18 20 38 6 29 7 45 47 16 41 23 3 24 15 26 14 12 13 34 21 48 22 32 40 49 43 25 11 36 46 1 10 4 27 2 30 5 35 42 17 4697.59 4702.2
0 8 9 39 31 19 37 33 44 28 18 20 38 6 29 7 45 47 16 41 23 3 24 15 26 14 12 13 34 21 48 22 32 40 49 43 25 11 36 46 1 10 4 27 2 30 5 35 42 17 4697.59 4703.68
0 8 9 39 31 19 37 33 44 28 18 20 38 6 29 7 45 47 16 41 23 3 24 15 26 14 12 13 34 21 48 22 32 40 49 43 25 11 36 46 1 10 4 27 2 30 5 35 42 17 4697.59 4699.59
0 8 9 39 31 19 37 33 44 28 18 20 38 6 29 7 45 47 16 41 23 3 24 15 26 14 12 13 34 21 48 22 32 40 49 43 25 11 36 46 1 10 4 27 2 30 5 35 42 17 4697.59 4699.15
0 8 9 39 31 19 37 33 44 28 18 20 38 6 29 7 45 47 16 41 23 3 24 15 26 14 12 13 34 21 48 22 32 40 49 43 25 11 36 46 1 10 4 27 2 30 5 35 42 17 4697.59 4697.59
0 8 9 39 31 19 37 33 44 28 18 20 38 6 29 7 45 47 16 41 23 3 24 15 26 14 12 13 34 21 48 22 32 40 49 43 25 11 36 46 1 10 4 27 2 30 5 35 42 17 4697.59 4697.59
0 8 9 39 31 19 37 33 44 28 18 20 38 6 29 7 45 47 16 41 23 3 24 15 26 14 12 13 34 21 48 22 32 40 49 43 25 11 36 46 1 10 4 27 2 30 5 35 42 17 4697.59 4698.77
0 8 9 39 31 19 37 33 44 28 18 20 38 6 29 7 45 47 16 41 23 3 24 15 26 14 12 13 34 21 48 22 32 40 49 43 25 11 36 46 1 10 4 27 2 30 5 35 42 17 4697.59 4724.58
0 8 9 39 31 19 37 33 44 28 18 20 38 6 29 7 45 47 16 41 23 3 24 15 26 14 12 13 34 21 48 22 32 40 49 43 25 11 36 46 1 10 4 27 2 30 5 35 42 17 4697.59 4710.94
0 8 9 39 31 19 37 33 44 28 18 20 38 6 29 7 45 47 16 41 23 3 24 15 26 14 12 13 34 21 48 22 32 40 49 43 25 11 36 46 1 10 4 27 2 30 5 35 42 17 4697.59 4697.59
0 8 9 39 31 19 37 33 44 28 18 20 38 6 29 7 45 47 16 41 23 3 24 15 26 14 12 13 34 21 48 22 32 40 49 43 25 11 36 46 1 10 4 27 2 30 5 35 42 17 4697.59 4699.66
0 8 9 39 31 19 37 33 44 28 18 20 38 6 29 7 45 47 16 41 23 3 24 15 26 14 12 13 34 21 48 22 32 40 49 43 25 11 36 46 1 10 4 27 2 30 5 35 42 17 4697.59 4699.68
0 8 9 39 31 19 37 33 44 28 18 20 38 6 29 7 45 47 16 41 23 3 24 15 26 14 12 13 34 21 48 22 32 40 49 43 25 11 36 46 1 10 4 27 2 30 5 35 42 17 4697.59 4700.52
0 8 9 39 31 45 7 29 6 38 20 18 28 44 33 37 19 47 16 41 23 3 24 15 26 14 12 13 34 21 48 22 32 40 49 43 25 11 36 46 1 10 4 27 2 30 5 35 42 17 4695.83 4697.57
0 8 9 39 31 45 7 29 6 38 20 18 28 44 33 37 19 47 16 41 23 3 24 15 26 14 12 13 34 21 48 22 32 40 49 43 25 11 36 46 1 10 4 27 2 30 5 35 42 17 4695.83 4700.27
0 8 9 39 31 45 7 29 6 38 20 18 28 44 33 37 19 47 16 41 23 3 24 15 26 14 12 13 34 21 48 22 32 40 49 43 25 11 36 46 1 10 4 27 2 30 5 35 42 17 4695.83 4725.29
0 8 9 39 31 45 7 29 6 38 20 18 28 44 33 37 19 47 16 41 23 3 24 15 26 14 12 13 34 21 48 22 32 40 49 43 25 11 36 46 1 10 4 27 2 30 5 35 42 17 4695.83 4709.75
0 8 9 39 31 45 7 29 6 38 20 18 28 44 33 37 19 47 16 41 23 3 24 15 26 14 12 13 34 21 48 22 32 40 49 43 25 11 36 46 1 10 4 27 2 30 5 35 42 17 4695.83 4696.41
0 8 9 39 31 45 7 29 6 38 20 18 28 44 33 37 19 47 16 41 23 3 24 15 26 14 12 13 34 21 48 22 32 40 49 43 25 11 36 46 1 10 4 27 2 30 5 35 42 17 4695.83 4695.83
0 8 9 39 31 45 7 29 6 38 20 18 28 44 33 37 19 47 16 41 23 3 24 15 26 14 12 13 34 21 48 22 32 40 49 43 25 11 36 46 1 10 4 27 2 30 5 35 42 17 4695.83 4696.18
0 8 9 39 31 45 7 29 6 38 20 18 28 44 33 37 19 47 16 41 23 3 24 15 26 14 12 13 34 21 48 22 32 40 49 43 25 11 36 46 1 10 4 27 2 30 5 35 42 17 4695.83 4697.07
0 8 9 39 31 45 7 29 6 38 20 18 28 44 33 37 19 47 16 41 23 3 24 15 26 14 12 13 34 21 48 22 32 40 49 43 25 11 36 46 1 10 4 27 2 30 5 35 42 17 4695.83 4696.62
0 8 9 39 31 45 7 29 6 38 20 18 28 44 33 37 19 47 16 41 23 3 24 15 26 14 12 13 34 21 48 22 32 40 49 43 25 11 36 46 1 10 4 27 2 30 5 35 42 17 4695.83 4698.22
0 8 9 39 31 45 7 29 6 38 20 18 28 44 33 37 19 47 16 41 23 3 24 15 26 14 12 13 34 21 48 22 32 40 49 43 25 11 36 46 1 10 4 27 2 30 5 35 42 17 4695.83 4695.83
0 8 9 39 31 45 7 29 6 38 20 18 28 44 33 37 19 47 16 41 23 3 24 15 26 14 12 13 34 21 48 22 32 40 49 43 25 11 36 46 1 10 4 27 2 30 5 35 42 17 4695.83 4702.66
0 8 9 39 31 45 7 29 6 38 20 18 28 44 33 37 19 47 16 41 23 3 24 15 26 14 12 13 34 21 48 22 32 40 49 43 25 11 36 46 1 10 4 27 2 30 5 35 42 17 4695.83 4695.83
0 8 9 39 31 45 7 29 6 38 20 18 28 44 33 37 19 47 16 41 23 3 24 15 26 14 12 13 34 21 48 22 32 40 49 43 25 11 36 46 1 10 4 27 2 30 5 35 42 17 4695.83 4695.83
0 8 9 39 31 45 7 29 6 38 20 18 28 44 33 37 19 47 16 41 23 3 24 15 26 14 12 13 34 21 48 22 32 40 49 43 25 11 36 46 1 10 4 27 2 30 5 35 42 17 4695.83 4695.88
0 8 9 39 31 45 7 29 6 38 20 18 28 44 33 37 19 47 16 41 23 3 24 15 26 14 12 13 34 21 48 22 32 40 49 43 25 11 36 46 1 10 4 27 2 30 5 35 42 17 4695.83 4701.09
0 8 9 39 31 45 7 29 6 38 20 18 28 44 33 37 19 47 16 41 23 3 24 15 26 14 12 13 34 21 48 22 32 40 49 43 25 11 36 46 1 10 4 27 2 30 5 35 42 17 4695.83 4696.6
0 8 9 39 31 45 7 29 6 38 20 18 28 44 33 37 19 47 16 41 23 3 24 15 26 14 12 13 34 21 48 22 32 40 49 43 25 11 36 46 1 10 4 27 2 30 5 35 42 17 4695.83 4712.29
0 8 9 39 31 45 7 29 6 38 20 18 28 44 33 37 19 47 16 41 23 3 24 15 26 14 12 13 34 21 48 22 32 40 49 43 25 11 36 46 1 10 4 27 2 30 5 35 42 17 4695.83 4704.8
0 8 9 39 31 45 7 29 6 38 20 18 28 44 33 37 19 47 16 41 23 3 24 15 26 14 12 13 34 21 48 22 32 40 49 43 25 11 36 46 1 10 4 27 2 30 5 35 42 17 4695.83 4721.37
0 8 9 39 31 45 7 29 6 38 20 18 28 44 33 37 19 47 16 41 23 3 24 15 26 14 12 13 34 21 48 22 32 40 49 43 25 11 36 46 1 10 4 27 2 30 5 35 42 17 4695.83 4723.93
0 8 9 39 31 45 7 29 6 38 20 18 28 44 33 37 19 47 16 41 23 3 24 15 26 14 12 13 34 21 48 22 32 40 49 43 25 11 36 46 1 10 4 27 2 30 5 35 42 17 4695.83 4697.73
0 8 9 39 31 45 7 29 6 38 20 18 28 44 33 37 19 47 16 41 23 3 24 15 26 14 12 13 34 21 48 22 32 40 49 43 25 11 36 46 1 10 4 27 2 30 5 35 42 17 4695.83 4732.7
0 8 9 39 31 45 7 29 6 38 20 18 28 44 33 37 19 47 16 41 23 3 24 15 26 14 12 13 34 21 48 22 32 40 49 43 25 11 36 46 1 10 4 27 2 30 5 35 42 17 4695.83 4703.02
0 8 9 39 31 45 7 29 6 38 20 18 28 44 33 37 19 47 16 41 23 3 24 15 26 14 12 13 34 21 48 22 32 40 49 43 25 11 36 46 1 10 4 27 2 30 5 35 42 17 4695.83 4725.9
0 8 9 39 31 45 7 29 6 38 20 18 28 44 33 37 19 47 16 41 23 3 24 15 26 14 12 13 34 21 48 22 32 40 49 43 25 11 36 46 1 10 4 27 2 30 5 35 42 17 4695.83 4704.05
0 8 9 39 31 45 7 29 6 38 20 18 28 44 33 37 19 47 16 41 23 3 24 15 26 14 12 13 34 21 48 22 32 40 49 43 25 11 36 46 1 10 4 27 2 30 5 35 42 17 4695.83 4697.74
0 8 9 39 31 45 7 29 6 38 20 18 28 44 33 37 19 47 16 41 23 3 24 15 26 14 12 13 34 21 48 22 32 40 49 43 25 11 36 46 1 10 4 27 2 30 5 35 42 17 4695.83 4699.21
0 8 9 39 31 45 7 29 6 38 20 18 28 44 33 37 19 47 16 41 23 3 24 15 26 14 12 13 34 21 48 22 32 40 49 43 25 11 36 46 1 10 4 27 2 30 5 35 42 17 4695.83 4696.82
0 8 9 39 31 45 7 29 6 38 20 18 28 44 33 37 19 47 16 41 23 3 24 15 26 14 12 13 34 21 48 22 32 40 49 43 25 11 36 46 1 10 4 27 2 30 5 35 42 17 4695.83 4695.83
0 8 9 39 31 45 7 29 6 38 20 18 28 44 33 37 19 47 16 41 23 3 24 15 26 14 12 13 34 21 48 22 32 40 49 43 25 11 36 46 1 10 4 27 2 30 5 35 42 17 4695.83 4695.83
0 8 9 39 31 45 7 29 6 38 20 18 28 44 33 37 19 47 16 41 23 3 24 15 26 14 12 13 34 21 48 22 32 40 49 43 25 11 36 46 1 10 4 27 2 30 5 35 42 17 4695.83 4695.83
0 8 9 39 31 45 7 29 6 38 20 18 28 44 33 37 19 47 16 41 23 3 24 15 26 14 12 13 34 21 48 22 32 40 49 43 25 11 36 46 1 10 4 27 2 30 5 35 42 17 4695.83 4702.78
0 8 9 39 31 45 7 29 6 38 20 18 28 44 33 37 19 47 16 41 23 3 24 15 26 14 12 13 34 21 48 22 32 40 49 43 25 11 36 46 1 10 4 27 2 30 5 35 42 17 4695.83 4695.83
0 8 9 39 31 45 7 29 6 38 20 18 28 44 33 37 19 47 16 41 23 3 24 15 26 14 12 13 34 21 48 22 32 40 49 43 25 11 36 46 1 10 4 27 2 30 5 35 42 17 4695.83 4701.02
0 8 9 39 31 45 7 29 6 38 20 18 28 44 33 37 19 47 16 41 23 3 24 15 26 14 12 13 34 21 48 22 32 40 49 43 25 11 36 46 1 10 4 27 2 30 5 35 42 17 4695.83 4695.83
0 8 9 39 31 45 7 29 6 38 20 18 28 44 33 37 19 47 16 41 23 3 24 15 26 14 12 13 34 21 48 22 32 40 49 43 25 11 36 46 1 10 4 27 2 30 5 35 42 17 4695.83 4704.45
0 8 9 39 31 45 7 29 6 38 20 18 28 44 33 37 19 47 16 41 23 3 24 15 26 14 12 13 34 21 48 22 32 40 49 43 25 11 36 46 1 10 4 27 2 30 5 35 42 17 4695.83 4703.97
0 8 9 39 31 45 7 29 6 38 20 18 28 44 33 37 19 47 16 41 23 3 24 15 26 14 12 13 34 21 48 22 32 40 49 43 25 11 36 46 1 10 4 27 2 30 5 35 42 17 4695.83 4717.78
0 8 9 39 31 45 7 29 6 38 20 18 28 44 33 37 19 47 16 41 23 3 24 15 26 14 12 13 34 21 48 22 32 40 49 43 25 11 36 46 1 10 4 27 2 30 5 35 42 17 4695.83 4712.04
0 8 9 39 31 45 7 29 6 38 20 18 28 44 33 37 19 47 16 41 23 3 24 15 26 14 12 13 34 21 48 22 32 40 49 43 25 11 36 46 1 10 4 27 2 30 5 35 42 17 4695.83 4701.32
0 8 9 39 31 45 7 29 6 38 20 18 28 44 33 37 19 47 34 16 41 23 3 24 15 26 14 12 13 21 48 22 32 40 49 5 43 25 11 36 46 1 10 4 27 2 30 35 42 17 4668.08 4685.79
0 8 9 39 31 45 7 29 6 38 20 18 28 44 33 37 19 47 34 16 41 23 3 24 15 26 14 12 13 21 48 22 32 40 49 5 43 25 11 36 46 1 10 4 27 2 30 35 42 17 4668.08 4687.35
0 8 9 39 31 45 7 29 6 38 20 18 28 44 33 37 19 47 34 16 41 23 3 24 15 26 14 12 13 21 48 22 32 40 49 5 43 25 11 36 46 1 10 4 27 2 30 35 42 17 4668.08 4670.25
0 8 9 39 31 45 7 29 6 38 20 18 28 44 33 37 19 47 34 16 41 23 3 24 15 26 14 12 13 21 48 22 32 40 49 5 43 25 11 36 46 1 10 4 27 2 30 35 42 17 4668.08 4698.37
0 8 9 39 31 45 7 29 6 38 20 18 28 44 33 37 19 47 34 16 41 23 3 24 15 26 14 12 13 21 48 22 32 40 49 5 43 25 11 36 46 1 10 4 27 2 30 35 42 17 4668.08 4682.25
0 8 9 39 31 45 7 29 6 38 20 18 28 44 33 37 19 47 34 16 41 23 3 24 15 26 14 12 13 21 48 22 32 40 49 5 43 25 11 36 46 1 10 4 27 2 30 35 42 17 4668.08 4682.38
0 8 9 39 31 45 7 29 6 38 20 18 28 44 33 37 19 47 34 16 41 23 3 24 15 26 14 12 13 21 48 22 32 40 49 5 43 25 11 36 46 1 10 4 27 2 30 35 42 17 4668.08 4668.08
0 8 9 39 31 45 7 29 6 38 20 18 28 44 33 37 19 47 34 16 41 23 3 24 15 26 14 12 13 21 48 22 32 40 49 5 43 25 11 36 46 1 10 4 27 2 30 35 42 17 4668.08 4668.08
0 8 9 39 31 45 7 29 6 38 20 18 28 44 33 37 19 47 34 16 41 23 3 24 15 26 14 12 13 21 48 22 32 40 49 5 43 25 11 36 46 1 10 4 27 2 30 35 42 17 4668.08 4668.08
0 8 9 39 31 45 7 29 6 38 20 18 28 44 33 37 19 47 34 16 41 23 3 24 15 26 14 12 13 21 48 22 32 40 49 5 43 25 11 36 46 1 10 4 27 2 30 35 42 17 4668.08 4675.62
0 8 9 39 31 45 7 29 6 38 20 18 28 44 33 37 19 47 34 16 41 23 3 24 15 26 14 12 13 21 48 22 32 40 49 5 43 25 11 36 46 1 10 4 27 2 30 35 42 17 4668.08 4673.72
0 8 9 39 31 45 7 29 6 38 20 18 28 44 33 37 19 47 34 16 41 23 3 24 15 26 14 12 13 21 48 22 32 40 49 5 43 25 11 36 46 1 10 4 27 2 30 35 42 17 4668.08 4674.93
0 8 9 39 31 45 7 29 6 38 20 18 28 44 33 37 19 47 34 16 41 23 3 24 15 26 14 12 13 21 48 22 32 40 49 5 43 25 11 36 46 1 10 4 27 2 30 35 42 17 4668.08 4674.66
0 8 9 39 31 45 7 29 6 38 20 18 28 44 33 37 19 47 34 16 41 23 3 24 15 26 14 12 13 21 48 22 32 40 49 5 43 25 11 36 46 1 10 4 27 2 30 35 42 17 4668.08 4684.14
0 8 9 39 31 45 7 29 6 38 20 18 28 44 33 37 19 47 34 16 41 23 3 24 15 26 14 12 13 21 48 22 32 40 49 5 43 25 11 36 46 1 10 4 27 2 30 35 42 17 4668.08 4683.41
0 8 9 39 31 45 7 29 6 38 20 18 28 44 33 37 19 47 34 16 41 23 3 24 15 26 14 12 13 21 48 22 32 40 49 5 43 25 11 36 46 1 10 4 27 2 30 35 42 17 4668.08 4723.76
0 8 9 39 31 45 7 29 6 38 20 18 28 44 33 37 19 47 34 16 41 23 3 24 15 26 14 12 13 21 48 22 32 40 49 5 43 25 11 36 46 1 10 4 27 2 30 35 42 17 4668.08 4673.96
0 8 9 39 31 45 7 29 6 38 20 18 28 44 33 37 19 47 34 16 41 23 3 24 15 26 14 12 13 21 48 22 32 40 49 5 43 25 11 36 46 1 10 4 27 2 30 35 42 17 4668.08 4683.7
0 8 9 39 31 45 7 29 6 38 20 18 28 44 33 37 19 47 34 16 41 23 3 24 15 26 14 12 13 21 48 22 32 40 49 5 43 25 11 36 46 1 10 4 27 2 30 35 42 17 4668.08 4686.57
0 8 9 39 31 45 7 29 6 38 20 18 28 44 33 37 19 47 34 16 41 23 3 24 15 26 14 12 13 21 48 22 32 40 49 5 43 25 11 36 46 1 10 4 27 2 30 35 42 17 4668.08 4672.52
0 8 9 39 31 45 7 29 6 38 20 18 28 44 33 37 19 47 34 16 41 23 3 24 15 26 14 12 13 21 48 22 32 40 49 5 43 25 11 36 46 1 10 4 27 2 30 35 42 17 4668.08 4683.59
0 8 9 39 31 45 7 29 6 38 20 18 28 44 33 37 19 47 34 16 41 23 3 24 15 26 14 12 13 21 48 22 32 40 49 5 43 25 11 36 46 1 10 4 27 2 30 35 42 17 4668.08 4675.43
0 8 9 39 31 45 7 29 6 38 20 18 28 44 33 37 19 47 34 16 41 23 3 24 15 26 14 12 13 21 48 22 32 40 49 5 43 25 11 36 46 1 10 4 27 2 30 35 42 17 4668.08 4703.65
0 8 9 39 31 45 7 29 6 38 20 18 28 44 33 37 19 47 34 16 41 23 3 24 15 26 14 12 13 21 48 22 32 40 49 5 43 25 11 36 46 1 10 4 27 2 30 35 42 17 4668.08 4683.26
0 8 9 39 31 45 7 29 6 38 20 18 28 44 33 37 19 47 34 16 41 23 3 24 15 26 14 12 13 21 48 22 32 40 49 5 43 25 11 36 46 1 10 4 27 2 30 35 42 17 4668.08 4699.86
0 8 9 39 31 45 7 29 6 38 20 18 28 44 33 37 19 47 34 16 41 23 3 24 15 26 14 12 13 21 48 22 32 40 49 5 43 25 11 36 46 1 10 4 27 2 30 35 42 17 4668.08 4690.42
0 17 42 35 30 2 27 4 10 1 46 36 11 25 43 5 49 40 32 22 48 21 13 12 14 26 15 24 3 23 41 16 34 47 19 37 33 44 28 18 20 38 6 29 7 45 31 39 9 8 4668.08 4669.18
0 17 42 35 30 2 27 4 10 1 46 36 11 25 43 5 49 40 32 22 48 21 13 12 14 26 15 24 3 23 41 16 34 47 19 37 33 44 28 18 20 38 6 29 7 45 31 39 9 8 4668.08 4683.67
0 17 42 35 30 2 27 4 10 1 46 36 11 25 43 5 49 40 32 22 48 21 13 12 14 26 15 24 3 23 41 16 34 47 19 37 33 44 28 18 20 38 6 29 7 45 31 39 9 8 4668.08 4734.12
0 17 42 35 30 2 27 4 10 1 46 36 11 25 43 5 49 40 32 22 48 21 13 12 14 26 15 24 3 23 41 16 34 47 19 37 33 44 28 18 20 38 6 29 7 45 31 39 9 8 4668.08 4746.36
0 17 42 35 30 2 27 4 10 1 46 36 11 25 43 5 49 40 32 22 48 21 13 12 14 26 15 24 3 23 41 16 34 47 19 37 33 44 28 18 20 38 6 29 7 45 31 39 9 8 4668.08 4689.54
0 17 42 35 30 2 27 4 10 1 46 36 11 25 43 5 49 40 32 22 48 21 13 12 14 26 15 24 3 23 41 16 34 47 19 37 33 44 28 18 20 38 6 29 7 45 31 39 9 8 4668.08 4694.84
0 17 42 35 30 2 27 4 10 1 46 36 11 25 43 5 49 40 32 22 48 21 13 12 14 26 15 24 3 23 41 16 34 47 19 37 33 44 28 18 20 38 6 29 7 45 31 39 9 8 4668.08 4690.74
0 17 42 35 30 2 27 4 10 1 46 36 11 25 43 5 49 40 32 22 48 21 13 12 14 26 15 24 3 23 41 16 34 47 19 37 33 44 28 18 20 38 6 29 7 45 31 39 9 8 4668.08 4702.28
0 17 42 35 30 2 27 4 10 1 46 36 11 25 43 5 49 40 32 22 48 21 13 12 14 26 15 24 3 23 41 16 34 47 19 37 33 44 28 18 20 38 6 29 7 45 31 39 9 8 4668.08 4673.34
0 17 42 35 30 2 27 4 10 1 46 36 11 25 43 5 49 40 32 22 48 21 13 12 14 26 15 24 3 23 41 16 34 47 19 37 33 44 28 18 20 38 6 29 7 45 31 39 9 8 4668.08 4680.26
0 17 42 35 30 2 27 4 10 1 46 36 11 25 43 5 49 40 32 22 48 21 13 12 14 26 15 24 3 23 41 16 34 47 19 37 33 44 28 18 20 38 6 29 7 45 31 39 9 8 4668.08 4673.97
0 17 42 35 30 2 27 4 10 1 46 36 11 25 43 5 49 40 32 22 48 21 13 12 14 26 15 24 3 23 41 16 34 47 19 37 33 44 28 18 20 38 6 29 7 45 31 39 9 8 4668.08 4676.25
0 17 42 35 30 2 27 4 10 1 46 36 11 25 43 5 49 40 32 22 48 21 13 12 14 26 15 24 3 23 41 16 34 47 19 37 33 44 28 18 20 38 6 29 7 45 31 39 9 8 4668.08 4671.91
0 17 42 35 30 2 27 4 10 1 46 36 11 25 43 5 49 40 32 22 48 21 13 12 14 26 15 24 3 23 41 16 34 47 19 37 33 44 28 18 20 38 6 29 7 45 31 39 9 8 4668.08 4677.93
0 17 42 35 30 2 27 4 10 1 46 36 11 25 43 5 49 40 32 22 48 21 13 12 14 26 15 24 3 23 41 16 34 47 19 37 33 44 28 18 20 38 6 29 7 45 31 39 9 8 4668.08 4668.08
0 17 42 35 30 2 27 4 10 1 46 36 11 25 43 5 49 40 32 22 48 21 13 12 14 26 15 24 3 23 41 16 34 47 19 37 33 44 28 18 20 38 6 29 7 45 31 39 9 8 4668.08 4710.55
0 17 42 35 30 2 27 4 10 1 46 36 11 25 43 5 49 40 32 22 48 21 13 12 14 26 15 24 3 23 41 16 34 47 19 37 33 44 28 18 20 38 6 29 7 45 31 39 9 8 4668.08 4674.3
0 17 42 35 30 2 27 4 10 1 46 36 11 25 43 5 49 40 32 22 48 21 13 12 14 26 15 24 3 23 41 16 34 47 19 37 33 44 28 18 20 38 6 29 7 45 31 39 9 8 4668.08 4668.35
0 17 42 35 30 2 27 4 10 1 46 36 11 25 43 5 49 40 32 22 48 21 13 12 14 26 15 24 3 23 41 16 34 47 19 37 33 44 28 18 20 38 6 29 7 45 31 39 9 8 4668.08 4685.6
0 17 42 35 30 2 27 4 10 1 46 36 11 25 43 5 49 40 32 22 48 21 13 12 14 26 15 24 3 23 41 16 34 47 19 37 33 44 28 18 20 38 6 29 7 45 31 39 9 8 4668.08 4687.34
0 17 42 35 30 2 27 4 10 1 46 36 11 25 43 5 49 40 32 22 48 21 13 12 14 26 15 24 3 23 41 16 34 47 19 37 33 44 28 18 20 38 6 29 7 45 31 39 9 8 4668.08 4678.75
0 17 42 35 30 2 27 4 10 1 46 36 11 25 43 5 49 40 32 22 48 21 13 12 14 26 15 24 3 23 41 16 34 47 19 37 33 44 28 18 20 38 6 29 7 45 31 39 9 8 4668.08 4672.82
0 17 42 35 30 2 27 4 10 1 46 36 11 25 43 5 49 40 32 22 48 21 13 12 14 26 15 24 3 23 41 16 34 47 19 37 33 44 28 18 20 38 6 29 7 45 31 39 9 8 4668.08 4673.46
0 17 42 35 30 2 27 4 10 1 46 36 11 25 43 5 49 40 32 22 48 21 13 12 14 26 15 24 3 23 41 16 34 47 19 37 33 44 28 18 20 38 6 29 7 45 31 39 9 8 4668.08 4674.21
0 17 42 35 30 2 27 4 10 1 46 36 11 25 43 5 49 40 32 22 48 21 13 12 14 26 15 24 3 23 41 16 34 47 19 37 33 44 28 18 20 38 6 29 7 45 31 39 9 8 4668.08 4678.24
0 17 42 35 30 2 27 4 10 1 46 36 11 25 43 5 49 40 32 22 48 21 13 12 14 26 15 24 3 23 41 16 34 47 19 37 33 44 28 18 20 38 6 29 7 45 31 39 9 8 4668.08 4676.87
0 17 42 35 30 2 27 4 10 1 46 36 11 25 43 5 49 40 32 22 48 21 13 12 14 26 15 24 3 23 41 16 34 47 19 37 33 44 28 18 20 38 6 29 7 45 31 39 9 8 4668.08 4683.97
0 17 42 35 30 2 27 4 10 1 46 36 11 25 43 5 49 40 32 22 48 21 13 12 14 26 15 24 3 23 41 16 34 47 19 37 33 44 28 18 20 38 6 29 7 45 31 39 9 8 4668.08 4691.24
0 17 42 35 30 2 27 4 10 1 46 36 11 25 43 5 49 40 32 22 48 21 13 12 14 26 15 24 3 23 41 16 34 47 19 37 33 44 28 18 20 38 6 29 7 45 31 39 9 8 4668.08 4680.61
0 17 42 35 30 2 27 4 10 1 46 36 11 25 43 5 49 40 32 22 48 21 13 12 14 26 15 24 3 23 41 16 34 47 19 37 33 44 28 18 20 38 6 29 7 45 31 39 9 8 4668.08 4668.08
0 17 42 35 30 2 27 4 10 1 46 36 11 25 43 5 49 40 32 22 48 21 13 12 14 26 15 24 3 23 41 16 34 47 19 37 33 44 28 18 20 38 6 29 7 45 31 39 9 8 4668.08 4669.33
0 17 42 35 30 2 27 4 10 1 46 36 11 25 43 5 49 40 32 22 48 21 13 12 14 26 15 24 3 23 41 16 34 47 19 37 33 44 28 18 20 38 6 29 7 45 31 39 9 8 4668.08 4674.7
0 17 42 35 30 2 27 4 10 1 46 36 11 25 43 5 49 40 32 22 48 21 13 12 14 26 15 24 3 23 41 16 34 47 19 37 33 44 28 18 20 38 6 29 7 45 31 39 9 8 4668.08 4674.1
0 17 42 35 30 2 27 4 10 1 46 36 11 25 43 5 49 40 32 22 48 21 13 12 14 26 15 24 3 23 41 16 34 47 19 37 33 44 28 18 20 38 6 29 7 45 31 39 9 8 4668.08 4668.13
0 17 42 35 30 2 27 4 10 1 46 36 11 25 43 5 49 40 32 22 48 21 13 12 14 26 15 24 3 23 41 16 34 47 19 37 33 44 28 18 20 38 6 29 7 45 31 39 9 8 4668.08 4668.97
0 17 42 35 30 2 27 4 10 1 46 36 11 25 43 5 49 40 32 22 48 21 13 12 14 26 15 24 3 23 41 16 34 47 19 37 33 44 28 18 20 38 6 29 7 45 31 39 9 8 4668.08 4668.08
0 17 42 35 30 2 27 4 10 1 46 36 11 25 43 5 49 40 32 22 48 21 13 12 14 26 15 24 3 23 41 16 34 47 19 37 33 44 28 18 20 38 6 29 7 45 31 39 9 8 4668.08 4669.6
0 17 42 35 30 2 27 4 10 1 46 36 11 25 43 5 49 40 32 22 48 21 13 12 14 26 15 24 3 23 41 16 34 47 19 37 33 44 28 18 20 38 6 29 7 45 31 39 9 8 4668.08 4668.08
0 17 42 35 30 2 27 4 10 1 46 36 11 25 43 5 49 40 32 22 48 21 13 12 14 26 15 24 3 23 41 16 34 47 19 37 33 44 28 18 20 38 6 29 7 45 31 39 9 8 4668.08 4668.08
0 17 42 35 30 2 27 4 10 1 46 36 11 25 43 5 49 40 32 22 48 21 13 12 14 26 15 24 3 23 41 16 34 47 19 37 33 44 28 18 20 38 6 29 7 45 31 39 9 8 4668.08 4668.08
0 17 42 35 30 2 27 4 10 1 46 36 11 25 43 5 49 40 32 22 48 21 13 12 14 26 15 24 3 23 41 16 34 47 19 37 33 44 28 18 20 38 6 29 7 45 31 39 9 8 4668.08 4668.08
0 17 42 35 30 2 27 4 10 1 46 36 11 25 43 5 49 40 32 22 48 21 13 12 14 26 15 24 3 23 41 16 34 47 19 37 33 44 28 18 20 38 6 29 7 45 31 39 9 8 4668.08 4668.08
0 17 42 35 30 2 27 4 10 1 46 36 11 25 43 5 49 40 32 22 48 21 13 12 14 26 15 24 3 23 41 16 34 47 19 37 33 44 28 18 20 38 6 29 7 45 31 39 9 8 4668.08 4668.39
0 17 42 35 30 2 27 4 10 1 46 36 11 25 43 5 49 40 32 22 48 21 13 12 14 26 15 24 3 23 41 16 34 47 19 37 33 44 28 18 20 38 6 29 7 45 31 39 9 8 4668.08 4673.1
0 17 42 35 30 2 27 4 10 1 46 36 11 25 43 5 49 40 32 22 48 21 13 12 14 26 15 24 3 23 41 16 34 47 19 37 33 44 28 18 20 38 6 29 7 45 31 39 9 8 4668.08 4668.08
0 17 42 35 30 2 27 4 10 1 46 36 11 25 43 5 49 40 32 22 48 21 13 12 14 26 15 24 3 23 41 16 34 47 19 37 33 44 28 18 20 38 6 29 7 45 31 39 9 8 4668.08 4668.08
0 17 42 35 30 2 27 4 10 1 46 36 11 25 43 5 49 40 32 22 48 21 13 12 14 26 15 24 3 23 41 16 34 47 19 37 33 44 28 18 20 38 6 29 7 45 31 39 9 8 4668.08 4668.29
0 17 42 35 30 2 27 4 10 1 46 36 11 25 43 5 49 40 32 22 48 21 13 12 14 26 15 24 3 23 41 16 34 47 19 37 33 44 28 18 20 38 6 29 7 45 31 39 9 8 4668.08 4702.83
0 17 42 35 30 2 27 4 10 1 46 36 11 25 43 5 49 40 32 22 48 21 13 12 14 26 15 24 3 23 41 16 34 47 19 37 33 44 28 18 20 38 6 29 7 45 31 39 9 8 4668.08 4685.06
0 17 42 35 30 2 27 4 10 1 46 36 11 25 43 5 49 40 32 22 48 21 13 12 14 26 15 24 3 23 41 16 34 47 19 37 33 44 28 18 20 38 6 29 7 45 31 39 9 8 4668.08 4679.15
0 17 42 35 30 2 27 4 10 1 46 36 11 25 43 5 49 40 32 22 48 21 13 12 14 26 15 24 3 23 41 16 34 47 19 37 33 44 28 18 20 38 6 29 7 45 31 39 9 8 4668.08 4679.88
0 17 42 35 30 2 27 4 10 1 46 36 11 25 43 5 49 40 32 22 48 21 13 12 14 26 15 24 3 23 41 16 34 47 19 37 33 44 28 18 20 38 6 29 7 45 31 39 9 8 4668.08 4682.06
0 17 42 35 30 2 27 4 10 1 46 36 11 25 43 5 49 40 32 22 48 21 13 12 14 26 15 24 3 23 41 16 34 47 19 37 33 44 28 18 20 38 6 29 7 45 31 39 9 8 4668.08 4670.44
0 17 42 35 30 2 27 4 10 1 46 36 11 25 43 5 49 40 32 22 48 21 13 12 14 26 15 24 3 23 41 16 34 47 19 37 33 44 28 18 20 38 6 29 7 45 31 39 9 8 4668.08 4668.08
0 17 42 35 30 2 27 4 10 1 46 36 11 25 43 5 49 40 32 22 48 21 13 12 14 26 15 24 3 23 41 16 34 47 19 37 33 44 28 18 20 38 6 29 7 45 31 39 9 8 4668.08 4668.08
0 17 42 35 30 2 27 4 10 1 46 36 11 25 43 5 49 40 32 22 48 21 13 12 14 26 15 24 3 23 41 16 34 47 19 37 33 44 28 18 20 38 6 29 7 45 31 39 9 8 4668.08 4668.08
0 17 42 35 30 2 27 4 10 1 46 36 11 25 43 5 49 40 32 22 48 21 13 12 14 26 15 24 3 23 41 16 34 47 19 37 33 44 28 18 20 38 6 29 7 45 31 39 9 8 4668.08 4683.22
0 17 42 35 30 2 27 4 10 1 46 36 11 25 43 5 49 40 32 22 48 21 13 12 14 26 15 24 3 23 41 16 34 47 19 37 33 44 28 18 20 38 6 29 7 45 31 39 9 8 4668.08 4669.16
0 17 42 35 30 2 27 4 10 1 46 36 11 25 43 5 49 40 32 22 48 21 13 12 14 26 15 24 3 23 41 16 34 47 19 37 33 44 28 18 20 38 6 29 7 45 31 39 9 8 4668.08 4668.08
0 17 42 35 30 2 27 4 10 1 46 36 11 25 43 5 49 40 32 22 48 21 13 12 14 26 15 24 3 23 41 16 34 47 19 37 33 44 28 18 20 38 6 29 7 45 31 39 9 8 4668.08 4674.78
0 17 42 35 30 2 27 4 10 1 46 36 11 25 43 5 49 40 32 22 48 21 13 12 14 26 15 24 3 23 41 16 34 47 19 37 33 44 28 18 20 38 6 29 7 45 31 39 9 8 4668.08 4698.06
0 17 42 35 30 2 27 4 10 1 46 36 11 25 43 5 49 40 32 22 48 21 13 12 14 26 15 24 3 23 41 16 34 47 19 37 33 44 28 18 20 38 6 29 7 45 31 39 9 8 4668.08 4673.16
0 17 42 35 30 2 27 4 10 1 46 36 11 25 43 5 49 40 32 22 48 21 13 12 14 26 15 24 3 23 41 16 34 47 19 37 33 44 28 18 20 38 6 29 7 45 31 39 9 8 4668.08 4668.08
0 17 42 35 30 2 27 4 10 1 46 36 11 25 43 5 49 40 32 22 48 21 13 12 14 26 15 24 3 23 41 16 34 47 19 37 33 44 28 18 20 38 6 29 7 45 31 39 9 8 4668.08 4678.24
0 17 42 35 30 2 27 4 10 1 46 36 11 25 43 5 49 40 32 22 48 21 13 12 14 26 15 24 3 23 41 16 34 47 19 37 33 44 28 18 20 38 6 29 7 45 31 39 9 8 4668.08 4700.38
0 17 42 35 30 2 27 4 10 1 46 36 11 25 43 5 49 40 32 22 48 21 13 12 14 26 15 24 3 23 41 16 34 47 19 37 33 44 28 18 20 38 6 29 7 45 31 39 9 8 4668.08 4688.96
0 17 42 35 30 2 27 4 10 1 46 36 11 25 43 5 49 40 32 22 48 21 13 12 14 26 15 24 3 23 41 16 34 47 19 37 33 44 28 18 20 38 6 29 7 45 31 39 9 8 4668.08 4669.43
0 17 42 35 30 2 27 4 10 1 46 36 11 25 43 5 49 40 32 22 48 21 13 12 14 26 15 24 3 23 41 16 34 47 19 37 33 44 28 18 20 38 6 29 7 45 31 39 9 8 4668.08 4673.22
0 17 42 35 30 2 27 4 10 1 46 36 11 25 43 5 49 40 32 22 48 21 13 12 14 26 15 24 3 23 41 16 34 47 19 37 33 44 28 18 20 38 6 29 7 45 31 39 9 8 4668.08 4672.08
0 17 42 35 30 2 27 4 10 1 46 36 11 25 43 5 49 40 32 22 48 21 13 12 14 26 15 24 3 23 41 16 34 47 19 37 33 44 28 18 20 38 6 29 7 45 31 39 9 8 4668.08 4676.52
0 17 42 35 30 2 27 4 10 1 46 36 11 25 43 5 49 40 32 22 48 21 13 12 14 26 15 24 3 23 41 16 34 47 19 37 33 44 28 18 20 38 6 29 7 45 31 39 9 8 4668.08 4668.56
0 17 42 35 30 2 27 4 10 1 46 36 11 25 43 5 49 40 32 22 48 21 13 12 14 26 15 24 3 23 41 16 34 47 19 37 33 44 28 18 20 38 6 29 7 45 31 39 9 8 4668.08 4668.11
0 17 42 35 30 2 27 4 10 1 46 36 11 25 43 5 49 40 32 22 48 21 13 12 14 26 15 24 3 23 41 16 34 47 19 37 33 44 28 18 20 38 6 29 7 45 31 39 9 8 4668.08 4679.99
0 17 42 35 30 2 27 4 10 1 46 36 11 25 43 5 49 40 32 22 48 21 13 12 14 26 15 24 3 23 41 16 34 47 19 37 33 44 28 18 20 38 6 29 7 45 31 39 9 8 4668.08 4678.61
0 17 42 35 30 2 27 4 10 1 46 36 11 25 43 5 49 40 32 22 48 21 13 12 14 26 15 24 3 23 41 16 34 47 19 37 33 44 28 18 20 38 6 29 7 45 31 39 9 8 4668.08 4690.88
0 17 42 35 30 2 27 4 10 1 46 36 11 25 43 5 49 40 32 22 48 21 13 12 14 26 15 24 3 23 41 16 34 47 19 37 33 44 28 18 20 38 6 29 7 45 31 39 9 8 4668.08 4673.82
0 17 42 35 30 2 27 4 10 1 46 36 11 25 43 5 49 40 32 22 48 21 13 12 14 26 15 24 3 23 41 16 34 47 19 37 33 44 28 18 20 38 6 29 7 45 31 39 9 8 4668.08 4684.29
0 17 42 35 30 2 27 4 10 1 46 36 11 25 43 5 49 40 32 22 48 21 13 12 14 26 15 24 3 23 41 16 34 47 19 37 33 44 28 18 20 38 6 29 7 45 31 39 9 8 4668.08 4696.61
0 17 42 35 30 2 27 4 10 1 46 36 11 25 43 5 49 40 32 22 48 21 13 12 14 26 15 24 3 23 41 16 34 47 19 37 33 44 28 18 20 38 6 29 7 45 31 39 9 8 4668.08 4679.14
0 17 42 35 30 2 27 4 10 1 46 36 11 25 43 5 49 40 32 22 48 21 13 12 14 26 15 24 3 23 41 16 34 47 19 37 33 44 28 18 20 38 6 29 7 45 31 39 9 8 4668.08 4670.28
0 17 42 35 30 2 27 4 10 1 46 36 11 25 43 5 49 40 32 22 48 21 13 12 14 26 15 24 3 23 41 16 34 47 19 37 33 44 28 18 20 38 6 29 7 45 31 39 9 8 4668.08 4669.19
0 17 42 35 30 2 27 4 10 1 46 36 11 25 43 5 49 40 32 22 48 21 13 12 14 26 15 24 3 23 41 16 34 47 19 37 33 44 28 18 20 38 6 29 7 45 31 39 9 8 4668.08 4668.08
0 17 42 35 30 2 27 4 10 1 46 36 11 25 43 5 49 40 32 22 48 21 13 12 14 26 15 24 3 23 41 16 34 47 19 37 33 44 28 18 20 38 6 29 7 45 31 39 9 8 4668.08 4668.69
0 17 42 35 30 2 27 4 10 1 46 36 11 25 43 5 49 40 32 22 48 21 13 12 14 26 15 24 3 23 41 16 34 47 19 37 33 44 28 18 20 38 6 29 7 45 31 39 9 8 4668.08 4669.64
0 17 42 35 30 2 27 4 10 1 46 36 11 25 43 5 49 40 32 22 48 21 13 12 14 26 15 24 3 23 41 16 34 47 19 37 33 44 28 18 20 38 6 29 7 45 31 39 9 8 4668.08 4668.53
0 17 42 35 30 2 27 4 10 1 46 36 11 25 43 5 49 40 32 22 48 21 13 12 14 26 15 24 3 23 41 16 34 47 19 37 33 44 28 18 20 38 6 29 7 45 31 39 9 8 4668.08 4668.08
0 17 42 35 30 2 27 4 10 1 46 36 11 25 43 5 49 40 32 22 48 21 13 12 14 26 15 24 3 23 41 16 34 47 19 37 33 44 28 18 20 38 6 29 7 45 31 39 9 8 4668.08 4678.87
0 17 42 35 30 2 27 4 10 1 46 36 11 25 43 5 49 40 32 22 48 21 13 12 14 26 15 24 3 23 41 16 34 47 19 37 33 44 28 18 20 38 6 29 7 45 31 39 9 8 4668.08 4703.54
0 17 42 35 30 2 27 4 10 1 46 36 11 25 43 5 49 40 32 22 48 21 13 12 14 26 15 24 3 23 41 16 34 47 19 37 33 44 28 18 20 38 6 29 7 45 31 39 9 8 4668.08 4684.38
0 17 42 35 30 2 27 4 10 1 46 36 11 25 43 5 49 40 32 22 48 21 13 12 14 26 15 24 3 23 41 16 34 47 19 37 33 44 28 18 20 38 6 29 7 45 31 39 9 8 4668.08 4674.12
0 17 42 35 30 2 27 4 10 1 46 36 11 25 43 5 49 40 32 22 48 21 13 12 14 26 15 24 3 23 41 16 34 47 19 37 33 44 28 18 20 38 6 29 7 45 31 39 9 8 4668.08 4669.62
0 17 42 35 30 2 27 4 10 1 46 36 11 25 43 5 49 40 32 22 48 21 13 12 14 26 15 24 3 23 41 16 34 47 19 37 33 44 28 18 20 38 6 29 7 45 31 39 9 8 4668.08 4669.29
0 17 42 35 30 2 27 4 10 1 46 36 11 25 43 5 49 40 32 22 48 21 13 12 14 26 15 24 3 23 41 16 34 47 19 37 33 44 28 18 20 38 6 29 7 45 31 39 9 8 4668.08 4668.08
0 17 42 35 30 2 27 4 10 1 46 36 11 25 43 5 49 40 32 22 48 21 13 12 14 26 15 24 3 23 41 16 34 47 19 37 33 44 28 18 20 38 6 29 7 45 31 39 9 8 4668.08 4676.44
0 23 17 42 35 30 2 27 4 10 1 46 36 11 25 43 5 49 40 32 22 48 21 13 12 14 26 15 24 3 41 16 34 47 19 37 33 44 28 18 20 38 6 29 7 45 31 39 9 8 4655.45 4660.84
0 23 17 42 35 30 2 27 4 10 1 46 36 11 25 43 5 49 40 32 22 48 21 13 12 14 26 15 24 3 41 16 34 47 19 37 33 44 28 18 20 38 6 29 7 45 31 39 9 8 4655.45 4664.13
0 23 17 42 35 30 2 27 4 10 1 46 36 11 25 43 5 49 40 32 22 48 21 13 12 14 26 15 24 3 41 16 34 47 19 37 33 44 28 18 20 38 6 29 7 45 31 39 9 8 4655.45 4661.02
0 23 17 42 35 30 2 27 4 10 1 46 36 11 25 43 5 49 40 32 22 48 21 13 12 14 26 15 24 3 41 16 34 47 19 37 33 44 28 18 20 38 6 29 7 45 31 39 9 8 4655.45 4671.92
0 23 17 42 35 30 2 27 4 10 1 46 36 11 25 43 5 49 40 32 22 48 21 13 12 14 26 15 24 3 41 16 34 47 19 37 33 44 28 18 20 38 6 29 7 45 31 39 9 8 4655.45 4731.97
0 23 17 42 35 30 2 27 4 10 1 46 36 11 25 43 5 49 40 32 22 48 21 13 12 14 26 15 24 3 41 16 34 47 19 37 33 44 28 18 20 38 6 29 7 45 31 39 9 8 4655.45 4686.29
0 23 17 42 35 30 2 27 4 10 1 46 36 11 25 43 5 49 40 32 22 48 21 13 12 14 26 15 24 3 41 16 34 47 19 37 33 44 28 18 20 38 6 29 7 45 31 39 9 8 4655.45 4665.34
0 23 17 42 35 30 2 27 4 10 1 46 36 11 25 43 5 49 40 32 22 48 21 13 12 14 26 15 24 3 41 16 34 47 19 37 33 44 28 18 20 38 6 29 7 45 31 39 9 8 4655.45 4655.95
0 23 17 42 35 30 2 27 4 10 1 46 36 11 25 43 5 49 40 32 22 48 21 13 12 14 26 15 24 3 41 16 34 47 19 37 33 44 28 18 20 38 6 29 7 45 31 39 9 8 4655.45 4663.17
0 23 17 42 35 30 2 27 4 10 1 46 36 11 25 43 5 49 40 32 22 48 21 13 12 14 26 15 24 3 41 16 34 47 19 37 33 44 28 18 20 38 6 29 7 45 31 39 9 8 4655.45 4668.57
0 23 17 42 35 30 2 27 4 10 1 46 36 11 25 43 5 49 40 32 22 48 21 13 12 14 26 15 24 3 41 16 34 47 19 37 33 44 28 18 20 38 6 29 7 45 31 39 9 8 4655.45 4655.45
0 23 17 42 35 30 2 27 4 10 1 46 36 11 25 43 5 49 40 32 22 48 21 13 12 14 26 15 24 3 41 16 34 47 19 37 33 44 28 18 20 38 6 29 7 45 31 39 9 8 4655.45 4666.35
0 23 17 42 35 30 2 27 4 10 1 46 36 11 25 43 5 49 40 32 22 48 21 13 12 14 26 15 24 3 41 16 34 47 19 37 33 44 28 18 20 38 6 29 7 45 31 39 9 8 4655.45 4679.43
0 23 17 42 35 30 2 27 4 10 1 46 36 11 25 43 5 49 40 32 22 48 21 13 12 14 26 15 24 3 41 16 34 47 19 37 33 44 28 18 20 38 6 29 7 45 31 39 9 8 4655.45 4655.45
0 23 17 42 35 30 2 27 4 10 1 46 36 11 25 43 5 49 40 32 22 48 21 13 12 14 26 15 24 3 41 16 34 47 19 37 33 44 28 18 20 38 6 29 7 45 31 39 9 8 4655.45 4736.07
0 23 17 42 35 30 2 27 4 10 1 46 36 11 25 43 5 49 40 32 22 48 21 13 12 14 26 15 24 3 41 16 34 47 19 37 33 44 28 18 20 38 6 29 7 45 31 39 9 8 4655.45 4661.5
0 23 17 42 35 30 2 27 4 10 1 46 36 11 25 43 5 49 40 32 22 48 21 13 12 14 26 15 24 3 41 16 34 47 19 37 33 44 28 18 20 38 6 29 7 45 31 39 9 8 4655.45 4657.78
0 23 17 42 35 30 2 27 4 10 1 46 36 11 25 43 5 49 40 32 22 48 21 13 12 14 26 15 24 3 41 16 34 47 19 37 33 44 28 18 20 38 6 29 7 45 31 39 9 8 4655.45 4659.82
0 23 17 42 35 30 2 27 4 10 1 46 36 11 25 43 5 49 40 32 22 48 21 13 12 14 26 15 24 3 41 16 34 47 19 37 33 44 28 18 20 38 6 29 7 45 31 39 9 8 4655.45 4656.8
0 23 17 42 35 30 2 27 4 10 1 46 36 11 25 43 5 49 40 32 22 48 21 13 12 14 26 15 24 3 41 16 34 47 19 37 33 44 28 18 20 38 6 29 7 45 31 39 9 8 4655.45 4655.45
0 23 17 42 35 30 2 27 4 10 1 46 36 11 25 43 5 49 40 32 22 48 21 13 12 14 26 15 24 3 41 16 34 47 19 37 33 44 28 18 20 38 6 29 7 45 31 39 9 8 4655.45 4655.45
0 23 17 42 35 30 2 27 4 10 1 46 36 11 25 43 5 49 40 32 22 48 21 13 12 14 26 15 24 3 41 16 34 47 19 37 33 44 28 18 20 38 6 29 7 45 31 39 9 8 4655.45 4655.45
0 23 17 42 35 30 2 27 4 10 1 46 36 11 25 43 5 49 40 32 22 48 21 13 12 14 26 15 24 3 41 16 34 47 19 37 33 44 28 18 20 38 6 29 7 45 31 39 9 8 4655.45 4655.45
0 23 17 42 35 30 2 27 4 10 1 46 36 11 25 43 5 49 40 32 22 48 21 13 12 14 26 15 24 3 41 16 34 47 19 37 33 44 28 18 20 38 6 29 7 45 31 39 9 8 4655.45 4655.45
0 23 17 42 35 30 2 27 4 10 1 46 36 11 25 43 5 49 40 32 22 48 21 13 12 14 26 15 24 3 41 16 34 47 19 37 33 44 28 18 20 38 6 29 7 45 31 39 9 8 4655.45 4655.45
0 23 17 42 35 30 2 27 4 10 1 46 36 11 25 43 5 49 40 32 22 48 21 13 12 14 26 15 24 3 41 16 34 47 19 37 33 44 28 18 20 38 6 29 7 45 31 39 9 8 4655.45 4655.45
0 23 17 42 35 30 2 27 4 10 1 46 36 11 25 43 5 49 40 32 22 48 21 13 12 14 26 15 24 3 41 16 34 47 19 37 33 44 28 18 20 38 6 29 7 45 31 39 9 8 4655.45 4655.45
0 23 17 42 35 30 2 27 4 10 1 46 36 11 25 43 5 49 40 32 22 48 21 13 12 14 26 15 24 3 41 16 34 47 19 37 33 44 28 18 20 38 6 29 7 45 31 39 9 8 4655.45 4656.29
0 23 17 42 35 30 2 27 4 10 1 46 36 11 25 43 5 49 40 32 22 48 21 13 12 14 26 15 24 3 41 16 34 47 19 37 33 44 28 18 20 38 6 29 7 45 31 39 9 8 4655.45 4674.42
0 23 17 42 35 30 2 27 4 10 1 46 36 11 25 43 5 49 40 32 22 48 21 13 12 14 26 15 24 3 41 16 34 47 19 37 33 44 28 18 20 38 6 29 7 45 31 39 9 8 4655.45 4662.68
0 23 17 42 35 30 2 27 4 10 1 46 36 11 25 43 5 49 40 32 22 48 21 13 12 14 26 15 24 3 41 16 34 47 19 37 33 44 28 18 20 38 6 29 7 45 31 39 9 8 4655.45 4655.71
0 23 17 42 35 30 2 27 4 10 1 46 36 11 25 43 5 49 40 32 22 48 21 13 12 14 26 15 24 3 41 16 34 47 19 37 33 44 28 18 20 38 6 29 7 45 31 39 9 8 4655.45 4655.45
0 23 17 42 35 30 2 27 4 10 1 46 36 11 25 43 5 49 40 32 22 48 21 13 12 14 26 15 24 3 41 16 34 47 19 37 33 44 28 18 20 38 6 29 7 45 31 39 9 8 4655.45 4657.99
0 23 17 42 35 30 2 27 4 10 1 46 36 11 25 43 5 49 40 32 22 48 21 13 12 14 26 15 24 3 41 16 34 47 19 37 33 44 28 18 20 38 6 29 7 45 31 39 9 8 4655.45 4657.12
0 23 17 42 35 30 2 27 4 10 1 46 36 11 25 43 5 49 40 32 22 48 21 13 12 14 26 15 24 3 41 16 34 47 19 37 33 44 28 18 20 38 6 29 7 45 31 39 9 8 4655.45 4673.15
0 23 17 42 35 30 2 27 4 10 1 46 36 11 25 43 5 49 40 32 22 48 21 13 12 14 26 15 24 3 41 16 34 47 19 37 33 44 28 18 20 38 6 29 7 45 31 39 9 8 4655.45 4691.62
0 23 17 42 35 30 2 27 4 10 1 46 36 11 25 43 5 49 40 32 22 48 21 13 12 14 26 15 24 3 41 16 34 47 19 37 33 44 28 18 20 38 6 29 7 45 31 39 9 8 4655.45 4655.61
0 23 17 42 35 30 2 27 4 10 1 46 36 11 25 43 5 49 40 32 22 48 21 13 12 14 26 15 24 3 41 16 34 47 19 37 33 44 28 18 20 38 6 29 7 45 31 39 9 8 4655.45 4655.45
0 23 17 42 35 30 2 27 4 10 1 46 36 11 25 43 5 49 40 32 22 48 21 13 12 14 26 15 24 3 41 16 34 47 19 37 33 44 28 18 20 38 6 29 7 45 31 39 9 8 4655.45 4655.45
0 23 17 42 35 30 2 27 4 10 1 46 36 11 25 43 5 49 40 32 22 48 21 13 12 14 26 15 24 3 41 16 34 47 19 37 33 44 28 18 20 38 6 29 7 45 31 39 9 8 4655.45 4657.56
0 23 17 42 35 30 2 27 4 10 1 46 36 11 25 43 5 49 32 40 26 15 24 3 12 14 22 48 21 13 41 16 34 47 19 37 33 44 28 18 20 38 6 29 7 45 31 39 9 8 4639.76 4649.23
0 23 17 42 35 30 2 27 4 10 1 46 36 11 25 43 5 49 32 40 26 15 24 3 12 14 22 48 21 13 41 16 34 47 19 37 33 44 28 18 20 38 6 29 7 45 31 39 9 8 4639.76 4652.57
0 23 17 42 35 30 2 27 4 10 1 46 36 11 25 43 5 49 32 40 26 15 24 3 12 14 22 48 21 13 41 16 34 47 19 37 33 44 28 18 20 38 6 29 7 45 31 39 9 8 4639.76 4651.36
0 23 17 42 35 30 2 27 4 10 1 46 36 11 25 43 5 49 32 40 26 15 3 24 12 14 22 48 21 13 41 16 34 47 19 37 33 44 28 18 20 38 6 29 7 45 31 39 9 8 4632.61 4640.74
0 23 17 42 35 30 2 27 4 10 1 46 36 11 25 43 5 49 32 40 26 15 3 24 12 14 22 48 21 13 41 16 34 47 19 37 33 44 28 18 20 38 6 29 7 45 31 39 9 8 4632.61 4642.6
0 23 17 42 35 30 2 27 4 10 1 46 36 11 25 43 5 49 32 40 26 15 3 24 12 14 22 48 21 13 41 16 34 47 19 37 33 44 28 18 20 38 6 29 7 45 31 39 9 8 4632.61 4642.99
0 23 17 42 35 30 2 27 4 10 1 46 36 11 25 43 5 49 32 40 26 15 3 24 12 14 22 48 21 13 41 16 34 47 19 37 33 44 28 18 20 38 6 29 7 45 31 39 9 8 4632.61 4637.34
0 23 17 42 35 30 2 27 4 10 1 46 36 11 25 43 5 49 32 40 26 15 3 24 12 14 22 48 21 13 41 16 34 47 19 37 33 44 28 18 20 38 6 29 7 45 31 39 9 8 4632.61 4634.03
0 23 17 42 35 30 2 27 4 10 1 46 36 11 25 43 5 49 32 40 26 15 3 24 12 14 22 48 21 13 41 16 34 47 19 37 33 44 28 18 20 38 6 29 7 45 31 39 9 8 4632.61 4632.88
0 23 17 42 35 30 2 27 4 10 1 46 36 11 25 43 5 49 32 40 26 15 3 24 12 14 22 48 21 13 41 16 34 47 19 37 33 44 28 18 20 38 6 29 7 45 31 39 9 8 4632.61 4632.61
0 23 17 42 35 30 2 27 4 10 1 46 36 11 25 43 5 49 32 40 26 15 3 24 12 14 22 48 21 13 41 16 34 47 19 37 33 44 28 18 20 38 6 29 7 45 31 39 9 8 4632.61 4632.61
0 23 17 42 35 30 2 27 4 10 1 46 36 11 25 43 5 49 32 40 26 15 3 24 12 14 22 48 21 13 41 16 34 47 19 37 33 44 28 18 20 38 6 29 7 45 31 39 9 8 4632.61 4635.14
0 23 17 42 35 30 2 27 4 10 1 46 36 11 25 43 5 49 32 40 26 15 3 24 12 14 22 48 21 13 41 16 34 47 19 37 33 44 28 18 20 38 6 29 7 45 31 39 9 8 4632.61 4632.88
0 23 17 42 35 30 2 27 4 10 1 46 36 11 25 43 5 49 32 40 26 15 3 24 12 14 22 48 21 13 41 16 34 47 19 37 33 44 28 18 20 38 6 29 7 45 31 39 9 8 4632.61 4633.59
0 23 17 42 35 30 2 27 4 10 1 46 36 11 25 43 5 49 32 40 26 15 3 24 12 14 22 48 21 13 41 16 34 47 19 37 33 44 28 18 20 38 6 29 7 45 31 39 9 8 4632.61 4642.08
0 23 17 42 35 30 2 27 4 10 1 46 36 11 25 43 5 49 32 40 26 15 3 24 12 14 22 48 21 13 41 16 34 47 19 37 33 44 28 18 20 38 6 29 7 45 31 39 9 8 4632.61 4650.16
0 23 17 42 35 30 2 27 4 10 1 46 36 11 25 43 5 49 32 40 26 15 3 24 12 14 22 48 21 13 41 16 34 47 19 37 33 44 28 18 20 38 6 29 7 45 31 39 9 8 4632.61 4685.95
0 23 17 42 35 30 2 27 4 10 1 46 36 11 25 43 5 49 32 40 26 15 3 24 12 14 22 48 21 13 41 16 34 47 19 37 33 44 28 18 20 38 6 29 7 45 31 39 9 8 4632.61 4639.57
0 23 17 42 35 30 2 27 4 10 1 46 36 11 25 43 5 49 32 40 26 15 3 24 12 14 22 48 21 13 41 16 34 47 19 37 33 44 28 18 20 38 6 29 7 45 31 39 9 8 4632.61 4643.87
0 23 17 42 35 30 2 27 4 10 1 46 36 11 25 43 5 49 32 40 26 15 3 24 12 14 22 48 21 13 41 16 34 47 19 37 33 44 28 18 20 38 6 29 7 45 31 39 9 8 4632.61 4635.86
0 23 17 42 35 30 2 27 4 10 1 46 36 11 25 43 5 49 32 40 26 15 3 24 12 14 22 48 21 13 41 16 34 47 19 37 33 44 28 18 20 38 6 29 7 45 31 39 9 8 4632.61 4636.38
0 23 17 42 35 30 2 27 4 10 1 46 36 11 25 43 5 49 32 40 26 15 3 24 12 14 22 48 21 13 41 16 34 47 19 37 33 44 28 18 20 38 6 29 7 45 31 39 9 8 4632.61 4632.61
0 23 17 42 35 30 2 27 4 10 1 46 36 11 25 43 5 49 32 40 26 15 3 24 12 14 22 48 21 13 41 16 34 47 19 37 33 44 28 18 20 38 6 29 7 45 31 39 9 8 4632.61 4633.19
0 23 17 42 35 30 2 27 4 10 1 46 36 11 25 43 5 49 32 40 26 15 3 24 12 14 22 48 21 13 41 16 34 47 19 37 33 44 28 18 20 38 6 29 7 45 31 39 9 8 4632.61 4632.61
0 23 17 42 35 30 2 27 4 10 1 46 36 11 25 43 5 49 32 40 26 15 3 24 12 14 22 48 21 13 41 16 34 47 19 37 33 44 28 18 20 38 6 29 7 45 31 39 9 8 4632.61 4632.61
0 23 17 42 35 30 2 27 4 10 1 46 36 11 25 43 5 49 32 40 26 15 3 24 12 14 22 48 21 13 41 16 34 47 19 37 33 44 28 18 20 38 6 29 7 45 31 39 9 8 4632.61 4632.89
0 23 17 42 35 30 2 27 4 10 1 46 36 11 25 43 5 49 32 40 26 15 3 24 12 14 22 48 21 13 41 16 34 47 19 37 33 44 28 18 20 38 6 29 7 45 31 39 9 8 4632.61 4657.98
0 23 17 42 35 30 2 27 4 10 1 46 36 11 25 43 5 49 32 40 26 15 3 24 12 14 22 48 21 13 41 16 34 47 19 37 33 44 28 18 20 38 6 29 7 45 31 39 9 8 4632.61 4666.33
0 23 17 42 35 30 2 27 4 10 1 46 36 11 25 43 5 49 32 40 26 15 3 24 12 14 22 48 21 13 41 16 34 47 19 37 33 44 28 18 20 38 6 29 7 45 31 39 9 8 4632.61 4672.46
0 23 3 17 42 35 30 2 27 4 10 1 46 36 11 25 43 5 49 32 40 26 15 24 12 14 22 48 21 13 41 16 34 47 19 37 33 44 28 18 20 38 6 29 7 45 31 39 9 8 4626.02 4634.3
0 23 3 17 42 35 30 2 27 4 10 1 46 36 11 25 43 5 49 32 40 26 15 24 12 14 22 48 21 13 41 16 34 47 19 37 33 44 28 18 20 38 6 29 7 45 31 39 9 8 4626.02 4631.03
0 23 3 17 42 35 30 2 27 4 10 1 46 36 11 25 43 5 49 32 40 26 15 24 12 14 22 48 21 13 41 16 34 47 19 37 33 44 28 18 20 38 6 29 7 45 31 39 9 8 4626.02 4632.79
0 23 3 17 42 35 30 2 27 4 10 1 46 36 11 25 43 5 49 32 40 26 15 24 12 14 22 48 21 13 41 16 34 47 19 37 33 44 28 18 20 38 6 29 7 45 31 39 9 8 4626.02 4632.54
0 23 3 17 42 35 30 2 27 4 10 1 46 36 11 25 43 5 49 32 40 26 15 24 12 14 22 48 21 13 41 16 34 47 19 37 33 44 28 18 20 38 6 29 7 45 31 39 9 8 4626.02 4647.31
0 23 3 17 42 35 30 2 27 4 10 1 46 36 11 25 43 5 49 32 40 26 15 24 12 14 22 48 21 13 41 16 34 47 19 37 33 44 28 18 20 38 6 29 7 45 31 39 9 8 4626.02 4627.87
0 23 3 17 42 35 30 2 27 4 10 1 46 36 11 25 43 5 49 32 40 26 15 24 12 14 22 48 21 13 41 16 34 47 19 37 33 44 28 18 20 38 6 29 7 45 31 39 9 8 4626.02 4639.18
0 23 3 17 42 35 30 2 27 4 10 1 46 36 11 25 43 5 49 32 40 26 15 24 12 14 22 48 21 13 41 16 34 47 19 37 33 44 28 18 20 38 6 29 7 45 31 39 9 8 4626.02 4633.53
0 23 3 17 42 35 30 2 27 4 10 1 46 36 11 25 43 5 49 32 40 26 15 24 12 14 22 48 21 13 41 16 34 47 19 37 33 44 28 18 20 38 6 29 7 45 31 39 9 8 4626.02 4626.07
0 23 3 17 42 35 30 2 27 4 10 1 46 36 11 25 43 5 49 32 40 26 15 24 12 14 22 48 21 13 41 16 34 47 19 37 33 44 28 18 20 38 6 29 7 45 31 39 9 8 4626.02 4626.02
0 23 3 17 42 35 30 2 27 4 10 1 46 36 11 25 43 5 49 32 40 26 15 24 12 14 22 48 21 13 41 16 34 47 19 37 33 44 28 18 20 38 6 29 7 45 31 39 9 8 4626.02 4626.88
0 23 3 17 42 35 30 2 27 4 10 1 46 36 11 25 43 5 49 32 40 26 15 24 12 14 22 48 21 13 41 16 34 47 19 37 33 44 28 18 20 38 6 29 7 45 31 39 9 8 4626.02 4626.02
0 23 3 17 42 35 30 2 27 4 10 1 46 36 11 25 43 5 49 32 40 26 15 24 12 14 22 48 21 13 41 16 34 47 19 37 33 44 28 18 20 38 6 29 7 45 31 39 9 8 4626.02 4626.02
0 23 3 17 42 35 30 2 27 4 10 1 46 36 11 25 43 5 49 32 40 26 15 24 12 14 22 48 21 13 41 16 34 47 19 37 33 44 28 18 20 38 6 29 7 45 31 39 9 8 4626.02 4626.02
0 23 3 17 42 35 30 2 27 4 10 1 46 36 11 25 43 5 49 32 40 26 15 24 12 14 22 48 21 13 41 16 34 47 19 37 33 44 28 18 20 38 6 29 7 45 31 39 9 8 4626.02 4626.93
0 23 3 17 42 35 30 2 27 4 10 1 46 36 11 25 43 5 49 32 40 26 15 24 12 14 22 48 21 13 41 16 34 47 19 37 33 44 28 18 20 38 6 29 7 45 31 39 9 8 4626.02 4626.03
0 23 3 17 42 35 30 2 27 4 10 1 46 36 11 25 43 5 49 32 40 26 15 24 12 14 22 48 21 13 41 16 34 47 19 37 33 44 28 18 20 38 6 29 7 45 31 39 9 8 4626.02 4631.88
0 23 3 17 42 35 30 2 27 4 10 1 46 36 11 25 43 5 49 32 40 26 15 24 12 14 22 48 21 13 41 16 34 47 19 37 33 44 28 18 20 38 6 29 7 45 31 39 9 8 4626.02 4633.39
0 23 3 17 42 35 30 2 27 4 10 1 46 36 11 25 43 5 49 32 40 26 15 24 12 14 22 48 21 13 41 16 34 47 19 37 33 44 28 18 20 38 6 29 7 45 31 39 9 8 4626.02 4648.5
0 23 3 17 42 35 30 2 27 4 10 1 46 36 11 25 43 5 49 32 40 26 15 24 12 14 22 48 21 13 41 16 34 47 19 37 33 44 28 18 20 38 6 29 7 45 31 39 9 8 4626.02 4649.55
0 23 3 17 42 35 30 2 27 4 10 1 46 36 11 25 43 5 49 32 40 26 15 24 12 14 22 48 21 13 41 16 34 47 19 37 33 44 28 18 20 38 6 29 7 45 31 39 9 8 4626.02 4631.34
0 23 3 17 42 35 30 2 27 4 10 1 46 36 11 25 43 5 49 32 40 26 15 24 12 14 22 48 21 13 41 16 34 47 19 37 33 44 28 18 20 38 6 29 7 45 31 39 9 8 4626.02 4627.29
0 23 3 17 42 35 30 2 27 4 10 1 46 36 11 25 43 5 49 32 40 26 15 24 12 14 22 48 21 13 41 16 34 47 19 37 33 44 28 18 20 38 6 29 7 45 31 39 9 8 4626.02 4630.82
0 23 3 17 42 35 30 2 27 4 10 1 46 36 11 25 43 5 49 32 40 26 15 24 12 14 22 48 21 13 41 16 34 47 19 37 33 44 28 18 20 38 6 29 7 45 31 39 9 8 4626.02 4639.74
0 23 3 17 42 35 30 2 27 4 10 1 46 36 11 25 43 5 49 32 40 26 15 24 12 14 22 48 21 13 41 16 34 47 19 37 33 44 28 18 20 38 6 29 7 45 31 39 9 8 4626.02 4670.45
0 23 3 17 42 35 30 2 27 4 10 1 46 36 11 25 43 5 49 32 40 26 15 24 12 14 22 48 21 13 41 16 34 47 19 37 33 44 28 18 20 38 6 29 7 45 31 39 9 8 4626.02 4637.63
0 23 3 17 42 35 30 2 27 4 10 1 46 36 11 25 43 5 49 32 40 26 15 24 12 14 22 48 21 13 41 16 34 47 19 37 33 44 28 18 20 38 6 29 7 45 31 39 9 8 4626.02 4627.69
0 23 3 17 42 35 30 2 27 4 10 1 46 36 11 25 43 5 49 32 40 26 15 24 12 14 22 48 21 13 41 16 34 47 19 37 33 44 28 18 20 38 6 29 7 45 31 39 9 8 4626.02 4657.6
0 23 3 17 42 35 30 2 27 4 10 1 46 36 11 25 43 5 49 32 40 26 15 24 12 14 22 48 21 13 41 16 34 47 19 37 33 44 28 18 20 38 6 29 7 45 31 39 9 8 4626.02 4646.6
0 23 3 17 42 35 30 2 27 4 10 1 46 36 11 25 43 5 49 32 40 26 15 24 12 14 22 48 21 13 41 16 34 47 19 37 33 44 28 18 20 38 6 29 7 45 31 39 9 8 4626.02 4629.36
0 23 3 17 42 35 30 2 27 4 10 1 46 36 11 25 43 5 49 32 40 26 15 24 12 14 22 48 21 13 41 16 34 47 19 37 33 44 28 18 20 38 6 29 7 45 31 39 9 8 4626.02 4639.72
0 23 3 17 42 35 30 2 27 4 10 1 46 36 11 25 43 5 49 32 40 26 15 24 12 14 22 48 21 13 41 16 34 47 19 37 33 44 28 18 20 38 6 29 7 45 31 39 9 8 4626.02 4644.16
0 23 3 17 42 35 30 2 27 4 10 1 46 36 11 25 43 5 49 32 40 26 15 24 12 14 22 48 21 13 41 16 34 47 19 37 33 44 28 18 20 38 6 29 7 45 31 39 9 8 4626.02 4645.99
0 23 3 17 42 35 30 2 27 4 10 1 46 36 11 25 43 5 49 32 40 26 15 24 12 14 22 48 21 13 41 16 34 47 19 37 33 44 28 18 20 38 6 29 7 45 31 39 9 8 4626.02 4633.58
0 23 3 17 42 35 30 2 27 4 10 1 46 36 11 25 43 5 49 32 40 26 15 24 12 14 22 48 21 13 41 16 34 47 19 37 33 44 28 18 20 38 6 29 7 45 31 39 9 8 4626.02 4631.65
0 23 3 17 42 35 30 2 27 4 10 1 46 36 11 25 43 5 49 32 40 26 15 24 12 14 22 48 21 13 41 16 34 47 19 37 33 44 28 18 20 38 6 29 7 45 31 39 9 8 4626.02 4626.02
0 23 3 17 42 35 30 2 27 4 10 1 46 36 11 25 43 5 49 32 40 26 15 24 12 14 22 48 21 13 41 16 34 47 19 37 33 44 28 18 20 38 6 29 7 45 31 39 9 8 4626.02 4626.81
0 23 3 17 42 35 30 2 27 4 10 1 46 36 11 25 43 5 49 32 40 26 15 24 12 14 22 48 21 13 41 16 34 47 19 37 33 44 28 18 20 38 6 29 7 45 31 39 9 8 4626.02 4626.02
0 23 3 17 42 35 30 2 27 4 10 1 46 36 11 25 43 5 49 32 40 26 15 24 12 14 22 48 21 13 41 16 34 47 19 37 33 44 28 18 20 38 6 29 7 45 31 39 9 8 4626.02 4626.02
0 23 3 17 42 35 30 2 27 4 10 1 46 36 11 25 43 5 49 32 40 26 15 24 12 14 22 48 21 13 41 16 34 47 19 37 33 44 28 18 20 38 6 29 7 45 31 39 9 8 4626.02 4628
0 23 3 17 42 35 30 2 27 4 10 1 46 36 11 25 43 5 49 32 40 26 15 24 12 14 22 48 21 13 41 16 34 47 19 37 33 44 28 18 20 38 6 29 7 45 31 39 9 8 4626.02 4626.07
0 23 3 17 42 35 30 2 27 4 10 1 46 36 11 25 43 5 49 32 40 26 15 24 12 14 22 48 21 13 41 16 34 47 19 37 33 44 28 18 20 38 6 29 7 45 31 39 9 8 4626.02 4627.63
0 23 3 17 42 35 30 2 27 4 10 1 46 36 11 25 43 5 49 32 40 26 15 24 12 14 22 48 21 13 41 16 34 47 19 37 33 44 28 18 20 38 6 29 7 45 31 39 9 8 4626.02 4626.05
0 23 3 17 42 35 30 2 27 4 10 1 46 36 11 25 43 5 49 32 40 26 15 24 12 14 22 48 21 13 41 16 34 47 19 37 33 44 28 18 20 38 6 29 7 45 31 39 9 8 4626.02 4627.9
0 23 3 17 42 35 30 2 27 4 10 1 46 36 11 25 43 5 49 32 40 26 15 24 12 14 22 48 21 13 41 16 34 47 19 37 33 44 28 18 20 38 6 29 7 45 31 39 9 8 4626.02 4626.02
0 23 3 17 42 35 30 2 27 4 10 1 46 36 11 25 43 5 49 32 40 26 15 24 12 14 22 48 21 13 41 16 34 47 19 37 33 44 28 18 20 38 6 29 7 45 31 39 9 8 4626.02 4626.02
0 23 3 17 42 35 30 2 27 4 10 1 46 36 11 25 43 5 49 32 40 26 15 24 12 14 22 48 21 13 41 16 34 47 19 37 33 44 28 18 20 38 6 29 7 45 31 39 9 8 4626.02 4626.38
0 23 3 17 42 35 30 2 27 4 10 1 46 36 11 25 43 5 49 32 40 26 15 24 12 14 22 48 21 13 41 16 34 47 19 37 33 44 28 18 20 38 6 29 7 45 31 39 9 8 4626.02 4631.99
0 23 3 17 42 35 30 2 27 4 10 1 46 36 11 25 43 5 49 32 40 26 15 24 12 14 22 48 21 13 41 16 34 47 19 37 33 44 28 18 20 38 6 29 7 45 31 39 9 8 4626.02 4626.02
0 23 3 17 42 35 30 2 27 4 10 1 46 36 11 25 43 5 49 32 40 26 15 24 12 14 22 48 21 13 41 16 34 47 19 37 33 44 28 18 20 38 6 29 7 45 31 39 9 8 4626.02 4627.51
0 23 3 17 42 35 30 2 27 4 10 1 46 36 11 25 43 5 49 32 40 26 15 24 12 14 22 48 21 13 41 16 34 47 19 37 33 44 28 18 20 38 6 29 7 45 31 39 9 8 4626.02 4626.02
0 23 3 17 42 35 30 2 27 4 10 1 46 36 11 25 43 5 49 32 40 26 15 24 12 14 22 48 21 13 41 16 34 47 19 37 33 44 28 18 20 38 6 29 7 45 31 39 9 8 4626.02 4626.02
0 23 3 17 42 35 30 2 27 4 10 1 46 36 11 25 43 5 49 32 40 26 15 24 12 14 22 48 21 13 41 16 34 47 19 37 33 44 28 18 20 38 6 29 7 45 31 39 9 8 4626.02 4626.02
0 23 3 17 42 35 30 2 27 4 10 1 46 36 11 25 43 5 49 32 40 26 15 24 12 14 22 48 21 13 41 16 34 47 19 37 33 44 28 18 20 38 6 29 7 45 31 39 9 8 4626.02 4626.02
0 23 3 17 42 35 30 2 27 4 10 1 46 36 11 25 43 5 49 32 40 26 15 24 12 14 22 48 21 13 41 16 34 47 19 37 33 44 28 18 20 38 6 29 7 45 31 39 9 8 4626.02 4626.23
0 23 3 17 42 35 30 2 27 4 10 1 46 36 11 25 43 5 49 32 40 26 15 24 12 14 22 48 21 13 41 16 34 47 19 37 33 44 28 18 20 38 6 29 7 45 31 39 9 8 4626.02 4628.39
0 23 3 17 42 35 30 2 27 4 10 1 46 36 11 25 43 5 49 32 40 26 15 24 12 14 22 48 21 13 41 16 34 47 19 37 33 44 28 18 20 38 6 29 7 45 31 39 9 8 4626.02 4629.03
0 23 3 17 42 35 30 2 27 4 10 1 46 36 11 25 43 5 49 32 40 26 15 24 12 14 22 48 21 13 41 16 34 47 19 37 33 44 28 18 20 38 6 29 7 45 31 39 9 8 4626.02 4626.61
0 23 3 17 42 35 30 2 27 4 10 1 46 36 11 25 43 5 49 32 40 26 15 24 12 14 22 48 21 13 41 16 34 47 19 37 33 44 28 18 20 38 6 29 7 45 31 39 9 8 4626.02 4630.33
0 23 3 17 42 35 30 2 27 4 10 1 46 36 11 25 43 5 49 32 40 26 15 24 12 14 22 48 21 13 41 16 34 47 19 37 33 44 28 18 20 38 6 29 7 45 31 39 9 8 4626.02 4628.56
0 23 3 17 42 35 30 2 27 4 10 1 46 36 11 25 43 5 49 32 40 26 15 24 12 14 22 48 21 13 41 16 34 47 19 37 33 44 28 18 20 38 6 29 7 45 31 39 9 8 4626.02 4637.61
0 23 3 17 42 35 30 2 27 4 10 1 46 36 11 25 43 5 49 32 40 26 15 24 12 14 22 48 21 13 41 16 34 47 19 37 33 44 28 18 20 38 6 29 7 45 31 39 9 8 4626.02 4686.66
0 23 3 17 42 35 30 2 27 4 10 1 46 36 11 25 43 5 49 32 40 26 15 24 12 14 22 48 21 13 41 16 34 47 19 37 33 44 28 18 20 38 6 29 7 45 31 39 9 8 4626.02 4637.96
0 23 3 17 42 35 30 2 27 4 10 1 46 36 11 25 43 5 49 32 40 26 15 24 12 14 22 48 21 13 41 16 34 47 19 37 33 44 28 18 20 38 6 29 7 45 31 39 9 8 4626.02 4626.74
0 23 3 17 42 35 30 2 27 4 10 1 46 36 11 25 43 5 49 32 40 26 15 24 12 14 22 48 21 13 41 16 34 47 19 37 33 44 28 18 20 38 6 29 7 45 31 39 9 8 4626.02 4640.2
0 23 3 17 42 35 30 2 27 4 10 1 46 36 11 25 43 5 49 32 40 26 15 24 12 14 22 48 21 13 41 16 34 47 19 37 33 44 28 18 20 38 6 29 7 45 31 39 9 8 4626.02 4626.02
0 23 3 17 42 35 30 2 27 4 10 1 46 36 11 25 43 5 49 32 40 26 15 24 12 14 22 48 21 13 41 16 34 47 19 37 33 44 28 18 20 38 6 29 7 45 31 39 9 8 4626.02 4626.02
0 23 3 17 42 35 30 2 27 4 10 1 46 36 11 25 43 5 49 32 40 26 15 24 12 14 22 48 21 13 41 16 34 47 19 37 33 44 28 18 20 38 6 29 7 45 31 39 9 8 4626.02 4626.19
0 23 3 17 42 35 30 2 27 4 10 1 46 36 11 25 43 5 49 32 40 26 15 24 12 14 22 48 21 13 41 16 34 47 19 37 33 44 28 18 20 38 6 29 7 45 31 39 9 8 4626.02 4626.02
0 23 3 17 42 35 30 2 27 4 10 1 46 36 11 25 43 5 49 32 40 26 15 24 12 14 22 48 21 13 41 16 34 47 19 37 33 44 28 18 20 38 6 29 7 45 31 39 9 8 4626.02 4626.02
0 23 3 17 42 35 30 2 27 4 10 1 46 36 11 25 43 5 49 32 40 26 15 24 12 14 22 48 21 13 41 16 34 47 19 37 33 44 28 18 20 38 6 29 7 45 31 39 9 8 4626.02 4626.34
0 23 3 17 42 35 30 2 27 4 10 1 46 36 11 25 43 5 49 32 40 26 15 24 12 14 22 48 21 13 41 16 34 47 19 37 33 44 28 18 20 38 6 29 7 45 31 39 9 8 4626.02 4626.02
0 23 3 17 42 35 30 2 27 4 10 1 46 36 11 25 43 5 49 32 40 26 15 24 12 14 22 48 21 13 41 16 34 47 19 37 33 44 28 18 20 38 6 29 7 45 31 39 9 8 4626.02 4646.75
0 23 3 17 42 35 30 2 27 4 10 1 46 36 11 25 43 5 49 32 40 26 15 24 12 14 22 48 21 13 41 16 34 47 19 37 33 44 28 18 20 38 6 29 7 45 31 39 9 8 4626.02 4629.63
0 23 3 17 42 35 30 2 27 4 10 1 46 36 11 25 43 5 49 32 40 26 15 24 12 14 22 48 21 13 41 16 34 47 19 37 33 44 28 18 20 38 6 29 7 45 31 39 9 8 4626.02 4626.15
0 23 3 17 42 35 30 2 27 4 10 1 46 36 11 25 43 5 49 32 40 26 15 24 12 14 22 48 21 13 41 16 34 47 19 37 33 44 28 18 20 38 6 29 7 45 31 39 9 8 4626.02 4629.6
0 23 3 17 42 35 30 2 27 4 10 1 46 36 11 25 43 5 49 32 40 26 15 24 12 14 22 48 21 13 41 16 34 47 37 33 44 28 18 20 38 6 29 7 19 45 31 39 9 8 4621.31 4625.98
0 23 3 17 42 35 30 2 27 4 10 1 46 36 11 25 43 5 49 32 40 26 15 24 12 14 22 48 21 13 41 16 34 47 37 33 44 28 18 20 38 6 29 7 19 45 31 39 9 8 4621.31 4639.54
0 23 3 17 42 35 30 2 27 4 10 1 46 36 11 25 43 5 49 32 40 26 15 24 12 14 22 48 21 13 41 16 34 47 37 33 44 28 18 20 38 6 29 7 19 45 31 39 9 8 4621.31 4633.78
0 23 3 17 42 35 30 2 27 4 10 1 46 36 11 25 43 5 49 32 40 26 15 24 12 14 22 48 21 13 41 16 34 47 37 33 44 28 18 20 38 6 29 7 19 45 31 39 9 8 4621.31 4636.11
0 23 3 17 42 35 30 2 27 4 10 1 46 36 11 25 43 5 49 32 40 26 15 24 12 14 22 48 21 13 41 16 34 47 37 33 44 28 18 20 38 6 29 7 19 45 31 39 9 8 4621.31 4633.66
0 23 3 17 42 35 30 2 27 4 10 1 46 36 11 25 43 5 49 32 40 26 15 24 12 14 22 48 21 13 41 16 34 47 37 33 44 28 18 20 38 6 29 7 19 45 31 39 9 8 4621.31 4621.36
0 23 3 17 42 35 30 2 27 4 10 1 46 36 11 25 43 5 49 32 40 26 15 24 12 14 22 48 21 13 41 16 34 47 37 33 44 28 18 20 38 6 29 7 19 45 31 39 9 8 4621.31 4628.79
0 23 3 17 42 35 30 2 27 4 10 1 46 36 11 25 43 5 49 32 40 26 15 24 12 14 22 48 21 13 41 16 34 47 37 33 44 28 18 20 38 6 29 7 19 45 31 39 9 8 4621.31 4621.31
0 23 3 17 42 35 30 2 27 4 10 1 46 36 11 25 43 5 49 32 40 26 15 24 12 14 22 48 21 13 41 16 34 47 37 33 44 28 18 20 38 6 29 7 19 45 31 39 9 8 4621.31 4621.31
0 23 3 17 42 35 30 2 27 4 10 1 46 36 11 25 43 5 49 32 40 26 15 24 12 14 22 48 21 13 41 16 34 47 37 33 44 28 18 20 38 6 29 7 19 45 31 39 9 8 4621.31 4621.31
0 23 3 17 42 35 30 2 27 4 10 1 46 36 11 25 43 5 49 32 40 26 15 24 12 14 22 48 21 13 41 16 34 47 37 33 44 28 18 20 38 6 29 7 19 45 31 39 9 8 4621.31 4621.95
0 23 3 17 42 35 30 2 27 4 10 1 46 36 11 25 43 5 49 32 40 26 15 24 12 14 22 48 21 13 41 16 34 47 37 33 44 28 18 20 38 6 29 7 19 45 31 39 9 8 4621.31 4622.37
0 23 3 17 42 35 30 2 27 4 10 1 46 36 11 25 43 5 49 32 40 26 15 24 12 14 22 48 21 13 41 16 34 47 37 33 44 28 18 20 38 6 29 7 19 45 31 39 9 8 4621.31 4658.95
0 23 3 17 42 35 30 2 27 4 10 1 46 36 11 25 43 5 49 32 40 26 15 24 12 14 22 48 21 13 41 16 34 47 37 33 44 28 18 20 38 6 29 7 19 45 31 39 9 8 4621.31 4630.71
0 23 3 17 42 35 30 2 27 4 10 1 46 36 11 25 43 5 49 32 40 26 15 24 12 14 22 48 21 13 41 16 34 47 37 33 44 28 18 20 38 6 29 7 19 45 31 39 9 8 4621.31 4643.05
0 23 3 17 42 35 30 2 27 4 10 1 46 36 11 25 43 5 49 32 40 26 15 24 12 14 22 48 21 13 41 16 34 47 37 33 44 28 18 20 38 6 29 7 19 45 31 39 9 8 4621.31 4621.92
0 23 3 17 42 35 30 2 27 4 10 1 46 36 11 25 43 5 49 32 40 26 15 24 12 14 22 48 21 13 41 16 34 47 37 33 44 28 18 20 38 6 29 7 19 45 31 39 9 8 4621.31 4627.08
0 23 3 17 42 35 30 2 27 4 10 1 46 36 11 25 43 5 49 32 40 26 15 24 12 14 22 48 21 13 41 16 34 47 37 33 44 28 18 20 38 6 29 7 19 45 31 39 9 8 4621.31 4621.94
0 23 3 17 42 35 30 2 27 4 10 1 46 36 11 25 43 5 49 32 40 26 15 24 12 14 22 48 21 13 41 16 34 47 37 33 44 28 18 20 38 6 29 7 19 45 31 39 9 8 4621.31 4621.31
0 23 3 17 42 35 30 2 27 4 10 1 46 36 11 25 43 5 49 32 40 26 15 24 12 14 22 48 21 13 41 16 34 47 37 33 44 28 18 20 38 6 29 7 19 45 31 39 9 8 4621.31 4622.16
0 23 3 17 42 35 30 2 27 4 10 1 46 36 11 25 43 5 49 32 40 26 15 24 12 14 22 48 21 13 41 16 34 47 37 33 44 28 18 20 38 6 29 7 19 45 31 39 9 8 4621.31 4623.45
0 23 3 17 42 35 30 2 27 4 10 1 46 36 11 25 43 5 49 32 40 26 15 24 12 14 22 48 21 13 41 16 34 47 37 33 44 28 18 20 38 6 29 7 19 45 31 39 9 8 4621.31 4621.89
0 23 3 17 42 35 30 2 27 4 10 1 46 36 11 25 43 5 49 32 40 26 15 24 12 14 22 48 21 13 41 16 34 47 37 33 44 28 18 20 38 6 29 7 19 45 31 39 9 8 4621.31 4621.31
0 23 3 17 42 35 30 2 27 4 10 1 46 36 11 25 43 5 49 32 40 26 15 24 12 14 22 48 21 13 41 16 34 47 37 33 44 28 18 20 38 6 29 7 19 45 31 39 9 8 4621.31 4621.72
0 23 3 17 42 35 30 2 27 4 10 1 46 36 11 25 43 5 49 32 40 26 15 24 12 14 22 48 21 13 41 16 34 47 37 33 44 28 18 20 38 6 29 7 19 45 31 39 9 8 4621.31 4635.99
0 23 3 17 42 35 30 2 27 4 10 1 46 36 11 25 43 5 49 32 40 26 15 24 12 14 22 48 21 13 41 16 34 47 37 33 44 28 18 20 38 6 29 7 19 45 31 39 9 8 4621.31 4627.53
0 23 3 17 42 35 30 2 27 4 10 1 46 36 11 25 43 5 49 32 40 26 15 24 12 14 22 48 21 13 41 16 34 47 37 33 44 28 18 20 38 6 29 7 19 45 31 39 9 8 4621.31 4632.12
0 23 3 17 42 35 30 2 27 4 10 1 46 36 11 25 43 5 49 32 40 26 15 24 12 14 22 48 21 13 41 16 34 47 37 33 44 28 18 20 38 6 29 7 19 45 31 39 9 8 4621.31 4621.31
0 23 3 17 42 35 30 2 27 4 10 1 46 36 11 25 43 5 49 32 40 26 15 24 12 14 22 48 21 13 41 16 34 47 37 33 44 28 18 20 38 6 29 7 19 45 31 39 9 8 4621.31 4621.31
0 23 3 17 42 35 30 2 27 4 10 1 46 36 11 25 43 5 49 32 40 26 15 24 12 14 22 48 21 13 41 16 34 47 37 33 44 28 18 20 38 6 29 7 19 45 31 39 9 8 4621.31 4621.31
0 23 3 17 42 35 30 2 27 4 10 1 46 36 11 25 43 5 49 32 40 26 15 24 12 14 22 48 21 13 41 16 34 47 37 33 44 28 18 20 38 6 29 7 19 45 31 39 9 8 4621.31 4632.47
0 23 3 17 42 35 30 2 27 4 10 1 46 36 11 25 43 5 49 32 40 26 15 24 12 14 22 48 21 13 41 16 34 47 37 33 44 28 18 20 38 6 29 7 19 45 31 39 9 8 4621.31 4621.31
0 23 3 17 42 35 30 2 27 4 10 1 46 36 11 25 43 5 49 32 40 26 15 24 12 14 22 48 21 13 41 16 34 47 37 33 44 28 18 20 38 6 29 7 19 45 31 39 9 8 4621.31 4621.31
0 23 3 17 42 35 30 2 27 4 10 1 46 36 11 25 43 5 49 32 40 26 15 24 12 14 22 48 21 13 41 16 34 47 37 33 44 28 18 20 38 6 29 7 19 45 31 39 9 8 4621.31 4621.31
0 23 3 17 42 35 30 2 27 4 10 1 46 36 11 25 43 5 49 32 40 26 15 24 12 14 22 48 21 13 41 16 34 47 37 33 44 28 18 20 38 6 29 7 19 45 31 39 9 8 4621.31 4633.12
