14.7669 0 5.44741 0 15.1936 0 5.44461 0
14.7919 0.0249404 5.41479 0.032628 15.1371 0.0564613 5.43347 0.0111366
14.9096 0.118646 5.41592 0.0188722 15.1174 0.0381208 5.44658 0.0145977
14.8952 0.0851321 5.42614 0.0168069 15.0703 0.054262 5.45963 0.0166459
14.8831 0.0670324 5.44506 0.0229681 15.0362 0.0541228 5.45503 0.0136909
14.8352 0.0727825 5.44868 0.0190992 15.0006 0.0567378 5.45587 0.0112098
14.8512 0.0635724 5.46213 0.0210097 14.9866 0.0499619 5.44409 0.015111
14.8628 0.0562591 5.46888 0.0194067 14.9951 0.0440937 5.4567 0.018169
14.8716 0.050399 5.45631 0.0212373 14.9853 0.0400889 5.45445 0.0161805
14.8548 0.0481093 5.45748 0.0190314 14.9595 0.0441722 5.46446 0.0175979
14.8471 0.0442005 5.45518 0.017368 14.9467 0.0419461 5.46822 0.0163546
14.8517 0.0406173 5.4663 0.0193692 14.9452 0.038324 5.46385 0.0155563
14.8535 0.0374027 5.46477 0.0178826 14.9677 0.0418188 5.46699 0.0146501
14.8505 0.0347533 5.47435 0.0191254 14.9642 0.0388734 5.46621 0.0135854
14.8585 0.0333291 5.46924 0.0185228 14.9931 0.0463407 5.46443 0.0127724
14.8709 0.0335426 5.46354 0.0182389 14.9756 0.0467511 5.46238 0.0121216
14.8695 0.031538 5.4645 0.0171589 14.988 0.0456245 5.45863 0.0119877
14.8837 0.0329403 5.46594 0.0162417 15.0003 0.0447321 5.45851 0.0113028
14.8778 0.0317155 5.4666 0.0153773 14.9979 0.0423801 5.46799 0.0142895
14.8631 0.0334768 5.47519 0.0169284 14.989 0.0411708 5.46959 0.0136507
14.8776 0.0349823 5.47279 0.0162803 14.992 0.0392741 5.46932 0.0129873
14.8843 0.0340186 5.47141 0.0155839 14.9925 0.0374499 5.47001 0.0124025
14.9069 0.0395824 5.46665 0.015633 14.9841 0.0367483 5.47419 0.0125654
14.9092 0.037971 5.46952 0.0152399 14.9812 0.0353071 5.47061 0.012552
14.9073 0.036472 5.4697 0.0146188 14.9817 0.0338697 5.46676 0.0126399
14.9121 0.0353691 5.46814 0.0141316 14.9896 0.0334789 5.4613 0.013314
14.9109 0.0340552 5.46694 0.013651 14.995 0.0326736 5.45847 0.0131213
14.9054 0.0332739 5.46971 0.0134433 14.9995 0.0318048 5.45783 0.01266
14.9043 0.0321239 5.47297 0.0133748 15.015 0.0343856 5.45739 0.0122235
14.8992 0.0314486 5.4757 0.0132071 15.0125 0.0333137 5.46231 0.0127898
14.9047 0.0308988 5.47379 0.0129161 15.0019 0.033927 5.46225 0.0123705
14.9129 0.0310281 5.47321 0.0125194 14.995 0.0335707 5.46734 0.0130157
14.9123 0.0300794 5.47271 0.0121445 14.9871 0.0334799 5.46879 0.0126973
14.9183 0.0297878 5.47439 0.0119011 14.9836 0.0326667 5.47181 0.0126836
14.9013 0.0335473 5.47861 0.0123006 14.9829 0.0317286 5.46818 0.0128399
14.911 0.0340249 5.47241 0.0134666 14.9767 0.0314519 5.46972 0.0125732
14.9097 0.0331203 5.47083 0.0131925 14.98 0.0307727 5.46767 0.0123993
14.9145 0.0325939 5.47217 0.0129112 14.9827 0.0300674 5.46806 0.0120749
14.9102 0.032033 5.46816 0.0131995 14.9879 0.0297498 5.4657 0.0119969
14.9163 0.0318035 5.46936 0.0129211 14.9796 0.0301507 5.46751 0.0118328
14.9135 0.0311444 5.47048 0.0126518 14.9777 0.029466 5.46503 0.0118045
14.9141 0.0304002 5.46882 0.0124587 14.9802 0.0288647 5.46477 0.0115228
14.9098 0.0299896 5.46836 0.0121742 14.9875 0.0290936 5.46672 0.0114193
14.9092 0.0293065 5.46887 0.0119054 14.9874 0.028425 5.4684 0.0112826
14.9078 0.0286816 5.46875 0.0116385 14.9868 0.0277911 5.4682 0.011031
14.9104 0.0281671 5.46919 0.0113912 14.9915 0.0275804 5.46612 0.0109868
14.9102 0.027562 5.47138 0.0113601 14.9979 0.0277412 5.46579 0.0107555
14.9129 0.0271188 5.47118 0.0111228 15.0011 0.0273451 5.46557 0.0105314
14.9125 0.0265622 5.47283 0.0110174 14.9981 0.02695 5.46808 0.0106149
14.9159 0.0262476 5.47029 0.0110889 14.9985 0.0264086 5.46673 0.0104882
14.9131 0.0258806 5.47266 0.0111244 14.9946 0.0261873 5.4663 0.0102892
14.9125 0.0253844 5.47222 0.0109171 14.9944 0.0256797 5.46779 0.0101989
14.9142 0.0249589 5.47258 0.010715 14.9928 0.0252376 5.46937 0.0101289
14.9167 0.0246165 5.47343 0.0105491 14.9933 0.0247707 5.46772 0.0100761
14.9205 0.0244628 5.47313 0.0103598 14.988 0.0248948 5.46764 0.00989156
14.9182 0.0241343 5.47343 0.0101774 14.9864 0.0244955 5.46996 0.009987
14.9193 0.0237332 5.4713 0.0102214 14.9881 0.0241215 5.469 0.0098567
14.9153 0.0236619 5.47199 0.0100678 14.9845 0.0239678 5.46914 0.00968618
14.9182 0.0234359 5.46967 0.0101656 14.983 0.0236111 5.46984 0.0095467
14.921 0.0232161 5.47001 0.0100008 14.9789 0.0235654 5.47125 0.00949092
14.9243 0.023062 5.47143 0.00993635 14.9778 0.0232017 5.47085 0.00934251
14.9254 0.0227155 5.47125 0.0097763 14.9789 0.0228512 5.47117 0.00919621
14.929 0.0226389 5.47126 0.00961987 14.98 0.022511 5.47053 0.00907184
14.9333 0.0226919 5.46955 0.00962124 14.979 0.0221793 5.4701 0.00893915
14.9348 0.0223936 5.46956 0.00947206 14.9783 0.0218456 5.4706 0.00881437
14.9308 0.0224154 5.46908 0.00933946 14.9741 0.0219283 5.47219 0.00882517
14.9314 0.0220861 5.46765 0.00931032 14.9773 0.0218388 5.47197 0.00869532
14.9303 0.0217887 5.46937 0.00933229 14.9784 0.0215459 5.47087 0.00863595
14.9323 0.0215656 5.46894 0.00920617 14.9765 0.0213243 5.47 0.008555
14.9314 0.0212729 5.47048 0.00920497 14.9775 0.0210454 5.46791 0.00868744
14.9275 0.0213271 5.47247 0.00928805 14.9781 0.020755 5.46754 0.00857199
14.9327 0.0216555 5.47018 0.00943957 14.9771 0.0204898 5.46764 0.00845274
14.9329 0.021358 5.46981 0.00931669 14.9817 0.0207335 5.46509 0.00871751
14.9318 0.0211007 5.47132 0.0093141 14.9826 0.0204682 5.46481 0.00860366
14.9325 0.020832 5.47 0.00928446 14.9853 0.0203729 5.46294 0.00869033
14.9301 0.0206993 5.46879 0.00924119 14.9846 0.0201156 5.4634 0.00858715
14.9329 0.020624 5.47074 0.00932781 14.983 0.0199159 5.46335 0.00847502
14.9367 0.0207078 5.46988 0.0092476 14.9825 0.019666 5.46197 0.00847975
14.9397 0.0206613 5.46833 0.00926069 14.9806 0.0194997 5.46263 0.00839792
14.9348 0.0209894 5.46992 0.00928088 14.9837 0.0194962 5.4635 0.00833766
14.9395 0.0212612 5.46733 0.0095236 14.989 0.0199569 5.4632 0.00823933
14.9421 0.021155 5.46663 0.00943245 14.9859 0.0199472 5.46466 0.00826729
14.9422 0.0208987 5.46761 0.00936945 14.9838 0.0198185 5.46514 0.00818146
14.9474 0.0213108 5.46713 0.00927002 14.9845 0.0195953 5.46466 0.00809815
14.9445 0.021263 5.46831 0.00923639 14.9836 0.0193853 5.4636 0.00807155
14.9448 0.021017 5.46772 0.00914744 14.9818 0.019239 5.46276 0.00802147
14.9454 0.0207815 5.46743 0.00904627 14.9849 0.0192559 5.46193 0.0079718
14.9486 0.0207955 5.46684 0.00896229 14.9824 0.0191969 5.46371 0.00807895
14.9511 0.0207139 5.4672 0.0088681 14.9846 0.0191114 5.4628 0.00803912
14.9552 0.0208911 5.46703 0.00877063 14.9847 0.0188981 5.46247 0.00795619
14.9537 0.0207163 5.46723 0.00867606 14.9853 0.0186991 5.46269 0.00787142
14.9551 0.020536 5.46794 0.00861099 14.988 0.01868 5.46233 0.00779392
14.9528 0.0204384 5.46768 0.0085219 14.9887 0.0184941 5.4627 0.00771856
14.9547 0.020305 5.46851 0.00847128 14.9874 0.0183426 5.46356 0.00768395
14.9519 0.0202781 5.46808 0.00839289 14.988 0.018158 5.46385 0.0076083
14.955 0.020299 5.46721 0.00834953 14.9871 0.0179885 5.46491 0.0076025
14.9548 0.02009 5.46888 0.00842986 14.9813 0.0187319 5.46654 0.00769963
14.9548 0.019884 5.46755 0.00845 14.982 0.0185525 5.46484 0.00780859
14.9554 0.0196917 5.46708 0.00837701 14.9827 0.0183782 5.46425 0.00775205
14.9573 0.0195896 5.46793 0.00833583 14.9828 0.0181936 5.4633 0.00773263
