0 11 14 20 32 5 27 31 4 19 10 1 28 17 15 23 8 22 21 29 12 16 2 13 6 18 33 24 26 25 3 9 7 30 2.51998
0 11 14 20 32 5 27 31 4 19 10 1 28 17 15 23 8 22 21 29 12 16 2 13 6 18 33 24 26 25 3 9 7 30 2.51998
0 11 14 20 32 5 27 31 4 19 10 1 28 17 15 23 8 22 21 29 12 16 2 13 6 18 33 24 26 25 3 9 7 30 2.51998
0 11 14 20 32 5 27 31 4 19 10 1 28 17 15 23 8 22 21 29 12 16 2 13 6 18 33 24 26 25 3 9 7 30 2.51998
0 11 14 20 32 5 27 31 4 19 10 1 28 17 15 23 8 22 21 29 12 16 2 13 6 18 33 24 26 25 3 9 7 30 2.51998
0 11 14 20 32 5 27 31 4 19 10 1 28 17 15 23 8 22 21 29 12 16 2 13 6 18 33 24 26 25 3 9 7 30 2.51998
0 11 14 20 32 5 27 31 4 19 10 1 28 17 15 23 8 22 21 29 12 16 2 13 6 18 33 24 26 25 3 9 7 30 2.51998
0 11 14 20 32 5 27 31 4 19 10 1 28 17 15 23 8 22 21 29 12 16 2 13 6 18 33 24 26 25 3 9 7 30 2.51998
0 11 14 20 32 5 27 31 4 19 10 1 28 17 15 23 8 22 21 29 12 16 2 13 6 18 33 24 26 25 3 9 7 30 2.51998
0 11 14 20 32 5 27 31 4 19 10 1 28 17 15 23 8 22 21 29 12 16 2 13 6 18 33 24 26 25 3 9 7 30 2.51998
0 11 14 20 32 5 27 31 4 19 10 1 28 17 15 23 8 22 21 29 12 16 2 13 6 18 33 24 26 25 3 9 7 30 2.51998
0 11 14 20 32 5 27 31 4 19 10 1 28 17 15 23 8 22 21 29 12 16 2 13 6 18 33 24 26 25 3 9 7 30 2.51998
0 11 14 20 32 5 27 31 4 19 10 1 28 17 15 23 8 22 21 29 12 16 2 13 6 18 33 24 26 25 3 9 7 30 2.51998
0 11 14 20 32 5 27 31 4 19 10 1 28 17 15 23 8 22 21 29 12 16 2 13 6 18 33 24 26 25 3 9 7 30 2.51998
0 11 14 20 32 5 27 31 4 19 10 1 28 17 15 23 8 22 21 29 12 16 2 13 6 18 33 24 26 25 3 9 7 30 2.51998
0 11 14 20 32 5 27 31 4 19 10 1 28 17 15 23 8 22 21 29 12 16 2 13 6 18 33 24 26 25 3 9 7 30 2.51998
0 11 14 20 32 5 27 31 4 19 10 1 28 17 15 23 8 22 21 29 12 16 2 13 6 18 33 24 26 25 3 9 7 30 2.51998
0 11 14 20 32 5 27 31 4 19 10 1 28 17 15 23 8 22 21 29 12 16 2 13 6 18 33 24 26 25 3 9 7 30 2.51998
0 11 14 20 32 5 27 31 4 19 10 1 28 17 15 23 8 22 21 29 12 16 2 13 6 18 33 24 26 25 3 9 7 30 2.51998
0 11 14 20 32 5 27 31 4 19 10 1 28 17 15 23 8 22 21 29 12 16 2 13 6 18 33 24 26 25 3 9 7 30 2.51998
0 11 14 20 32 5 27 31 4 19 10 1 28 17 15 23 8 22 21 29 12 16 2 13 6 18 33 24 26 25 3 9 7 30 2.51998
0 11 14 20 32 5 27 31 4 19 10 1 28 17 15 23 8 22 21 29 12 16 2 13 6 18 33 24 26 25 3 9 7 30 2.51998
0 11 14 20 32 5 27 31 4 19 10 1 28 17 15 23 8 22 21 29 12 16 2 13 6 18 33 24 26 25 3 9 7 30 2.51998
0 11 14 20 32 5 27 31 4 19 10 1 28 17 15 23 8 22 21 29 12 16 2 13 6 18 33 24 26 25 3 9 7 30 2.51998
0 11 14 20 32 5 27 31 4 19 10 1 28 17 15 23 8 22 21 29 12 16 2 13 6 18 33 24 26 25 3 9 7 30 2.51998
0 11 14 20 32 5 27 31 4 19 10 1 28 17 15 23 8 22 21 29 12 16 2 13 6 18 33 24 26 25 3 9 7 30 2.51998
0 11 14 20 32 5 27 31 4 19 10 1 28 17 15 23 8 22 21 29 12 16 2 13 6 18 33 24 26 25 3 9 7 30 2.51998
0 11 14 20 32 5 27 31 4 19 10 1 28 17 15 23 8 22 21 29 12 16 2 13 6 18 33 24 26 25 3 9 7 30 2.51998
0 11 14 20 32 5 27 31 4 19 10 1 28 17 15 23 8 22 21 29 12 16 2 13 6 18 33 24 26 25 3 9 7 30 2.51998
0 11 14 20 32 5 27 31 4 19 10 1 28 17 15 23 8 22 21 29 12 16 2 13 6 18 33 24 26 25 3 9 7 30 2.51998
0 11 14 20 32 5 27 31 4 19 10 1 28 17 15 23 8 22 21 29 12 16 2 13 6 18 33 24 26 25 3 9 7 30 2.51998
0 11 14 20 32 5 27 31 4 19 10 1 28 17 15 23 8 22 21 29 12 16 2 13 6 18 33 24 26 25 3 9 7 30 2.51998
0 11 14 20 32 5 27 31 4 19 10 1 28 17 15 23 8 22 21 29 12 16 2 13 6 18 33 24 26 25 3 9 7 30 2.51998
0 11 14 20 32 5 27 31 4 19 10 1 28 17 15 23 8 22 21 29 12 16 2 13 6 18 33 24 26 25 3 9 7 30 2.51998
0 11 14 20 32 5 27 31 4 19 10 1 28 17 15 23 8 22 21 29 12 16 2 13 6 18 33 24 26 25 3 9 7 30 2.51998
0 11 14 20 32 5 27 31 4 19 10 1 28 17 15 23 8 22 21 29 12 16 2 13 6 18 33 24 26 25 3 9 7 30 2.51998
0 11 14 20 32 5 27 31 4 19 10 1 28 17 15 23 8 22 21 29 12 16 2 13 6 18 33 24 26 25 3 9 7 30 2.51998
0 11 14 20 32 5 27 31 4 19 10 1 28 17 15 23 8 22 21 29 12 16 2 13 18 6 33 24 26 25 3 9 7 30 2.52736
0 11 14 20 32 5 4 31 27 19 10 1 28 17 15 23 8 22 21 29 12 16 2 13 6 18 33 24 26 25 3 9 7 30 2.56573
0 11 14 20 32 5 4 31 27 19 10 1 28 17 15 23 8 22 21 29 12 16 2 13 6 18 33 24 26 25 3 9 7 30 2.56573
0 11 14 20 32 5 4 31 27 19 10 1 28 17 15 23 8 22 21 29 12 16 2 13 6 18 33 24 26 25 3 9 7 30 2.56573
0 11 14 20 32 5 4 31 27 19 10 1 28 17 15 23 8 22 21 29 12 16 2 13 6 18 33 24 26 25 3 9 7 30 2.56573
0 11 14 20 32 5 27 31 19 4 10 1 28 17 15 23 8 22 21 29 12 16 2 13 6 18 33 24 26 25 3 9 7 30 2.56656
0 11 14 20 32 5 27 31 4 19 10 1 28 17 15 23 22 8 21 29 12 16 2 13 6 18 33 24 26 25 3 9 7 30 2.5682
0 11 14 20 32 5 27 19 31 4 10 1 28 17 15 23 8 22 21 29 12 16 2 13 6 18 33 24 26 25 3 9 7 30 2.57962
0 11 14 20 32 5 27 31 4 19 10 1 28 17 15 23 8 22 21 12 29 16 2 13 6 18 33 24 26 25 3 9 7 30 2.5834
0 11 14 20 32 5 27 31 4 19 10 1 28 17 15 23 8 22 21 12 29 16 2 13 6 18 33 24 26 25 3 9 7 30 2.5834
0 11 14 20 32 5 27 31 4 19 10 1 28 17 15 23 8 22 21 29 12 2 16 13 6 18 33 24 26 25 3 9 7 30 2.694
0 11 14 20 32 5 27 31 4 19 10 1 28 17 15 23 8 22 29 21 12 16 2 13 6 18 33 24 26 25 3 9 7 30 2.75166
0 11 14 20 32 31 5 27 4 19 10 1 28 17 15 23 8 22 21 29 12 16 2 13 6 18 33 24 26 25 3 9 7 30 2.7989
0 11 14 20 32 5 27 31 4 10 19 1 28 17 15 23 8 22 21 29 12 16 2 13 6 18 33 24 26 25 3 9 7 30 2.81854
0 11 14 20 32 31 5 27 4 19 10 1 28 17 15 23 8 22 21 29 12 16 2 13 6 18 33 24 26 25 3 9 30 7 2.82787
0 11 14 20 32 5 27 31 4 19 10 1 28 23 17 15 8 22 21 12 29 16 2 13 6 18 33 24 26 25 3 9 7 30 2.83926
0 11 14 20 32 5 27 31 4 19 10 1 28 17 15 23 8 22 21 29 16 12 2 13 6 18 33 24 26 25 3 9 7 30 2.93022
0 11 14 20 32 5 27 31 4 19 10 15 17 28 1 23 8 22 21 29 12 16 2 13 6 18 33 24 26 25 3 9 7 30 3.09759
0 11 14 20 32 5 27 31 4 19 10 1 28 15 17 23 8 22 21 29 16 12 2 13 6 18 33 24 26 25 3 9 7 30 3.11889
0 11 14 20 32 5 27 31 19 4 28 1 10 17 15 23 8 22 21 29 12 16 2 13 6 18 33 24 26 25 3 9 7 30 3.16666
0 11 14 20 32 5 27 31 4 19 10 1 28 17 15 23 29 21 22 8 12 16 2 13 6 18 33 24 26 25 3 9 7 30 3.19135
0 30 11 14 20 32 5 27 10 19 4 31 1 28 17 15 23 8 22 21 29 12 16 2 13 6 18 33 24 26 25 3 9 7 3.20547
0 32 5 27 31 4 19 10 1 28 17 15 23 8 22 21 29 12 16 2 13 6 18 33 24 26 25 3 9 7 30 20 14 11 3.3859
0 11 14 20 32 5 27 1 10 19 4 31 28 17 15 23 8 22 21 29 12 16 2 13 6 18 33 24 26 25 3 9 7 30 3.51003
0 11 14 27 5 32 20 31 4 19 10 1 28 17 15 23 8 22 21 29 12 16 2 13 6 18 33 24 26 25 3 9 7 30 3.56153
0 11 14 20 32 5 27 31 4 19 10 1 28 17 15 23 8 22 21 29 12 18 33 13 6 16 2 24 26 25 3 9 7 30 3.60445
0 11 9 3 25 26 24 33 18 6 13 2 16 12 29 21 22 8 23 15 17 28 1 10 19 4 31 27 5 32 20 14 7 30 3.64043
0 11 14 20 32 5 27 31 4 19 10 1 28 17 15 23 8 22 29 12 16 21 2 13 6 18 33 24 26 25 3 9 7 30 3.68075
0 11 14 20 32 5 27 31 4 19 10 1 28 17 15 23 8 22 29 12 16 21 2 13 6 18 33 24 26 25 3 9 7 30 3.68075
0 11 14 20 32 5 27 31 4 19 10 1 28 22 8 23 15 17 21 29 12 16 2 13 6 18 33 24 26 25 3 9 7 30 3.70505
0 30 7 9 3 25 26 24 33 18 6 13 2 16 12 29 21 17 15 23 8 22 28 1 10 19 4 31 27 5 32 20 14 11 3.70505
0 11 14 20 32 5 27 31 4 19 10 1 28 17 15 23 8 22 16 12 29 21 2 13 6 18 33 24 26 25 3 9 7 30 3.75199
0 11 14 4 31 27 5 32 20 19 10 1 28 17 15 23 8 22 21 29 12 16 2 13 6 18 33 24 26 25 3 9 7 30 3.78949
0 11 27 5 32 20 14 31 4 19 10 1 28 17 15 23 8 22 21 29 12 16 2 13 6 18 33 24 26 25 3 9 7 30 3.86217
0 11 14 20 32 5 27 31 4 17 28 1 10 19 15 23 8 22 21 29 12 16 2 13 6 18 33 24 26 25 3 9 7 30 3.92188
0 11 14 20 32 5 27 31 4 19 10 1 28 17 15 23 8 22 21 29 12 16 2 13 6 18 33 24 25 3 9 7 26 30 3.93093
0 32 5 27 31 4 19 10 1 28 17 15 23 8 22 21 29 12 16 2 13 6 18 33 24 26 25 3 9 11 14 20 7 30 3.98095
0 11 14 9 3 25 26 24 33 18 6 13 2 16 12 29 21 22 8 23 15 17 28 1 10 19 4 31 27 5 32 20 7 30 4.00609
0 11 14 20 32 5 27 31 4 19 10 1 28 17 15 23 8 22 21 29 12 16 2 13 6 18 33 24 26 30 7 9 3 25 4.02677
0 3 9 7 30 11 14 20 32 5 27 31 4 19 10 1 28 17 15 23 8 22 21 29 12 16 2 13 6 18 33 24 26 25 4.10315
0 11 4 31 27 5 32 20 14 19 10 1 28 17 15 23 8 22 21 29 12 16 2 13 6 18 33 24 26 25 3 9 7 30 4.1139
0 11 14 20 32 5 27 17 28 1 10 19 4 31 15 23 8 22 21 29 12 16 2 13 6 18 33 24 26 25 3 9 7 30 4.1794
0 11 14 20 32 7 9 3 25 26 24 33 18 6 13 2 16 12 29 21 22 8 23 15 17 28 1 10 19 4 31 27 5 30 4.40511
0 11 14 20 32 5 27 31 4 19 10 1 28 17 15 23 8 22 12 16 2 13 6 18 21 29 33 24 26 25 3 9 7 30 4.43831
0 11 14 20 32 5 27 4 19 10 1 28 17 15 31 23 8 22 21 29 12 16 2 13 6 18 33 24 26 25 3 9 7 30 4.60794
0 11 14 20 32 5 27 28 17 15 23 31 4 19 10 1 8 22 21 29 12 16 2 13 6 18 33 24 26 25 3 9 7 30 4.64455
0 11 14 20 32 1 10 19 4 31 27 5 28 17 15 23 8 22 21 29 12 16 2 13 6 18 33 24 26 25 3 9 7 30 4.65869
0 11 14 20 32 1 10 19 4 31 27 5 28 17 15 23 8 22 21 29 12 16 2 13 6 18 33 24 26 25 3 9 7 30 4.65869
0 11 14 9 20 32 5 27 31 4 19 10 1 28 17 15 23 8 22 21 29 12 16 2 13 6 18 33 24 26 25 3 7 30 4.71838
0 3 9 14 20 32 5 27 31 4 19 10 1 28 17 15 23 8 22 21 29 12 16 2 13 6 18 33 24 26 25 7 30 11 4.72362
0 11 14 20 32 5 27 15 17 28 1 10 19 4 31 23 8 22 21 29 12 16 2 13 6 18 33 24 26 25 3 9 7 30 4.73027
0 11 14 20 32 5 27 4 31 19 10 1 28 17 12 29 21 22 8 23 15 16 2 13 6 18 33 24 26 25 3 9 7 30 4.82945
0 11 14 20 32 5 27 31 4 19 10 1 28 17 15 23 8 22 21 29 12 16 2 13 6 18 24 33 26 25 3 9 7 30 4.94147
0 27 31 4 19 10 1 28 17 15 23 8 22 21 29 12 16 2 13 6 18 33 24 26 25 3 9 7 30 11 14 20 32 5 5.0847
0 11 14 20 32 5 27 31 4 19 10 1 28 17 15 23 8 22 21 33 18 6 13 2 16 12 29 24 26 25 3 9 7 30 5.18017
0 11 14 20 32 5 27 31 4 19 10 1 28 17 15 23 8 22 21 33 18 6 13 2 16 12 29 24 26 25 3 9 7 30 5.18017
0 11 14 20 32 5 27 31 4 19 10 1 28 17 15 23 8 22 21 33 18 6 13 2 16 12 29 24 26 25 3 9 7 30 5.18017
0 11 14 20 32 5 27 31 4 19 10 1 28 17 15 23 8 22 21 33 18 6 13 2 16 12 29 24 26 25 3 9 7 30 5.18017
0 11 14 20 3 25 26 24 33 18 6 13 2 16 12 29 21 22 8 23 15 17 28 1 10 19 4 31 27 5 32 9 7 30 5.18224
0 11 14 20 32 5 30 7 9 3 25 26 24 33 18 6 13 2 16 12 29 21 22 8 23 15 17 28 1 10 19 4 31 27 5.2957
0 11 14 20 32 5 27 31 4 19 8 23 15 17 28 1 10 22 21 29 12 16 2 13 6 18 33 24 26 25 3 9 7 30 5.3211
0 19 4 31 27 5 32 20 14 11 10 1 28 17 15 23 8 22 21 29 12 16 2 13 6 18 33 24 26 25 3 9 7 30 5.42623
0 11 14 20 32 5 27 31 4 19 10 1 28 17 15 23 2 13 6 18 8 22 21 29 12 16 33 24 26 25 3 9 7 30 5.44908
0 11 14 20 32 5 27 31 4 19 10 1 28 12 29 21 22 8 23 15 17 16 2 13 6 18 33 24 26 25 3 9 7 30 5.53541
0 11 14 20 32 5 27 31 4 19 10 1 28 17 15 23 6 13 2 16 12 29 21 22 8 18 33 24 26 25 3 9 7 30 5.76493
0 11 14 20 32 5 19 10 1 28 17 15 23 8 22 21 29 12 16 2 13 6 18 33 24 26 25 3 9 7 30 27 31 4 5.78446
0 11 14 20 32 5 27 31 4 19 10 1 28 17 16 15 23 8 22 21 29 12 2 13 6 18 33 24 26 25 3 9 7 30 5.78793
0 11 14 20 32 5 27 31 30 7 9 3 25 26 24 33 18 6 13 2 16 12 29 21 22 8 23 15 17 28 1 10 19 4 5.87066
0 11 14 20 32 5 27 31 4 19 10 1 28 17 15 23 18 33 8 22 21 29 12 16 2 13 6 24 26 25 3 9 7 30 5.93827
0 11 26 24 33 18 6 13 2 16 12 29 21 22 8 23 15 17 28 1 10 19 4 31 27 5 32 20 14 25 3 9 7 30 5.9633
0 11 10 1 14 20 32 5 27 31 4 19 28 17 15 23 8 22 21 29 12 16 2 13 6 18 33 24 26 25 3 9 7 30 6.05928
0 11 14 20 25 26 24 33 18 6 13 2 16 12 29 21 22 8 23 15 17 28 1 10 19 4 31 27 5 32 3 9 7 30 6.06089
0 11 14 20 32 5 27 31 8 23 15 17 28 1 10 19 4 22 21 29 12 16 2 13 6 18 33 24 26 25 3 9 7 30 6.13688
0 11 14 20 19 10 1 28 17 15 23 8 22 21 29 12 16 2 13 6 18 33 24 26 25 3 9 32 5 27 31 4 7 30 6.17296
0 32 20 26 24 33 18 6 13 2 16 12 29 21 22 8 23 15 17 28 1 10 19 4 31 27 5 11 14 30 25 3 9 7 6.20589
0 11 14 20 32 5 27 31 4 19 10 1 28 17 2 15 23 8 22 21 29 12 16 13 6 18 33 24 26 25 3 9 7 30 6.25159
0 7 30 32 5 27 31 4 19 10 1 28 17 15 23 8 22 21 29 12 16 2 13 6 18 33 24 26 25 11 14 20 3 9 6.26356
0 11 14 20 32 5 27 31 4 17 15 23 8 22 29 28 1 10 19 21 12 16 2 13 6 18 33 24 26 25 3 9 7 30 6.3838
0 26 25 3 9 7 30 24 33 18 21 29 12 16 2 13 6 22 8 23 15 17 28 1 10 19 4 31 27 5 32 20 14 11 6.60211
0 11 14 20 32 5 27 31 4 19 10 1 28 17 15 23 8 22 21 29 6 18 33 24 2 16 12 13 26 25 3 9 7 30 6.66275
0 11 14 20 32 5 27 31 4 19 10 1 28 23 8 22 21 29 12 16 2 17 15 13 6 18 33 24 26 25 3 9 7 30 6.72324
0 11 14 20 32 5 27 31 4 19 10 21 29 12 16 1 28 17 15 23 8 22 2 13 6 18 33 24 26 25 3 9 7 30 6.75618
0 11 5 27 31 4 19 10 1 28 17 15 23 8 22 21 29 12 16 2 13 6 18 33 24 26 14 20 32 25 3 9 7 30 6.75905
0 11 14 20 32 5 27 31 1 28 17 15 23 8 22 21 29 12 16 2 13 6 18 33 24 26 25 3 9 7 30 4 19 10 6.80254
0 11 14 20 32 5 4 19 10 1 28 17 15 23 8 22 21 29 12 16 2 13 6 18 33 24 26 25 3 9 27 31 7 30 6.8032
0 11 14 20 17 28 1 10 19 4 31 27 5 32 15 23 8 22 21 29 12 16 2 13 6 18 33 24 26 25 3 9 7 30 6.80543
0 11 14 20 32 5 27 31 4 19 1 28 17 10 15 23 8 22 21 29 12 16 2 26 25 13 6 18 33 24 3 9 7 30 6.83604
0 11 14 20 32 5 27 31 4 19 10 1 28 17 15 23 8 22 21 29 12 16 13 6 18 33 24 26 25 2 3 9 7 30 6.88985
0 11 14 20 32 5 27 31 4 19 10 1 28 17 8 22 21 29 12 16 2 13 6 15 23 18 33 24 26 25 3 9 7 30 6.9135
0 11 25 14 20 32 5 1 10 19 4 31 27 28 17 15 23 8 22 21 29 12 16 2 13 6 18 33 24 26 3 9 7 30 7.02306
0 11 14 20 32 5 27 31 4 19 10 1 28 17 15 23 8 22 21 29 12 16 2 13 6 3 9 18 33 24 26 25 7 30 7.0899
0 11 14 20 32 5 27 31 21 22 8 23 15 17 28 1 10 19 4 29 12 16 2 13 6 18 33 24 26 25 3 9 7 30 7.09959
0 11 14 20 32 5 27 31 1 28 17 15 23 8 22 21 29 12 16 2 13 6 18 33 24 26 25 3 9 7 4 19 10 30 7.31501
0 11 14 20 32 5 27 31 4 19 10 12 16 2 1 28 17 15 23 8 22 21 29 13 6 18 33 24 26 25 3 9 7 30 7.35334
0 11 14 20 32 26 24 33 18 6 13 2 16 12 29 21 22 8 23 15 17 28 1 10 19 4 31 27 5 25 3 9 7 30 7.40375
0 11 14 20 32 5 27 23 8 22 21 12 28 17 15 31 4 19 10 1 29 16 2 13 6 18 33 24 26 25 3 9 7 30 7.40776
0 11 19 10 1 28 17 15 23 8 22 21 29 12 16 2 13 6 18 33 24 26 25 3 14 20 32 5 27 31 4 9 7 30 7.44001
0 11 14 20 32 5 27 31 4 1 28 17 15 23 8 22 21 29 12 16 2 13 6 18 33 24 26 25 3 9 7 19 10 30 7.44923
0 11 26 25 3 9 7 14 20 32 5 27 31 4 19 10 1 21 22 8 23 15 17 28 29 12 16 2 13 6 18 33 24 30 7.45192
0 11 14 20 32 15 23 8 5 27 31 4 19 10 1 28 17 22 29 21 12 16 2 13 6 18 33 24 26 25 3 9 7 30 7.46945
0 11 14 20 32 15 23 8 5 27 31 4 19 10 1 28 17 22 29 21 12 16 2 13 6 18 33 24 26 25 3 9 7 30 7.46945
0 19 10 1 28 17 15 23 8 22 21 29 12 16 2 13 6 18 33 24 26 25 3 20 14 11 4 31 27 5 32 9 7 30 7.58112
0 11 14 20 3 9 7 30 24 26 33 18 6 13 2 16 12 29 21 22 8 23 15 17 28 1 10 19 4 31 27 5 32 25 7.63624
0 11 14 20 32 5 21 22 8 23 15 17 28 1 10 19 4 31 27 29 12 16 2 13 6 18 33 24 26 25 3 9 7 30 7.63859
0 11 14 20 32 5 21 22 8 23 15 17 28 1 10 19 4 31 27 29 12 16 2 13 6 18 33 24 26 25 3 9 7 30 7.63859
0 14 20 32 5 27 31 4 19 10 1 28 17 15 12 29 21 22 8 23 16 2 13 6 18 33 24 26 11 25 3 9 7 30 7.65094
0 11 14 20 32 5 27 31 4 19 10 30 7 9 3 25 26 24 33 18 6 13 2 16 12 29 21 22 8 23 15 17 28 1 7.66233
0 1 28 17 15 23 8 22 21 29 12 16 2 13 6 18 33 24 26 25 3 9 7 30 10 19 4 31 27 5 32 20 14 11 7.66233
0 11 14 20 32 23 15 17 28 1 10 19 4 31 27 5 8 22 21 29 12 16 2 13 6 18 33 24 26 25 7 30 3 9 7.76001
0 25 3 9 7 14 20 30 26 24 29 12 16 2 13 6 18 33 21 22 8 23 15 17 28 1 10 19 4 31 27 5 32 11 7.81082
0 11 14 20 32 19 10 1 28 17 15 23 8 22 21 5 27 31 4 29 12 16 2 13 6 18 33 24 26 25 3 9 7 30 7.84798
0 11 14 20 32 5 27 3 9 7 31 4 19 10 1 28 17 15 23 8 22 21 29 12 16 2 13 6 18 33 24 26 25 30 7.89307
0 11 14 20 32 5 27 31 4 19 10 1 28 6 13 2 16 12 29 21 22 8 23 15 17 18 33 24 26 25 3 9 7 30 7.91801
0 11 27 31 4 19 10 1 28 17 15 23 14 20 32 5 8 22 21 29 12 16 2 13 6 18 33 24 26 25 3 9 7 30 7.93683
0 11 14 20 32 5 27 31 4 22 16 12 29 19 10 1 28 17 15 23 8 21 2 13 6 18 33 24 26 25 3 9 7 30 7.98981
0 11 14 20 32 5 27 31 3 25 26 24 33 18 6 13 2 16 12 29 21 22 8 23 15 17 28 1 10 19 4 9 7 30 8.02871
0 11 14 20 32 1 10 19 4 31 27 5 28 17 15 23 8 22 33 18 6 13 2 16 12 29 21 24 26 25 3 9 7 30 8.03707
0 11 14 20 23 15 17 28 1 10 19 4 31 27 5 32 8 22 21 29 12 16 2 13 6 18 33 24 26 25 3 9 7 30 8.05637
0 11 14 20 32 5 27 31 4 19 10 1 28 17 15 12 16 2 13 23 8 22 6 18 21 29 33 24 26 25 3 9 7 30 8.07622
0 11 14 20 32 5 27 31 4 19 10 1 28 17 15 23 8 22 21 29 24 33 18 6 13 2 16 12 26 25 3 9 7 30 8.07991
0 11 14 20 32 27 31 4 19 10 1 28 17 15 23 8 22 21 29 12 16 2 13 6 18 33 26 24 5 30 7 9 3 25 8.158
0 11 4 19 10 1 28 17 15 23 8 22 21 29 12 16 2 13 6 18 33 24 26 25 14 20 32 5 27 31 3 9 7 30 8.16116
0 11 14 28 17 15 23 8 22 21 29 12 16 2 13 6 18 33 24 26 25 3 9 7 20 32 5 27 31 4 19 10 1 30 8.16736
0 11 14 20 32 5 15 17 28 1 10 19 4 31 27 23 8 22 21 29 12 16 2 24 33 18 6 13 26 25 3 9 7 30 8.20089
0 11 14 20 32 5 27 31 10 1 28 17 15 23 8 22 21 29 12 16 2 13 6 18 33 24 26 25 3 4 19 9 7 30 8.22731
0 11 14 20 32 31 5 27 4 19 10 1 28 17 15 23 8 22 21 29 12 16 26 25 3 9 2 13 6 18 33 24 7 30 8.28349
0 5 27 31 4 19 10 11 14 20 32 1 28 17 15 23 8 22 13 2 16 12 29 21 6 18 33 24 26 25 3 9 7 30 8.31049
0 11 14 20 32 5 29 21 22 8 23 15 17 28 1 10 19 4 31 27 12 16 2 13 6 18 33 24 26 25 3 9 7 30 8.3124
0 11 14 20 32 5 27 31 4 19 10 22 8 12 16 2 13 6 18 1 28 17 15 23 29 21 33 24 26 25 3 9 7 30 8.33645
0 11 14 20 32 5 27 31 4 19 10 1 28 17 15 23 8 22 21 29 12 16 2 13 6 7 9 3 25 26 24 33 18 30 8.40879
0 11 14 20 32 5 27 31 4 19 10 28 17 15 23 8 22 21 29 12 16 2 13 6 18 33 24 26 25 3 9 7 30 1 8.43545
0 11 14 20 32 5 27 31 4 22 21 29 12 16 19 10 1 28 17 15 23 8 2 13 6 18 33 24 26 25 3 9 7 30 8.4409
0 11 14 20 32 5 27 31 4 23 15 17 28 1 10 19 8 22 33 18 6 13 2 16 12 29 21 24 26 25 3 9 7 30 8.44417
0 11 27 31 4 19 10 1 28 17 15 23 8 22 21 29 12 16 2 13 6 18 33 24 14 20 32 5 26 25 3 9 7 30 8.46543
0 11 14 27 31 4 19 10 1 28 17 15 23 8 20 32 5 22 21 29 12 16 2 13 6 18 33 24 26 25 3 9 7 30 8.46818
0 11 14 20 32 5 27 15 23 8 22 21 29 12 16 2 13 6 18 33 24 26 25 3 9 7 30 31 4 19 10 1 28 17 8.47345
0 11 31 4 19 10 1 28 17 15 23 8 22 21 29 12 16 2 13 6 18 33 24 26 14 20 32 5 27 25 3 9 7 30 8.53323
0 11 14 20 32 5 27 31 4 19 10 1 28 17 15 23 8 22 21 29 12 16 2 13 7 6 18 33 24 26 25 3 9 30 8.53858
0 11 14 20 15 17 28 1 10 19 4 31 27 5 32 23 8 22 29 12 16 21 2 13 6 18 33 24 26 25 3 9 7 30 8.60136
0 11 14 20 32 5 27 31 4 19 10 1 28 17 15 23 8 22 21 29 12 16 2 13 6 18 30 7 9 3 25 26 24 33 8.68546
0 33 24 26 25 3 7 30 11 14 20 32 5 27 31 4 19 10 1 28 17 15 23 8 22 21 29 12 16 2 13 6 18 9 8.69511
0 11 14 20 32 5 27 31 4 19 10 1 28 17 15 23 8 22 21 29 12 16 2 13 7 30 6 18 33 24 26 25 3 9 8.7163
0 11 14 20 32 5 27 31 4 19 10 6 13 2 16 12 29 21 22 8 23 15 17 28 1 18 33 24 26 25 3 9 7 30 8.71692
0 11 14 20 32 5 27 31 4 19 10 1 28 17 15 23 8 22 21 29 12 16 2 13 6 30 7 9 3 25 26 24 33 18 8.76154
0 11 14 19 10 1 4 31 27 5 32 20 28 17 15 23 18 6 13 2 16 12 29 21 22 8 33 24 26 25 3 9 7 30 8.76913
0 1 10 19 4 31 27 5 32 20 14 11 28 17 15 23 8 22 16 2 21 29 12 13 6 18 33 24 26 25 3 9 7 30 8.91976
0 32 20 14 11 5 27 31 4 19 10 8 22 21 29 12 16 2 13 6 18 1 28 17 15 23 33 24 26 25 3 9 7 30 8.96081
0 11 14 20 32 5 27 31 4 19 10 1 28 17 15 23 8 22 21 29 12 16 2 30 13 6 18 33 24 26 25 3 9 7 8.97805
0 11 14 20 32 29 22 17 28 1 10 19 4 31 27 5 8 23 15 21 12 16 2 13 6 18 33 24 26 25 3 9 7 30 9.0114
0 11 14 20 32 29 21 22 8 23 15 17 28 1 10 19 4 31 27 5 12 16 2 13 6 18 33 24 26 25 3 9 7 30 9.03342
0 6 18 33 24 26 25 11 14 20 32 5 27 31 4 19 10 1 28 17 15 23 8 22 21 29 12 16 2 13 3 9 7 30 9.14221
0 11 14 20 32 5 27 31 23 15 2 16 12 29 21 22 8 4 19 10 1 28 17 13 6 18 33 24 26 25 3 9 7 30 9.23529
0 11 14 20 32 5 27 31 4 19 10 1 15 23 8 22 21 29 12 16 2 13 6 18 33 24 26 25 3 9 7 28 17 30 9.23627
0 11 1 28 17 15 5 27 31 4 19 10 32 20 14 23 8 22 21 29 12 16 2 13 6 18 33 24 26 25 3 9 7 30 9.25121
0 23 15 17 28 1 10 19 4 31 27 5 32 20 14 11 8 22 21 29 12 16 2 13 6 18 33 24 26 25 3 9 7 30 9.2627
0 11 14 20 32 5 27 23 8 22 21 29 12 16 2 13 6 18 33 24 26 25 3 9 7 31 4 19 10 1 28 17 15 30 9.36203
0 11 14 20 32 5 27 31 4 19 10 1 28 23 8 22 21 29 12 16 2 13 6 18 33 24 26 25 3 9 7 30 17 15 9.39825
0 11 14 20 32 5 27 31 4 19 10 23 8 22 21 29 12 16 2 13 6 18 33 24 26 25 3 9 7 30 1 28 17 15 9.49808
0 11 14 20 32 5 27 31 4 19 13 2 16 12 29 21 22 8 23 15 17 28 1 10 6 18 33 24 26 25 3 9 7 30 9.50656
0 13 2 16 12 29 21 22 8 23 15 17 28 1 10 19 4 31 27 5 32 20 14 11 6 18 33 24 26 25 3 9 7 30 9.58534
0 11 14 20 32 5 27 31 4 19 10 1 28 17 6 13 2 16 12 29 21 22 8 23 15 18 33 9 7 30 24 26 25 3 9.59567
0 13 6 11 14 20 32 5 27 31 4 19 10 1 28 17 15 23 8 22 21 29 12 16 2 18 33 24 26 25 3 9 7 30 9.62936
0 11 27 5 32 20 14 31 4 19 10 1 28 17 15 23 8 22 21 29 12 16 2 13 6 18 7 9 3 25 26 24 33 30 9.67166
0 23 11 14 20 32 5 27 31 4 19 1 28 17 10 15 8 22 21 29 12 16 2 13 6 18 33 24 26 25 3 9 7 30 9.70466
0 11 14 20 32 5 27 31 4 19 10 23 8 22 29 21 12 16 2 13 6 18 33 24 26 25 3 9 7 30 1 28 17 15 9.72976
0 11 14 20 32 5 27 31 4 12 16 6 13 2 18 19 10 1 28 17 15 23 8 22 21 29 33 24 26 25 3 9 7 30 9.77471
0 11 14 20 32 5 27 31 29 12 16 2 13 4 19 10 1 28 17 15 23 8 22 21 6 18 33 24 26 25 3 9 7 30 9.7987
0 11 14 23 8 20 32 5 27 31 4 19 10 1 28 17 15 22 21 29 12 16 2 13 6 18 33 24 3 9 7 26 25 30 9.82847
0 11 14 20 32 15 17 28 1 10 19 4 31 27 9 3 25 26 24 33 18 6 13 2 16 12 29 21 22 8 23 5 7 30 9.94916
0 11 14 20 32 5 27 31 4 1 28 17 15 23 8 22 21 29 12 16 2 13 6 19 10 18 33 24 26 25 3 9 7 30 9.96779
0 3 20 14 11 25 26 24 33 18 6 13 16 2 12 29 21 22 8 4 19 10 1 28 17 15 23 31 27 5 32 9 7 30 10.0118
0 5 27 31 4 19 10 1 28 17 15 23 8 11 14 20 32 22 21 12 29 16 2 13 6 18 33 24 26 25 3 9 7 30 10.0242
0 11 14 20 32 5 27 24 26 25 3 9 7 31 4 19 1 10 28 17 15 23 8 22 21 29 12 16 2 13 6 18 33 30 10.0258
0 11 23 8 22 21 29 12 16 2 13 6 18 33 24 26 25 3 9 14 20 32 5 27 31 4 19 10 1 28 17 15 7 30 10.0302
0 11 14 20 32 5 27 24 26 25 3 9 31 4 19 10 1 28 17 15 23 8 22 21 29 12 16 2 13 6 18 33 7 30 10.0467
0 11 14 20 32 5 27 31 4 15 23 8 22 21 29 12 16 2 13 6 18 33 24 26 25 7 30 19 10 1 28 17 3 9 10.0765
0 11 14 20 32 5 27 31 4 19 10 1 28 17 15 23 8 22 21 12 29 30 7 9 3 25 26 24 33 18 6 13 2 16 10.079
0 11 14 20 32 5 27 31 4 19 12 16 2 13 6 18 33 10 1 28 17 15 23 8 22 21 29 24 26 25 3 9 7 30 10.0964
0 11 14 20 32 5 27 31 26 24 33 18 6 13 2 16 12 29 21 22 8 23 15 10 17 28 1 19 4 25 3 9 7 30 10.1057
0 11 14 20 32 5 27 6 13 2 16 12 29 21 22 8 23 15 17 28 1 10 19 4 31 18 33 24 26 25 3 9 7 30 10.1677
0 11 14 20 32 5 15 23 8 22 21 29 12 16 2 13 27 31 4 19 10 1 28 17 6 18 33 24 26 25 3 9 7 30 10.1903
0 11 14 20 3 25 26 7 33 18 6 24 13 2 16 12 29 21 22 8 23 15 17 28 1 10 19 4 31 27 5 32 9 30 10.2093
0 11 14 6 18 33 24 26 20 32 5 27 31 4 19 10 1 28 17 15 23 8 22 21 29 12 16 2 13 25 3 9 7 30 10.2228
0 2 13 6 18 33 24 26 25 3 11 14 20 32 5 27 31 4 19 10 1 28 17 15 23 8 22 21 29 12 16 9 7 30 10.2259
0 11 14 20 32 25 3 9 7 5 27 31 4 19 10 1 28 17 12 16 2 13 6 15 23 8 22 21 29 18 33 24 26 30 10.276
0 11 14 20 32 5 27 31 4 19 10 1 28 17 15 23 3 25 26 24 33 18 6 13 2 16 12 29 21 22 8 9 7 30 10.2849
0 20 14 11 32 5 27 31 4 18 19 10 1 28 17 15 23 8 22 21 29 12 16 2 13 6 33 24 26 25 3 9 7 30 10.3134
0 11 14 20 32 5 27 31 4 19 10 1 28 17 15 23 8 26 24 33 18 6 13 12 2 16 29 21 22 25 3 9 7 30 10.3406
0 11 14 6 18 33 24 26 25 3 9 7 30 20 32 5 27 31 4 19 10 1 28 17 15 23 8 22 21 29 12 16 2 13 10.3493
0 11 14 20 32 5 27 31 4 19 10 1 25 26 24 33 18 6 13 2 16 12 29 21 22 8 23 15 17 28 3 9 7 30 10.3538
0 1 10 19 4 11 14 20 32 5 9 3 25 26 24 33 18 6 13 2 16 12 29 21 22 8 23 15 17 28 31 27 7 30 10.3725
0 11 30 7 9 3 25 26 24 33 18 6 13 27 2 16 12 29 21 22 8 23 15 17 28 1 10 19 4 31 5 32 20 14 10.3826
0 11 14 20 32 5 27 31 4 19 10 1 28 17 15 23 8 22 9 3 25 26 24 33 18 6 13 2 16 12 29 21 7 30 10.3859
0 11 14 20 32 5 27 31 4 19 10 1 28 17 15 23 8 22 21 29 6 18 33 24 26 25 3 9 7 30 12 16 2 13 10.3954
0 11 14 20 18 6 13 2 16 29 12 21 22 8 23 15 17 28 1 10 19 4 31 27 5 32 33 24 26 25 3 9 7 30 10.4048
0 11 14 20 32 5 27 31 4 19 10 1 28 25 26 24 33 18 6 13 2 16 12 29 21 22 8 23 15 17 3 9 7 30 10.4143
0 11 14 5 27 31 4 19 10 1 28 17 15 23 2 13 6 18 33 8 22 21 29 12 16 20 32 24 26 25 3 9 7 30 10.4643
0 32 18 33 24 20 14 11 5 27 31 4 19 10 1 28 17 15 23 8 22 21 29 12 16 2 13 6 26 25 3 9 7 30 10.4706
0 11 14 20 32 5 27 15 23 8 22 21 29 16 12 2 13 6 18 31 4 19 10 1 28 17 33 24 26 25 3 9 7 30 10.4758
0 11 14 20 32 31 4 19 10 1 28 17 15 23 8 22 21 29 12 16 2 13 5 27 6 18 33 24 26 25 3 9 7 30 10.4839
0 11 14 20 32 5 27 31 4 19 10 1 28 17 26 25 15 23 8 22 21 29 12 16 2 13 6 18 33 24 3 9 7 30 10.4939
0 11 14 20 32 5 13 6 27 31 4 19 10 1 28 17 15 23 8 22 29 21 12 16 2 18 33 24 26 25 3 9 7 30 10.5114
0 11 14 20 32 31 4 19 10 1 28 17 15 23 8 22 21 29 12 16 2 13 6 5 27 18 33 24 26 25 3 9 7 30 10.5469
0 11 14 20 2 32 5 27 31 4 19 10 1 28 17 15 23 8 22 21 29 12 16 13 6 18 33 24 26 25 3 9 7 30 10.5632
0 11 14 20 32 5 27 31 13 2 16 12 29 21 22 8 23 15 17 10 1 28 4 19 6 18 33 24 26 25 3 9 7 30 10.5813
0 11 14 13 6 18 33 24 26 25 3 9 7 30 20 32 5 27 31 4 19 10 1 28 17 15 23 8 22 21 29 12 16 2 10.5819
0 11 14 20 32 5 27 31 4 19 10 22 21 29 12 16 2 13 6 18 33 24 26 25 3 9 7 30 1 28 17 15 23 8 10.6132
0 19 10 1 28 17 15 23 8 22 21 29 11 14 20 32 5 27 31 4 12 16 2 13 6 18 33 24 26 25 3 9 7 30 10.6342
0 11 14 20 13 6 18 33 24 26 32 5 27 31 4 19 10 1 28 17 15 23 8 22 21 29 12 16 2 25 3 9 7 30 10.674
0 11 14 20 13 6 18 33 24 26 32 5 27 31 4 19 10 1 28 17 15 23 8 22 21 29 12 16 2 25 3 9 7 30 10.674
0 11 14 20 32 5 29 21 22 8 23 15 17 28 1 10 19 4 31 27 12 16 2 13 6 18 33 9 7 30 24 26 25 3 10.7012
0 11 14 20 32 5 22 31 4 19 10 1 28 17 15 23 8 27 21 29 12 16 2 13 6 18 33 24 26 25 3 9 7 30 10.7461
0 16 12 29 21 22 8 23 15 17 28 11 14 20 32 5 27 31 4 19 10 1 2 13 6 18 33 24 26 25 3 9 7 30 10.774
0 12 16 2 13 6 18 11 14 20 32 5 27 31 4 19 10 1 28 17 15 23 8 22 21 29 33 24 26 25 3 9 7 30 10.7761
0 11 5 27 31 4 19 10 1 28 17 15 23 8 22 14 20 32 21 13 2 16 12 29 6 18 33 24 26 25 3 9 7 30 10.9439
0 11 14 20 32 5 27 23 8 22 21 29 12 16 2 13 6 18 33 24 26 25 31 4 19 10 1 28 17 15 3 9 7 30 10.986
0 11 14 20 32 5 27 31 4 19 10 1 28 17 15 23 8 3 9 7 30 22 21 29 12 16 2 13 6 18 33 24 26 25 11.0984
0 11 14 20 32 33 24 26 25 3 9 5 27 31 4 19 10 1 28 17 15 23 8 22 21 29 12 16 2 13 6 18 7 30 11.1098
0 11 14 20 32 33 24 26 25 3 5 27 31 4 19 10 1 28 17 15 23 8 22 21 29 12 16 2 13 6 18 9 7 30 11.1131
0 11 14 20 32 5 27 31 4 19 10 1 28 29 12 16 2 13 6 18 33 24 26 17 15 23 8 22 21 25 3 9 7 30 11.1325
0 20 32 5 27 31 4 19 10 1 28 17 25 26 24 33 18 6 13 2 16 12 29 21 22 8 23 15 3 9 7 30 14 11 11.1754
0 11 14 8 22 21 29 12 16 20 32 5 27 31 4 19 10 1 28 17 15 23 2 13 6 18 33 24 26 25 3 9 7 30 11.1824
0 11 29 12 16 2 13 6 18 33 24 26 25 3 9 14 20 32 5 27 31 4 19 10 1 28 17 15 23 8 22 21 7 30 11.214
0 11 14 20 32 5 27 31 33 24 26 25 3 9 7 4 19 10 1 28 17 15 23 8 22 21 29 12 16 2 13 6 18 30 11.2454
0 11 24 26 25 5 27 31 4 19 10 1 28 17 15 23 8 22 21 29 12 16 2 13 6 18 33 14 20 32 3 9 7 30 11.2537
0 24 26 25 3 16 2 13 6 18 33 30 7 9 12 29 21 22 8 23 15 17 28 1 10 19 4 31 27 5 32 20 14 11 11.2975
0 11 21 29 12 16 2 13 14 20 32 5 27 31 4 19 10 1 28 17 15 23 8 22 6 18 33 24 26 25 3 9 7 30 11.2979
0 11 4 19 10 29 1 28 17 15 23 8 22 21 12 16 2 13 6 18 33 24 26 25 14 20 32 5 27 31 3 9 7 30 11.359
0 11 14 20 32 5 27 31 4 19 10 1 28 17 15 23 8 22 21 24 26 25 3 9 7 29 12 16 2 13 6 18 33 30 11.3754
0 5 27 31 4 19 21 22 8 23 15 17 28 1 10 29 12 16 2 13 6 18 33 3 11 24 26 25 9 7 30 32 20 14 11.3849
0 26 25 3 9 7 30 19 10 1 28 17 15 23 8 22 6 13 2 16 12 29 21 18 33 24 4 31 27 5 32 20 14 11 11.4112
0 11 14 20 32 5 27 31 4 19 10 21 29 12 16 2 13 6 18 33 24 26 1 28 17 15 23 8 22 25 3 9 7 30 11.4253
0 11 14 20 32 5 27 31 4 19 10 21 29 12 16 2 13 6 18 33 24 26 1 28 17 15 23 8 22 25 3 9 7 30 11.4253
0 11 14 20 32 5 27 31 4 19 10 1 28 17 15 18 33 24 26 25 3 9 7 23 8 22 21 29 12 16 2 13 6 30 11.4407
0 4 19 10 1 28 17 15 23 8 22 21 29 12 16 2 13 6 11 14 20 32 5 27 31 18 33 24 26 25 3 9 7 30 11.4722
0 4 19 10 1 28 17 15 23 8 22 21 29 12 16 2 13 6 11 14 20 32 5 27 31 18 33 24 26 25 3 9 7 30 11.4722
0 11 14 20 32 5 27 31 4 19 10 1 24 26 25 3 9 7 28 17 15 23 8 22 21 29 12 16 2 13 6 18 33 30 11.5152
0 4 19 10 1 28 17 15 23 8 22 21 29 12 16 2 11 14 20 32 5 27 31 13 6 18 33 24 26 25 3 9 7 30 11.5277
0 19 10 1 28 17 12 29 21 22 8 23 15 16 2 13 6 18 33 24 11 14 20 32 5 27 31 4 26 25 3 9 7 30 11.5918
0 19 10 1 28 17 12 29 21 22 8 23 15 16 2 13 6 18 33 24 11 14 20 32 5 27 31 4 26 25 3 9 7 30 11.5918
0 11 14 20 32 5 27 31 4 19 10 1 28 17 15 23 8 22 24 26 25 3 9 7 21 29 12 16 2 13 6 18 33 30 11.6683
0 11 14 22 21 29 12 16 2 13 6 18 33 24 26 20 32 5 27 31 4 19 10 1 28 17 15 23 8 25 3 9 7 30 11.6906
0 11 14 20 32 5 18 33 24 26 25 3 9 27 31 4 19 10 1 28 17 15 23 8 22 21 29 12 16 2 13 6 7 30 11.703
0 11 14 13 6 18 33 24 26 25 3 9 7 30 20 32 5 27 31 4 19 10 1 28 17 15 23 22 21 29 12 16 2 8 11.7099
0 11 14 20 32 5 27 31 4 19 21 29 12 16 2 13 6 18 33 24 26 25 3 10 1 28 17 15 23 8 22 9 7 30 11.759
0 11 14 20 32 5 27 31 4 19 10 1 28 3 25 26 24 33 29 12 16 2 13 6 18 21 22 8 23 15 17 9 7 30 11.7686
0 11 14 20 32 5 12 16 2 13 6 18 33 24 26 25 3 9 27 31 4 19 10 1 28 17 15 23 8 22 21 29 7 30 11.7849
0 11 14 20 32 5 27 31 4 19 10 15 23 8 22 29 12 16 2 13 6 18 33 24 26 25 3 1 28 21 17 9 7 30 11.8009
0 11 14 20 32 5 18 6 13 2 16 12 29 21 22 8 23 15 17 28 1 10 19 4 31 27 33 24 30 26 25 3 9 7 11.8152
0 11 14 20 32 5 27 31 4 19 10 1 28 13 6 18 33 24 26 25 3 17 15 23 8 22 21 29 12 16 2 9 7 30 11.8571
0 11 28 17 15 23 8 22 21 29 12 16 2 13 6 18 33 24 26 25 3 31 4 19 10 1 14 20 32 5 27 9 7 30 11.8572
0 19 4 31 27 5 15 23 8 22 21 29 12 16 2 13 6 18 33 24 26 25 11 14 20 32 17 28 1 10 3 9 7 30 11.9153
0 14 20 32 15 17 28 1 10 19 11 4 31 27 9 3 25 26 24 33 18 6 13 2 16 12 29 21 22 8 23 5 7 30 11.9275
0 11 14 20 32 5 27 31 4 19 10 1 28 17 15 23 8 22 21 29 12 16 9 3 25 13 26 24 33 18 6 2 7 30 11.9313
0 3 9 7 30 11 14 20 32 5 27 31 4 19 10 1 28 17 15 26 24 33 18 6 13 2 16 12 29 21 22 8 23 25 11.9424
0 11 14 13 2 16 12 29 21 22 8 23 28 1 10 19 15 17 4 31 27 5 32 20 6 18 33 24 26 25 3 9 7 30 11.9593
0 11 14 19 10 4 30 7 9 3 25 26 24 33 18 6 13 2 16 12 29 21 22 8 15 17 28 1 20 32 23 5 27 31 11.9795
0 11 14 20 32 5 27 31 4 19 10 1 28 17 15 23 24 26 25 3 9 7 22 8 21 29 12 16 2 13 6 18 33 30 11.9954
0 11 14 20 32 5 27 31 4 19 10 1 28 17 15 23 8 24 26 25 3 9 7 30 22 21 29 12 16 2 13 6 18 33 12.0349
0 11 14 22 21 29 12 16 2 13 6 18 33 20 32 5 27 31 4 19 10 1 28 17 15 23 8 24 26 25 3 9 7 30 12.0721
0 11 14 13 2 16 12 29 21 22 8 23 28 1 10 19 31 15 17 4 27 5 32 20 6 18 33 24 26 25 3 9 7 30 12.1054
0 32 20 30 14 11 5 27 31 4 19 10 1 17 15 23 8 22 21 29 12 16 2 13 6 18 33 24 28 26 25 3 9 7 12.1063
0 11 14 20 29 32 1 10 19 4 31 27 5 28 17 15 23 8 22 21 12 16 2 13 6 18 33 24 26 25 3 9 7 30 12.1322
0 11 6 18 33 24 26 25 3 14 20 32 5 27 31 4 19 10 1 21 22 8 23 15 17 28 29 12 16 2 13 9 7 30 12.14
0 11 14 20 32 5 27 22 21 29 12 16 2 13 6 18 33 24 26 25 31 4 19 10 15 17 28 1 23 8 3 9 7 30 12.1733
0 11 14 20 32 8 22 21 29 12 16 2 13 6 18 33 24 26 25 5 27 31 4 19 10 1 28 17 15 23 3 9 7 30 12.1795
0 11 16 12 29 21 22 8 23 15 17 28 1 10 19 4 31 27 14 20 32 5 25 26 24 33 18 6 13 2 3 9 7 30 12.1998
0 11 14 20 32 5 27 31 4 19 10 1 28 29 22 8 23 24 33 18 6 13 2 16 12 21 17 15 26 25 3 9 7 30 12.2596
0 3 9 14 20 32 5 27 31 4 19 10 1 28 17 15 22 21 29 12 16 2 13 6 18 33 24 26 25 23 8 7 30 11 12.3622
0 11 14 20 32 5 27 31 4 19 10 1 21 22 23 15 17 28 29 12 16 2 13 6 18 33 24 26 25 3 9 8 7 30 12.3908
0 11 14 20 8 23 15 17 28 1 10 19 31 27 5 32 22 21 29 12 16 6 13 2 18 33 24 26 25 3 9 7 30 4 12.4578
0 11 14 20 32 5 15 23 8 22 21 29 12 16 2 13 6 18 33 24 30 7 9 3 27 31 4 19 10 1 28 17 25 26 12.4963
0 19 4 31 17 28 11 15 1 10 27 5 32 20 14 23 8 22 21 29 12 16 2 13 6 18 33 24 26 25 3 9 7 30 12.5401
0 11 14 17 28 1 2 16 12 29 21 22 8 23 15 20 32 5 27 31 4 19 10 13 6 18 33 24 26 25 3 9 7 30 12.5599
0 19 1 28 17 15 23 8 22 21 29 12 16 2 13 6 18 33 11 10 14 20 32 5 27 31 4 24 26 25 3 9 7 30 12.7894
0 32 5 27 31 23 15 17 28 4 19 10 1 22 8 21 29 12 16 11 14 20 2 13 6 18 33 24 26 25 3 9 7 30 12.8132
0 11 14 20 32 5 27 31 4 19 10 1 28 23 18 33 8 22 21 29 12 16 2 13 6 24 26 25 3 9 7 30 17 15 12.8165
0 10 1 28 17 15 23 8 22 21 29 12 16 2 13 6 5 32 20 14 11 27 31 4 19 18 33 24 26 25 3 9 7 30 12.8549
0 20 23 15 17 28 1 10 19 4 31 27 5 32 26 24 33 18 6 13 2 16 8 22 21 29 12 25 3 11 14 9 7 30 12.9259
0 11 18 22 8 33 14 20 32 5 27 31 4 19 10 1 28 17 15 23 21 29 12 16 2 13 6 24 26 25 3 9 7 30 12.9357
0 1 28 17 15 23 8 6 13 2 16 12 29 21 22 18 33 24 26 11 14 20 32 5 27 31 4 19 10 25 3 9 7 30 13.0388
0 11 14 20 32 15 4 31 27 5 23 8 22 21 29 12 16 2 13 6 18 33 24 26 25 3 9 19 10 1 28 17 7 30 13.0499
0 11 14 20 32 5 27 31 4 19 10 28 17 6 13 2 16 12 29 21 22 8 23 15 18 1 33 24 26 25 3 9 7 30 13.0705
0 11 14 20 32 5 10 1 28 12 27 31 4 19 16 2 13 6 18 17 15 23 8 22 21 29 33 24 26 25 3 9 7 30 13.2155
0 11 14 20 32 5 27 31 4 30 7 12 16 2 13 6 18 33 24 26 25 3 9 29 21 22 8 23 15 17 28 1 10 19 13.5069
0 11 14 20 32 5 27 31 12 19 10 1 28 17 15 23 8 22 21 29 4 16 2 13 6 18 33 24 26 25 3 9 7 30 13.5257
0 11 14 20 32 5 27 31 4 19 10 1 28 17 15 8 21 29 12 16 2 13 6 18 23 33 24 22 26 25 3 9 7 30 13.6041
0 24 26 25 3 9 7 30 8 23 15 17 28 1 10 19 4 31 27 5 32 20 14 33 18 6 13 2 16 12 29 21 22 11 13.7679
0 11 14 20 32 5 27 31 4 21 29 19 2 13 10 1 28 17 15 23 8 22 12 16 6 18 33 24 26 25 3 9 7 30 13.9644
0 11 14 20 32 17 29 12 16 2 13 6 18 33 24 26 25 3 9 28 1 10 19 4 31 27 5 15 23 8 22 21 7 30 14.0175
0 11 14 8 20 32 23 22 21 29 1 10 19 4 31 27 5 28 17 15 12 16 2 13 6 18 33 24 26 25 3 9 7 30 14.028
0 11 14 20 32 5 27 31 4 8 23 29 12 15 17 21 16 2 13 6 18 33 24 26 25 3 19 10 1 28 22 9 7 30 14.0683
0 11 14 20 32 5 27 31 4 29 12 16 2 13 6 18 10 1 28 17 15 23 8 22 21 19 33 24 26 25 3 9 7 30 14.0808
0 27 31 4 19 10 1 28 17 15 23 2 13 6 18 33 24 26 25 3 9 7 30 8 22 21 29 12 16 11 14 20 32 5 14.1371
0 11 14 20 32 5 18 6 13 2 16 12 29 21 33 24 26 22 8 23 15 17 28 1 10 19 4 31 27 25 3 9 7 30 14.1482
0 11 14 20 32 5 27 31 4 19 10 1 28 24 33 18 6 12 29 21 22 8 23 13 2 16 15 17 26 25 3 9 7 30 14.1517
0 26 25 3 9 28 17 15 23 14 20 32 5 27 31 4 7 11 19 10 1 8 22 21 29 12 16 2 13 6 18 33 24 30 14.1972
0 11 14 20 3 5 27 31 4 19 10 1 28 17 18 6 13 2 16 12 29 21 22 8 23 15 33 24 26 25 32 9 7 30 14.3073
0 11 14 20 32 5 16 2 13 6 18 33 28 17 15 23 8 22 21 29 12 27 31 4 19 10 1 24 26 25 3 9 7 30 14.4578
0 11 14 20 32 1 28 17 15 23 8 22 21 29 12 16 2 13 6 18 33 24 26 25 3 19 4 31 27 5 9 10 7 30 14.533
0 11 22 8 23 15 17 28 1 10 19 4 14 20 32 5 29 21 31 27 12 16 2 13 6 18 33 24 26 25 3 9 7 30 14.5416
0 11 14 20 32 5 27 10 1 2 31 4 19 16 12 21 29 22 8 23 15 17 28 13 6 18 33 24 26 25 3 9 7 30 14.5702
0 11 14 20 32 5 27 31 4 19 10 12 29 21 22 8 23 17 1 16 2 13 6 18 33 24 26 25 28 15 3 9 7 30 14.5733
0 11 20 14 32 5 22 8 23 15 17 28 1 10 19 4 31 27 21 29 7 9 3 25 26 24 33 18 6 13 2 16 12 30 14.8328
0 11 14 20 32 5 27 31 4 19 10 1 28 17 15 21 29 12 16 2 13 6 26 25 3 23 8 22 9 18 33 24 7 30 14.9497
0 11 12 19 10 1 28 17 15 14 20 32 5 27 31 4 29 23 8 22 21 16 2 13 6 18 33 24 26 25 3 9 7 30 14.9679
0 32 5 27 31 23 15 17 28 1 10 19 4 22 8 21 29 12 16 11 14 9 3 25 26 24 33 18 6 13 2 20 7 30 15.0146
0 11 14 20 32 5 27 31 4 19 10 1 28 23 8 22 21 29 12 16 3 25 26 24 33 18 6 13 2 9 7 17 15 30 15.0708
0 17 15 23 8 20 32 5 27 31 4 22 21 29 12 16 2 13 6 18 33 24 26 25 3 9 11 14 19 10 1 28 7 30 15.0809
0 17 15 23 8 20 32 5 27 31 4 22 21 29 12 16 2 13 6 18 33 24 26 25 3 9 11 14 19 10 1 28 7 30 15.0809
0 11 9 21 22 8 23 17 15 28 1 10 19 14 20 3 25 26 24 33 18 6 13 2 16 12 29 32 5 27 31 4 7 30 15.097
0 11 14 20 32 5 27 31 17 15 23 4 19 10 1 28 22 21 12 29 16 3 9 7 30 2 13 6 18 33 8 24 26 25 15.13
0 11 14 20 32 5 27 31 4 19 10 1 28 17 18 6 13 2 16 12 29 21 22 8 23 3 25 26 24 33 15 9 7 30 15.1449
0 11 14 1 18 6 13 2 16 12 29 21 33 24 26 25 20 32 5 27 31 4 19 10 22 8 23 15 17 28 3 9 7 30 15.2441
0 11 14 20 32 5 27 28 15 12 16 17 31 4 19 10 1 2 13 6 18 33 24 23 8 22 21 29 26 25 3 9 7 30 15.4079
0 11 14 20 32 5 3 17 28 1 10 19 4 31 15 23 8 22 21 29 12 16 2 13 6 18 33 24 26 25 27 9 7 30 15.5208
0 11 14 20 32 5 27 31 4 19 10 1 13 6 15 17 28 2 16 12 29 21 22 8 33 18 23 24 26 25 3 9 7 30 15.6404
0 11 14 19 4 31 27 5 28 17 15 23 22 21 29 12 16 2 13 6 18 33 24 26 25 8 20 32 1 10 3 9 7 30 15.7348
0 11 29 21 22 8 23 15 17 28 1 10 19 4 31 27 5 32 20 14 12 16 2 13 6 25 3 9 7 30 18 33 24 26 15.7568
0 11 14 20 32 5 27 31 4 19 10 1 28 3 25 13 6 18 21 22 16 2 26 24 33 29 12 8 23 15 17 9 7 30 15.8387
0 30 7 16 2 13 6 18 33 24 26 25 28 1 10 19 4 31 27 5 32 20 17 15 23 8 22 21 29 12 3 9 14 11 15.9084
0 11 14 6 18 33 24 26 20 32 5 27 31 4 19 10 1 28 17 15 23 8 22 21 29 12 16 2 9 3 25 13 7 30 16.0138
0 11 14 20 32 5 10 1 28 17 15 23 8 22 21 29 12 27 31 19 16 2 13 4 6 18 33 24 26 25 3 9 7 30 16.1018
0 11 14 20 32 5 21 29 12 16 2 13 27 31 3 4 19 10 1 28 17 15 23 8 22 6 18 33 24 26 25 9 7 30 16.1426
0 11 22 21 29 12 16 2 13 6 18 33 24 26 25 3 9 7 15 23 8 14 20 32 5 27 31 4 19 10 1 28 17 30 16.3584
0 30 16 12 29 21 22 8 23 15 17 28 27 31 4 19 10 1 13 6 18 33 24 26 25 3 9 7 2 5 32 20 14 11 16.409
0 29 12 16 2 13 6 18 33 3 11 24 26 25 9 5 27 31 4 19 10 1 28 17 15 23 8 22 21 7 30 32 20 14 16.4942
0 24 33 18 6 32 5 27 31 4 19 10 28 17 15 23 8 22 21 29 12 1 16 2 13 20 14 11 26 25 3 9 7 30 16.5483
0 11 27 31 4 21 29 12 14 19 10 1 28 17 15 23 8 22 20 32 5 16 2 13 6 18 33 24 26 25 3 9 7 30 16.565
0 11 14 20 31 4 32 5 27 19 10 9 1 28 17 15 23 8 22 21 29 25 26 24 33 18 6 13 2 16 12 3 7 30 16.5999
0 11 14 20 32 5 27 31 4 19 17 25 3 9 7 30 10 1 28 26 24 33 18 6 13 2 16 12 29 21 22 8 23 15 16.7686
0 11 14 20 32 5 27 31 4 19 10 1 28 17 26 24 33 18 6 13 7 9 3 25 23 15 8 22 21 29 12 16 2 30 16.8243
0 11 14 20 32 5 27 23 8 22 21 29 12 16 2 13 6 4 31 7 9 3 25 26 24 33 18 19 10 1 28 17 15 30 16.866
0 11 14 15 9 3 25 26 24 33 18 6 13 2 16 8 22 21 29 12 20 32 5 27 31 4 19 10 1 28 17 23 7 30 16.9095
0 11 14 20 32 5 27 31 4 19 10 21 29 12 16 2 13 6 18 33 1 15 23 8 22 24 26 25 28 17 3 9 7 30 16.9816
0 8 22 21 29 12 16 2 13 6 24 26 25 3 9 10 19 4 31 27 5 32 20 14 11 7 30 33 18 23 15 17 28 1 17.1792
0 11 14 20 32 5 27 31 4 2 13 6 18 33 28 17 15 23 8 22 21 29 12 16 26 24 19 10 1 25 3 9 7 30 17.2256
0 11 14 20 32 12 22 8 23 15 17 28 1 10 19 4 31 27 5 16 2 13 6 18 33 24 26 25 3 9 29 21 7 30 17.2471
0 11 14 20 32 5 27 2 13 6 18 33 24 17 15 23 8 22 21 29 12 16 31 4 19 10 1 28 26 25 3 9 7 30 17.4275
0 11 14 24 33 18 20 32 5 27 31 4 19 10 1 28 17 15 23 8 3 25 26 6 13 2 16 12 29 21 22 9 7 30 17.4906
0 11 14 12 16 2 13 6 18 33 24 26 25 3 9 27 31 4 19 10 1 28 17 15 32 20 29 21 22 8 23 5 7 30 17.5198
0 29 12 16 2 13 6 18 33 24 26 25 3 9 8 22 21 11 14 20 32 5 27 31 4 19 10 1 28 17 15 23 7 30 17.5285
0 11 14 18 33 24 26 25 3 9 7 16 2 13 6 20 32 5 27 31 4 19 10 1 28 17 15 23 8 22 21 29 12 30 17.5874
0 20 32 5 27 31 4 19 10 1 28 30 7 9 3 14 11 25 26 24 15 17 33 18 6 13 2 16 12 29 21 22 8 23 17.6538
0 11 14 20 32 5 13 6 18 33 24 1 28 17 15 23 8 22 21 29 12 16 2 27 31 4 19 10 26 25 3 9 7 30 17.6736
0 11 14 20 32 28 17 24 33 18 6 13 2 5 27 31 4 19 10 1 16 12 29 21 22 8 23 15 26 25 3 9 7 30 17.6857
0 13 2 16 12 29 21 22 3 9 8 23 15 17 28 1 10 19 4 31 27 5 32 20 14 11 6 18 33 24 26 25 7 30 17.7196
0 11 14 20 32 5 27 31 4 19 10 1 28 6 18 33 17 15 23 8 13 2 16 12 29 25 26 21 22 24 3 9 7 30 17.7372
0 11 5 27 31 4 19 10 1 22 14 20 32 21 29 12 16 2 13 6 18 33 24 26 28 17 15 23 8 25 3 9 7 30 17.8172
0 11 14 20 32 2 13 6 18 33 24 21 22 8 23 15 17 28 1 10 19 4 31 27 5 9 3 25 26 29 12 16 7 30 17.8464
0 11 14 20 32 2 5 27 31 4 19 10 1 28 17 15 23 8 22 21 7 9 3 25 26 24 33 18 6 13 16 12 29 30 17.9174
0 11 14 20 32 5 27 31 4 19 10 25 3 23 8 22 21 29 12 16 2 13 6 18 33 24 26 1 28 17 15 9 7 30 17.9199
0 11 14 20 32 2 13 6 18 33 24 26 25 23 8 22 21 29 12 16 5 27 31 4 19 10 1 15 28 17 3 9 7 30 17.942
0 11 14 29 12 16 2 13 10 28 1 17 6 18 20 32 5 27 31 4 19 15 23 8 22 21 33 24 26 25 3 9 7 30 17.9544
0 11 14 13 2 16 12 29 21 22 8 23 15 17 28 25 3 9 7 20 32 5 27 31 4 19 10 1 26 24 33 18 6 30 17.9884
0 11 14 20 32 5 27 31 4 19 10 1 25 3 15 23 8 22 21 29 12 16 2 13 6 18 33 24 26 28 17 9 7 30 18.0691
0 11 14 20 32 5 6 19 1 10 28 17 15 23 8 22 21 29 12 16 2 13 27 31 4 18 33 24 26 25 3 9 7 30 18.143
0 11 27 31 4 19 10 9 7 1 28 17 23 15 8 22 13 2 16 12 29 21 14 20 32 5 6 18 33 24 26 25 3 30 18.2468
0 28 17 29 12 16 2 13 6 18 19 10 1 15 23 8 22 21 5 27 31 4 33 24 26 25 7 30 3 9 20 14 11 32 18.2598
0 11 14 20 32 5 27 31 4 23 15 8 22 13 2 16 12 29 21 6 18 33 24 26 25 3 19 10 9 7 1 28 17 30 18.3314
0 11 14 20 32 5 27 30 31 4 13 29 21 22 8 23 15 17 28 1 10 19 6 18 33 24 12 16 2 26 25 3 9 7 18.5423
0 11 14 20 32 5 27 31 4 19 10 12 29 21 22 8 23 33 24 26 25 28 17 1 16 2 13 6 18 15 3 9 7 30 18.6465
0 11 14 33 24 26 25 3 9 7 8 22 21 29 12 16 20 32 5 27 31 4 19 10 1 28 17 15 23 2 13 6 18 30 18.6732
0 11 14 20 32 5 17 15 23 21 29 27 31 4 19 10 1 28 12 16 2 13 6 18 22 24 26 25 3 9 33 8 7 30 18.7061
0 11 14 20 32 5 27 31 4 19 10 25 3 9 8 22 29 12 16 21 2 13 6 18 33 24 26 1 28 17 15 23 7 30 18.7523
0 11 14 20 32 12 29 21 22 8 5 16 2 13 6 18 33 24 23 15 17 28 1 10 19 4 31 27 26 25 3 9 7 30 18.7563
0 11 23 9 7 30 24 33 18 6 13 2 16 12 29 15 17 28 1 10 19 4 31 27 5 32 20 14 21 22 8 3 25 26 18.8555
0 11 14 20 32 10 1 28 7 9 3 25 26 5 27 31 4 19 24 33 18 6 17 15 23 8 22 21 29 12 16 2 13 30 18.8855
0 11 14 20 32 5 27 31 4 19 10 1 28 17 15 6 13 8 33 18 23 24 26 25 3 9 7 30 2 16 12 29 21 22 19.0144
0 4 19 10 1 28 17 15 23 8 22 21 12 16 2 13 6 11 14 29 20 32 5 27 31 18 33 24 26 25 3 9 7 30 19.0319
0 11 27 5 32 20 14 31 4 19 26 25 3 23 8 22 21 29 12 16 2 13 6 18 33 24 10 1 28 17 15 9 7 30 19.0718
0 11 14 15 23 8 22 21 29 12 20 32 33 24 26 25 3 5 27 31 4 19 10 1 28 17 16 2 13 6 18 9 7 30 19.1196
0 11 14 20 8 27 31 22 21 29 12 16 2 13 6 1 28 17 18 33 24 26 25 3 9 7 30 32 5 4 19 10 15 23 19.2449
0 24 26 25 8 22 21 29 5 27 31 4 19 10 1 12 16 2 13 6 18 33 11 14 20 32 28 17 15 23 3 9 7 30 19.3923
0 11 14 20 32 5 27 31 13 6 18 33 24 26 25 28 17 3 9 7 30 4 19 10 1 15 23 8 22 21 29 12 16 2 19.7196
0 11 14 15 23 8 22 21 29 12 20 32 33 24 26 9 18 6 13 2 16 17 28 1 10 19 4 31 27 5 3 25 7 30 19.8153
0 11 14 20 32 25 26 16 12 29 21 22 8 1 10 19 4 31 27 5 3 9 2 13 6 18 33 24 28 17 15 23 7 30 19.8638
0 11 14 20 32 5 1 28 25 3 10 31 4 19 27 6 13 2 16 33 24 26 18 12 29 21 22 8 23 15 17 9 7 30 19.9799
0 12 16 2 13 6 18 33 24 26 25 3 9 28 17 15 23 14 20 32 5 27 31 4 7 30 29 21 22 8 1 10 19 11 20.0381
0 18 6 13 2 16 12 29 21 22 8 23 15 17 28 1 10 19 4 31 3 5 32 20 14 11 33 24 26 25 27 9 7 30 20.5535
0 11 14 20 32 5 27 21 29 12 16 2 10 25 26 24 33 18 6 13 19 4 31 22 8 23 15 17 28 1 3 9 7 30 20.5937
0 24 26 8 23 15 25 3 9 7 30 33 18 6 13 2 16 12 32 5 27 31 4 19 10 1 28 17 22 21 29 20 14 11 20.6888
0 11 29 12 6 18 33 14 20 27 31 4 19 10 1 16 13 2 32 5 28 17 8 22 15 23 21 24 26 25 3 9 7 30 20.7358
0 12 16 23 8 22 21 29 30 7 9 3 25 26 24 33 18 1 10 19 4 31 27 6 13 2 15 17 28 5 32 20 14 11 20.8046
0 13 6 22 33 24 26 25 3 9 7 11 5 27 31 4 19 10 1 28 17 15 23 8 18 14 20 32 21 29 12 16 2 30 20.8588
0 11 30 7 9 3 6 13 10 19 25 26 24 33 18 4 31 5 32 27 2 16 12 29 21 22 8 23 15 17 28 1 20 14 20.894
0 22 30 7 9 3 5 32 15 17 28 1 10 19 4 31 27 25 26 24 33 18 6 13 2 16 12 29 21 8 23 20 14 11 21.0849
0 11 14 18 33 24 26 25 3 9 31 4 19 10 1 28 17 15 20 32 5 27 12 16 21 2 13 6 23 8 22 29 7 30 21.1697
0 11 14 20 32 21 5 24 33 18 6 13 2 16 12 29 27 7 30 31 4 19 10 1 28 17 15 23 8 22 26 25 3 9 21.2257
0 12 16 2 33 24 26 25 3 9 7 30 29 21 22 8 23 13 6 27 31 4 19 10 1 18 15 17 28 5 32 20 14 11 22.0064
0 11 14 29 20 32 5 27 31 4 19 10 1 28 17 6 24 26 25 3 15 23 18 33 8 22 21 12 16 2 13 9 7 30 22.4562
0 11 14 20 2 13 4 19 10 1 28 17 15 23 8 22 21 29 12 16 3 18 33 24 26 25 32 5 27 31 6 9 7 30 22.5988
0 12 16 2 13 6 27 31 4 19 10 1 18 33 32 5 28 17 15 23 8 22 21 29 30 7 9 3 25 26 24 20 14 11 22.8425
0 17 26 24 33 18 6 13 7 9 3 25 23 15 8 22 21 29 12 16 2 30 28 1 10 19 4 31 27 5 32 20 14 11 23.0245
0 11 14 21 29 12 16 2 20 32 31 5 27 4 19 10 24 33 18 3 25 26 1 28 17 15 23 8 22 13 6 9 7 30 23.1642
0 11 14 20 32 1 10 19 4 26 24 33 18 31 27 5 16 2 13 6 25 28 17 15 23 8 22 21 29 12 3 9 7 30 23.3771
0 11 14 20 32 23 8 22 21 19 33 24 5 27 31 4 29 12 16 2 13 6 18 10 1 28 17 15 26 25 3 9 7 30 23.4066
0 11 14 20 29 12 16 31 4 19 10 1 28 22 24 33 18 6 13 2 27 5 32 21 17 15 23 8 26 25 3 9 7 30 24.5857
0 24 6 13 2 16 1 12 29 21 22 8 23 15 17 18 31 27 5 32 28 10 19 4 33 20 14 11 26 25 3 9 7 30 24.6134
0 11 9 23 15 3 30 5 27 31 4 19 20 32 12 16 2 7 14 10 1 28 17 29 21 22 8 13 6 18 33 24 26 25 24.7265
0 11 22 8 23 15 17 28 1 10 19 4 31 27 5 29 21 20 14 9 3 25 26 24 33 18 32 6 13 2 16 12 7 30 24.8101
0 11 18 14 20 32 5 27 31 4 24 26 25 3 9 7 30 8 22 21 29 19 10 1 28 17 12 16 2 13 6 33 15 23 25.3924
0 11 14 20 32 29 21 22 8 30 7 12 16 2 13 6 18 33 24 5 9 3 25 26 27 31 4 19 10 1 28 17 15 23 25.7374
0 11 14 4 19 10 1 28 18 33 24 26 25 3 17 15 23 8 5 22 21 20 29 12 16 2 13 6 9 7 30 32 27 31 25.9337
0 28 17 15 23 8 11 3 9 7 4 19 10 1 22 21 14 20 32 5 27 31 2 13 6 18 33 24 26 25 29 12 16 30 26.0939
0 31 1 10 19 4 7 30 16 2 13 9 12 29 21 22 8 23 15 17 28 6 18 33 20 32 5 27 3 25 26 24 14 11 26.1976
0 11 9 23 15 3 30 5 27 31 4 19 20 32 17 29 21 22 8 13 6 18 33 12 16 2 7 14 10 1 28 24 26 25 26.2686
0 1 28 25 13 2 16 12 29 21 22 8 23 15 17 3 9 11 14 20 4 5 27 6 18 33 24 26 31 32 19 10 7 30 26.5512
0 11 14 15 23 8 22 21 4 19 10 1 28 17 16 2 13 6 18 9 29 12 20 32 33 24 26 25 3 5 27 31 7 30 26.6362
0 11 14 15 23 3 9 7 30 16 21 2 13 20 32 5 27 31 4 19 10 1 28 17 6 18 33 24 26 25 8 22 29 12 27.602
0 11 14 20 32 5 1 25 26 10 33 4 31 27 21 22 8 23 15 17 28 24 19 29 12 16 2 13 6 18 3 9 7 30 30.8436
0 11 13 2 16 12 29 21 22 25 3 9 7 30 31 4 19 10 1 5 32 28 17 15 23 14 20 26 8 27 24 33 18 6 31.0138
0 23 8 22 21 29 25 26 24 1 10 19 11 33 18 6 13 15 17 28 2 4 31 27 5 32 20 14 16 12 3 9 7 30 31.4231
0 11 18 14 20 32 5 27 31 4 24 26 25 9 7 30 8 22 21 29 12 16 2 13 6 33 19 10 1 28 17 15 3 23 31.5022
0 28 6 18 33 17 15 23 8 11 3 9 7 4 19 10 1 22 21 14 20 32 5 27 31 2 13 24 26 25 29 12 16 30 31.7028
0 11 14 20 22 29 26 18 6 13 2 16 12 5 27 31 4 19 21 24 10 15 17 28 1 23 8 25 3 9 7 32 33 30 32.2024
0 11 18 14 26 25 9 7 30 20 32 5 27 31 4 24 8 22 21 29 12 16 2 13 6 33 19 10 1 28 17 15 3 23 33.6159
0 11 14 20 32 5 1 25 6 18 3 9 7 30 26 10 33 4 31 27 21 22 8 23 15 17 28 24 19 29 12 16 2 13 36.4889
0 11 33 24 26 25 31 4 19 10 1 28 3 18 6 13 2 29 32 20 16 12 22 14 15 21 5 27 23 8 17 9 7 30 36.8732
0 24 6 3 13 18 23 11 28 1 12 19 15 26 31 5 4 10 9 32 30 7 14 27 21 29 22 2 16 25 33 8 20 17 48.2325
0 10 8 16 6 3 31 25 11 19 1 22 2 17 9 26 7 33 29 12 14 27 23 4 20 5 28 30 18 13 32 15 21 24 52.3606
0 7 11 28 31 3 18 22 10 27 15 23 21 33 20 29 1 8 24 6 14 9 16 2 26 17 25 32 5 4 13 12 19 30 56.1335
0 31 20 32 17 12 2 14 21 22 30 25 29 26 33 7 9 27 19 28 1 13 8 24 11 6 5 10 15 4 3 18 16 23 58.5942
0 31 20 32 17 12 23 16 18 3 4 15 10 5 6 11 24 8 13 1 28 19 27 9 7 33 26 29 25 30 22 21 14 2 59.1598
0 1 11 17 27 15 3 19 22 26 28 33 7 20 31 14 5 32 10 6 21 23 25 18 9 2 12 29 8 16 24 13 4 30 60.0224
0 5 4 7 14 33 32 6 31 25 27 19 1 11 30 17 18 22 28 12 3 16 24 2 21 23 8 13 10 20 15 29 26 9 60.1274
0 1 32 25 33 30 26 5 4 12 3 18 10 15 27 28 17 31 16 14 7 24 22 2 21 6 29 8 9 19 11 13 23 20 60.1412
0 31 24 4 32 15 29 18 6 14 7 5 17 11 2 21 23 26 3 13 10 1 19 12 16 8 9 28 20 30 22 33 25 27 61.0752
0 14 31 11 3 28 20 23 12 15 27 24 30 5 4 33 1 17 18 22 6 25 13 7 19 9 16 26 10 21 8 29 32 2 64.224
0 3 2 31 23 9 29 10 24 12 8 32 26 13 19 30 14 4 20 28 15 5 1 22 21 11 7 25 17 33 27 16 6 18 64.5937
0 28 26 19 7 2 12 17 23 14 4 10 32 1 27 11 20 21 13 24 15 25 8 18 22 9 3 33 6 31 30 29 16 5 64.8604
0 17 31 4 8 16 10 27 9 18 14 29 3 23 13 33 26 30 24 22 32 15 5 11 28 2 21 7 25 19 20 1 12 6 64.9189
0 26 23 17 2 24 28 10 7 9 14 15 1 22 4 29 13 6 33 20 31 27 5 18 12 11 3 19 30 8 32 16 25 21 65.1642
0 26 25 21 16 19 28 2 14 23 17 29 12 30 20 3 8 9 27 15 6 1 33 24 10 7 31 5 22 4 13 18 32 11 65.5565
0 20 14 27 21 6 7 17 2 18 8 29 11 1 23 13 15 25 32 33 9 4 10 5 28 3 22 31 30 12 19 26 16 24 66.6709
0 18 8 5 11 16 30 1 25 26 10 2 6 24 3 21 32 28 7 9 4 17 14 27 19 22 15 12 29 13 20 33 31 23 67.5644
0 3 13 5 19 14 16 22 15 20 29 28 12 11 23 8 2 17 32 7 18 1 26 27 21 4 24 25 6 33 30 31 9 10 68.4675
0 31 32 27 3 16 9 21 15 23 12 1 8 13 22 10 26 7 5 30 29 2 4 11 33 14 28 6 18 20 24 17 25 19 68.8788
0 19 25 15 18 7 29 33 21 8 12 27 30 13 16 10 26 2 17 6 9 32 31 20 23 5 22 14 24 1 11 28 4 3 69.5993
0 18 29 3 20 6 14 27 32 4 12 23 28 10 2 1 7 13 24 15 26 9 16 22 17 33 11 25 8 5 30 19 21 31 69.7336
0 30 20 15 28 13 11 16 22 23 10 33 3 26 25 17 6 27 21 7 9 4 14 12 24 5 29 31 2 8 18 19 32 1 70.0404
0 18 26 20 25 8 4 9 27 10 15 31 30 33 32 19 11 24 21 7 14 2 16 17 3 6 5 12 1 13 23 28 22 29 70.0694
0 15 24 10 3 21 23 16 1 22 2 8 30 9 28 7 19 5 13 12 4 11 31 14 6 25 33 27 29 17 20 18 26 32 71.2155
0 16 8 17 15 24 4 12 9 33 20 13 1 26 2 31 3 22 27 14 10 29 5 19 25 6 21 28 18 23 32 7 11 30 71.803
0 24 12 13 10 31 27 6 11 29 33 23 16 20 22 18 15 25 14 28 2 4 19 8 3 26 5 9 21 1 7 32 17 30 72.0897
0 4 25 7 5 16 19 3 20 11 1 22 21 15 6 18 33 27 32 12 30 2 14 31 29 23 26 24 17 13 10 8 9 28 72.1238
0 15 24 10 3 21 23 16 5 19 7 28 9 30 33 27 29 17 20 18 2 8 25 6 14 31 11 26 22 1 13 12 4 32 73.2857
0 10 17 29 14 4 33 19 5 25 13 11 15 30 20 32 26 22 1 28 8 12 23 24 27 2 7 3 6 21 9 18 31 16 73.3395
0 1 7 2 30 26 10 21 15 11 14 27 5 25 31 24 33 16 19 12 28 22 3 23 17 13 4 18 20 32 9 8 6 29 73.865
0 15 24 10 3 21 23 16 5 19 7 28 9 30 33 27 29 17 20 18 2 8 25 6 14 31 11 4 12 13 1 22 26 32 74.1593
0 10 26 8 14 2 12 18 11 17 32 25 15 30 27 28 22 1 5 29 4 24 21 16 6 31 9 7 3 19 20 33 23 13 74.2907
0 21 18 5 27 14 12 26 15 20 25 28 4 11 24 33 2 13 7 9 22 29 32 17 6 19 10 16 31 30 8 3 23 1 74.7216
0 16 30 33 7 25 23 22 3 15 28 1 27 5 24 20 17 29 19 18 26 11 32 6 10 9 13 4 31 12 2 8 14 21 75.0228
0 1 7 2 33 16 19 12 28 30 26 10 21 15 11 14 27 5 25 31 24 22 3 23 17 13 4 18 20 32 9 8 6 29 75.4249
0 2 17 1 24 3 10 26 32 30 20 13 16 9 28 6 22 25 21 19 27 31 14 5 8 7 15 11 18 4 12 23 33 29 75.7442
0 33 5 26 28 2 3 20 1 30 19 13 16 9 17 18 12 23 22 32 27 6 14 11 15 25 31 8 24 21 29 10 4 7 76.2987
0 18 13 15 25 14 8 4 19 2 9 17 6 27 30 33 1 24 23 22 32 20 3 5 26 12 10 21 31 11 7 29 16 28 77.311
0 14 15 10 26 32 23 30 31 33 12 13 24 27 2 7 4 19 20 16 11 17 25 22 5 28 3 1 9 8 29 6 21 18 79.2615
0 12 28 14 11 22 31 2 15 32 7 13 27 16 9 24 23 17 30 33 25 8 4 5 26 10 6 3 21 18 20 29 19 1 81.9369
0 16 19 29 9 18 4 6 10 14 8 30 32 23 11 24 3 5 17 31 33 25 13 15 12 21 27 20 2 22 7 1 26 28 82.2102
0 23 29 4 13 9 22 26 8 30 5 19 28 27 20 12 15 6 1 24 10 17 14 33 25 7 18 32 16 11 2 21 3 31 83.7453
0 18 6 4 30 8 20 12 1 5 15 33 32 22 13 29 9 19 26 31 7 10 24 27 2 17 21 23 3 25 28 14 11 16 83.7486
0 18 32 16 19 8 14 25 13 9 31 29 22 11 17 7 26 15 30 1 4 33 20 2 10 5 12 6 3 21 28 24 27 23 88.7078
