1 0.0979711 0.0979711 0
2 0.144298 0.121135 0.0231636
3 0.159295 0.133855 0.0184568
4 0.103439 0.126251 0.0151046
5 0.0979942 0.1206 0.0129934
6 0.100985 0.11733 0.0111013
7 0.13605 0.120005 0.00975597
8 0.0785526 0.114823 0.00991122
9 0.112398 0.114554 0.00874503
10 0.121688 0.115267 0.00785426
11 0.087662 0.112758 0.00753466
12 0.137115 0.114787 0.00717141
13 0.0947888 0.113249 0.00677374
14 0.14931 0.115825 0.00677964
15 0.113976 0.115702 0.0063127
16 0.0537389 0.111829 0.00706162
17 0.125866 0.112655 0.00668443
18 0.0985503 0.111871 0.00635067
19 0.0595166 0.109116 0.00660896
20 0.114644 0.109392 0.0062759
