1 0.917716 0.917716 0
2 0.848212 0.882964 0.034752
3 0.832652 0.866193 0.02615
4 0.937136 0.883929 0.0256216
5 0.817132 0.87057 0.0239239
6 0.955144 0.884665 0.0240885
7 0.7047 0.858956 0.0327939
8 0.940556 0.869156 0.0301765
9 0.924816 0.87534 0.0273223
10 0.864944 0.874301 0.0244599
11 0.747728 0.862794 0.0249381
12 0.896608 0.865612 0.022939
13 0.942184 0.871502 0.0219075
14 0.86298 0.870893 0.0202915
15 0.92366 0.874411 0.0192151
16 0.979192 0.88096 0.01913
17 0.784796 0.875303 0.0188388
18 0.925356 0.878084 0.0179777
19 0.95822 0.882302 0.0175205
20 0.900616 0.883217 0.0166466
