1 92.1267 92.1267 0
2 85.4436 88.7852 3.34158
3 83.1041 86.8915 2.70335
4 92.1609 88.2088 2.32152
5 91.6757 88.9022 1.92729
6 93.0377 89.5915 1.71795
7 86.1247 89.0962 1.53408
8 94.2375 89.7389 1.47582
9 90.4721 89.8203 1.3041
10 88.9101 89.7293 1.16997
11 92.5238 89.9834 1.08834
12 87.1985 89.7513 1.02026
13 92.0789 89.9303 0.955429
14 86.7022 89.6998 0.914116
15 91.1186 89.7943 0.856236
16 96.7216 90.2273 0.910465
17 87.3295 90.0568 0.872055
18 91.7975 90.1535 0.827848
19 94.878 90.4022 0.821598
20 87.8129 90.2727 0.790115
