1 -1.00569 -1.00569 0
2 -0.998292 -1.00199 0.00369904
3 -0.995973 -0.999985 0.00293007
4 -1.00541 -1.00134 0.00247583
5 -1.00365 -1.0018 0.00197245
6 -1.0061 -1.00252 0.00176283
7 -0.996414 -1.00165 0.00172634
8 -1.00862 -1.00252 0.00173055
9 -1.00394 -1.00268 0.00153441
10 -1.00159 -1.00257 0.00137674
11 -1.00359 -1.00266 0.0012488
12 -1.00027 -1.00246 0.0011573
13 -1.00659 -1.00278 0.00111087
14 -0.997924 -1.00243 0.00108537
15 -1.00371 -1.00252 0.00101398
16 -1.01268 -1.00315 0.00114153
17 -0.999408 -1.00293 0.00109466
18 -1.00579 -1.00309 0.00104418
19 -1.01149 -1.00353 0.00108216
20 -1.00316 -1.00351 0.0010268
