1 40.2274 40.2274 0
2 48.0065 44.1169 3.88954
3 44.4953 44.2431 2.24917
4 43.8418 44.1428 1.59356
5 38.9265 43.0995 1.61618
6 43.7906 43.2147 1.32462
7 40.2957 42.7977 1.19465
8 45.3521 43.117 1.08275
9 42.0962 43.0036 0.96161
10 48.8177 43.585 1.03817
11 43.8852 43.6123 0.939456
12 41.7695 43.4587 0.871242
13 41.2188 43.2864 0.81974
14 35.3852 42.722 0.945777
15 44.5465 42.8437 0.888833
16 41.6065 42.7664 0.835014
17 41.3905 42.6854 0.788524
18 40.2053 42.5476 0.756088
19 43.23 42.5835 0.716089
20 46.5736 42.7831 0.70803
