1 -0.936037 -0.936037 0
2 -0.945971 -0.941004 0.00496716
3 -0.942723 -0.941577 0.00292451
4 -0.941539 -0.941568 0.00206796
5 -0.931573 -0.939569 0.00256157
6 -0.943901 -0.940291 0.00221262
7 -0.934759 -0.9395 0.00203015
8 -0.94116 -0.939708 0.00177036
9 -0.936614 -0.939364 0.00159872
10 -0.951045 -0.940532 0.00184642
11 -0.943735 -0.940823 0.00169533
12 -0.933467 -0.94021 0.0016646
13 -0.934739 -0.939789 0.001588
14 -0.926484 -0.938839 0.00175064
15 -0.942016 -0.939051 0.00164346
16 -0.935375 -0.938821 0.00155439
17 -0.937886 -0.938766 0.00146113
18 -0.933254 -0.93846 0.00141119
19 -0.939725 -0.938526 0.00133651
20 -0.945138 -0.938857 0.00131031
