1 0.50664 0.50664 0
2 0.656956 0.581798 0.075158
3 0.577772 0.580456 0.0434132
4 0.58296 0.581082 0.0307042
5 0.521448 0.569155 0.0266063
6 0.580232 0.571001 0.0218023
7 0.546728 0.567534 0.0187497
8 0.577612 0.568793 0.0162865
9 0.526676 0.564114 0.0151065
10 0.663868 0.574089 0.0167951
11 0.64394 0.580439 0.0164655
12 0.534564 0.576616 0.0155094
13 0.582556 0.577073 0.0142739
14 0.445 0.567639 0.0162368
15 0.607204 0.570277 0.015344
16 0.50434 0.566156 0.014933
17 0.50828 0.562752 0.0144343
18 0.475124 0.557883 0.0144533
19 0.55424 0.557692 0.0136728
20 0.641284 0.561871 0.0136279
