1 0.331982 0.331982 0
2 0.301727 0.316855 0.0151275
3 0.308585 0.314098 0.00915853
4 0.314606 0.314225 0.0064773
5 0.352426 0.321865 0.00914025
6 0.304034 0.318893 0.00803296
7 0.340528 0.321984 0.0074595
8 0.314715 0.321075 0.00652371
9 0.330577 0.322131 0.00584944
10 0.279039 0.317822 0.00677809
11 0.311043 0.317206 0.0061619
12 0.345104 0.319531 0.00608653
13 0.344776 0.321472 0.00592601
14 0.368372 0.324822 0.00642831
15 0.314803 0.324154 0.00602159
16 0.334431 0.324797 0.00566919
17 0.323958 0.324747 0.0053255
18 0.340691 0.325633 0.00509846
19 0.319673 0.32532 0.00483285
20 0.303289 0.324218 0.00471532
