1 0.403196 0.403196 0
2 0.423897 0.413546 0.0103506
3 0.407307 0.411466 0.00632753
4 0.407363 0.410441 0.00459034
5 0.411773 0.410707 0.00356563
6 0.40297 0.409417 0.00318413
7 0.404022 0.408647 0.00279928
8 0.406133 0.408332 0.00244453
9 0.403731 0.407821 0.00221567
10 0.406006 0.40764 0.00199005
11 0.418083 0.408589 0.00203509
12 0.420387 0.409572 0.00210189
13 0.409868 0.409595 0.00193359
14 0.415971 0.41005 0.00184718
15 0.406988 0.409846 0.00173171
16 0.399788 0.409218 0.00173757
17 0.421802 0.409958 0.0017922
18 0.403197 0.409582 0.00173094
19 0.405463 0.409366 0.0016516
20 0.413809 0.409588 0.00158251
