1 0.310196 0.310196 0
2 0.2993 0.304748 0.005448
3 0.272808 0.294101 0.0111016
4 0.312984 0.298822 0.00916009
5 0.317804 0.302618 0.00804717
6 0.378416 0.315251 0.0142395
7 0.336032 0.31822 0.0123953
8 0.302228 0.316221 0.0109192
9 0.342616 0.319154 0.0100665
10 0.256952 0.312934 0.0109434
11 0.31652 0.31326 0.00990405
12 0.311816 0.313139 0.00904192
13 0.36482 0.317115 0.0092186
14 0.3478 0.319307 0.00881171
15 0.341324 0.320774 0.00833354
16 0.29714 0.319297 0.00793403
17 0.28528 0.317296 0.00771668
18 0.260876 0.314162 0.00792185
19 0.27652 0.312181 0.00775079
20 0.361764 0.31466 0.00775974
