1 -0.865004 -0.865004 0
2 -0.857394 -0.861199 0.00380496
3 -0.862912 -0.86177 0.00226981
4 -0.86358 -0.862222 0.00166754
5 -0.861668 -0.862112 0.00129642
6 -0.866392 -0.862825 0.00127652
7 -0.865345 -0.863185 0.00113731
8 -0.863613 -0.863238 0.000986393
9 -0.865468 -0.863486 0.000904513
10 -0.863051 -0.863443 0.00081019
11 -0.859466 -0.863081 0.000817146
12 -0.858828 -0.862727 0.000825859
13 -0.864016 -0.862826 0.00076613
14 -0.86122 -0.862711 0.000718515
15 -0.864226 -0.862812 0.000676485
16 -0.866007 -0.863012 0.000663544
17 -0.857786 -0.862705 0.000694987
18 -0.864298 -0.862793 0.000661189
19 -0.86361 -0.862836 0.0006269
20 -0.862267 -0.862808 0.000595409
