1 19.8492 19.8492 0
2 18.0019 18.9255 0.92369
3 18.922 18.9244 0.533294
4 19.1122 18.9713 0.380007
5 20.0602 19.1891 0.366149
6 21.9 19.6409 0.541769
7 19.7923 19.6625 0.45839
8 20.0287 19.7083 0.399607
9 19.7846 19.7168 0.352522
10 18.8272 19.6278 0.327613
11 19.5935 19.6247 0.296354
12 18.3981 19.5225 0.289199
13 18.5635 19.4487 0.276063
14 18.9153 19.4106 0.258409
15 19.7188 19.4312 0.241442
16 19.6878 19.4472 0.226417
17 17.0725 19.3075 0.254454
18 18.391 19.2566 0.245245
19 18.5922 19.2216 0.2346
20 20.3814 19.2796 0.229992
