1 -0.79032 -0.79032 0
2 -0.788466 -0.789393 0.00092672
3 -0.78857 -0.789119 0.000601291
4 -0.791964 -0.78983 0.000828682
5 -0.788296 -0.789523 0.000711394
6 -0.788299 -0.789319 0.000615619
7 -0.786194 -0.788873 0.000685598
8 -0.785902 -0.788501 0.000700281
9 -0.789388 -0.7886 0.000625406
10 -0.789961 -0.788736 0.000575703
11 -0.788914 -0.788752 0.000520994
12 -0.790548 -0.788902 0.000498583
13 -0.788755 -0.788891 0.000458769
14 -0.790446 -0.789002 0.000439024
15 -0.787388 -0.788894 0.000422623
16 -0.78543 -0.788678 0.000450739
17 -0.792541 -0.788905 0.000480528
18 -0.792255 -0.789091 0.000489782
19 -0.791998 -0.789244 0.000487904
20 -0.790712 -0.789317 0.000468653
