1 0.17558 0.17558 0
2 0.162908 0.169244 0.006336
3 0.179688 0.172725 0.00504988
4 0.189784 0.17699 0.0055622
5 0.16522 0.174636 0.0049096
6 0.180168 0.175558 0.00411333
7 0.138892 0.17032 0.00628665
8 0.177116 0.171169 0.00551028
9 0.143824 0.168131 0.00573128
10 0.200856 0.171404 0.00608172
11 0.1893 0.173031 0.00573666
12 0.199792 0.175261 0.00569191
13 0.156544 0.173821 0.00543014
14 0.179888 0.174254 0.00504597
15 0.15742 0.173132 0.00482975
16 0.115888 0.169554 0.00576289
17 0.218244 0.172418 0.00612429
18 0.197536 0.173814 0.00594026
19 0.165516 0.173377 0.00563587
20 0.168416 0.173129 0.0053524
