1 9.47565 9.47565 0
2 9.57434 9.52499 0.0493474
3 9.59798 9.54932 0.0374646
4 10.2793 9.73181 0.184405
5 9.79762 9.74498 0.143445
6 10.0963 9.80352 0.130941
7 9.29109 9.73032 0.132687
8 10.0924 9.77558 0.123502
9 9.89452 9.78879 0.109717
10 10.1416 9.82408 0.104285
11 10.2043 9.85864 0.100463
12 9.98336 9.86904 0.0922966
13 9.80339 9.86399 0.0850506
14 9.75582 9.85626 0.0791197
15 9.48292 9.83137 0.0777479
16 9.1251 9.78723 0.0850743
17 10.8772 9.85134 0.102453
18 9.90974 9.85459 0.0966485
19 9.96038 9.86016 0.0915898
20 10.1294 9.87362 0.0879262
