1 0.415027 0.415027 0
2 0.417506 0.416266 0.00123967
3 0.418387 0.416973 0.00100585
4 0.412751 0.415918 0.00127283
5 0.417878 0.41631 0.00106106
6 0.418784 0.416722 0.000959499
7 0.42045 0.417255 0.000970157
8 0.422643 0.417928 0.00107682
9 0.415561 0.417665 0.000985427
10 0.416814 0.41758 0.000885495
11 0.417869 0.417606 0.000801392
12 0.41622 0.417491 0.000740637
13 0.416884 0.417444 0.000682881
14 0.415109 0.417277 0.000653864
15 0.419353 0.417416 0.000624252
16 0.421339 0.417661 0.000633323
17 0.41249 0.417357 0.000668161
18 0.412838 0.417106 0.000678118
19 0.41206 0.41684 0.000694234
20 0.413799 0.416688 0.00067593
