1 0.389799 0.389799 0
2 0.392324 0.391062 0.00126289
3 0.382968 0.388364 0.00279468
4 0.388928 0.388505 0.00198116
5 0.391681 0.38914 0.0016609
6 0.381386 0.387848 0.00187332
7 0.383686 0.387253 0.00169118
8 0.385812 0.387073 0.00147565
9 0.392482 0.387674 0.00143347
10 0.385538 0.38746 0.0012998
11 0.390515 0.387738 0.00120806
12 0.387806 0.387744 0.00110282
13 0.388983 0.387839 0.00101892
14 0.388353 0.387876 0.000944045
15 0.390421 0.388045 0.000895084
16 0.384725 0.387838 0.00086261
17 0.383543 0.387585 0.000848759
18 0.384822 0.387432 0.000814812
19 0.386015 0.387357 0.000774332
20 0.385943 0.387286 0.000737989
