1 6.18362 6.18362 0
2 5.71137 5.9475 0.236124
3 5.93553 5.94351 0.136384
4 5.95411 5.94616 0.0964747
5 5.67379 5.89169 0.0924763
6 6.67884 6.02288 0.15137
7 6.11749 6.03639 0.128643
8 6.10105 6.04448 0.111701
9 6.00775 6.0404 0.0985953
10 6.16645 6.053 0.0890827
11 6.20593 6.0669 0.081769
12 5.90665 6.05355 0.0758297
13 6.19209 6.06421 0.0705627
14 6.10052 6.0668 0.0653798
15 5.79405 6.04862 0.0635234
16 5.65145 6.02379 0.0643972
17 6.2201 6.03534 0.061583
18 6.19108 6.04399 0.0587022
19 6.23967 6.05429 0.0564736
20 6.21406 6.06228 0.0541679
