1 -0.723174 -0.723174 0
2 -0.720762 -0.721968 0.00120608
3 -0.72816 -0.724032 0.00217845
4 -0.724079 -0.724044 0.00154044
5 -0.721895 -0.723614 0.00126823
6 -0.730633 -0.724784 0.00156231
7 -0.728071 -0.725253 0.00140144
8 -0.726852 -0.725453 0.00123003
9 -0.721048 -0.724964 0.00119011
10 -0.727025 -0.72517 0.00108424
11 -0.722747 -0.72495 0.00100515
12 -0.725375 -0.724985 0.00091826
13 -0.724081 -0.724916 0.000847537
14 -0.724097 -0.724857 0.00078684
15 -0.72284 -0.724723 0.000744745
16 -0.727152 -0.724874 0.000712993
17 -0.728729 -0.725101 0.000707074
18 -0.727294 -0.725223 0.00067768
19 -0.726485 -0.725289 0.000644453
20 -0.726643 -0.725357 0.000615119
