1 0.115888 0.115888 0
2 0.10088 0.108384 0.007504
3 0.079608 0.098792 0.010525
4 0.109128 0.101376 0.00787815
5 0.111952 0.103491 0.00645858
6 0.125244 0.107117 0.00639944
7 0.108772 0.107353 0.00541368
8 0.111408 0.10786 0.0047157
9 0.115988 0.108763 0.00425579
10 0.115252 0.109412 0.0038614
11 0.117368 0.110135 0.00356687
12 0.12676 0.111521 0.00353857
13 0.105236 0.111037 0.00329071
14 0.098464 0.110139 0.00317622
15 0.115616 0.110504 0.00297936
16 0.096776 0.109646 0.00291602
17 0.122032 0.110375 0.00283437
18 0.10712 0.110194 0.00267838
19 0.123448 0.110892 0.00262778
20 0.110172 0.110856 0.00249319
