1 4.37219 4.37219 0
2 4.26888 4.32053 0.0516544
3 4.21555 4.28554 0.0459772
4 4.30696 4.29089 0.0329488
5 4.08173 4.24906 0.0490038
6 4.28954 4.25581 0.0405763
7 4.40144 4.27661 0.0401106
8 4.24783 4.27301 0.0349226
9 4.14469 4.25876 0.0339391
10 4.16992 4.24987 0.0316292
11 3.91468 4.2194 0.0417978
12 4.22353 4.21975 0.0381575
13 4.30851 4.22657 0.0357578
14 4.44566 4.24222 0.0366176
15 4.14897 4.23601 0.0346513
16 3.84017 4.21127 0.0407759
17 4.19284 4.21018 0.0383176
18 4.0847 4.20321 0.0367927
19 4.01748 4.19344 0.0361492
20 4.27817 4.19767 0.0345548
