1 0.07984 0.07984 0
2 0.103288 0.091564 0.011724
3 0.069648 0.0842587 0.00995918
4 0.083576 0.084088 0.00704427
5 0.07708 0.0826864 0.00563361
6 0.063036 0.0794113 0.00564663
7 0.084308 0.0801109 0.00482327
8 0.104232 0.083126 0.0051516
9 0.069464 0.081608 0.00479018
10 0.086992 0.0821464 0.00431816
11 0.055748 0.0797465 0.00458427
12 0.086836 0.0803373 0.00422634
13 0.083996 0.0806188 0.00389784
14 0.083416 0.0808186 0.00361423
15 0.055036 0.0790997 0.00377828
16 0.077332 0.0789892 0.00353598
17 0.104396 0.0804838 0.00364222
18 0.079816 0.0804467 0.00343412
19 0.046444 0.0786571 0.00370871
20 0.075864 0.0785174 0.00352116
