1 -0.667309 -0.667309 0
2 -0.665146 -0.666227 0.00108152
3 -0.665809 -0.666088 0.000639796
4 -0.668816 -0.66677 0.000818342
5 -0.66527 -0.66647 0.000701306
6 -0.666853 -0.666534 0.000576161
7 -0.66983 -0.667005 0.000677423
8 -0.666709 -0.666968 0.00058783
9 -0.665509 -0.666805 0.000543148
10 -0.667212 -0.666846 0.000487502
11 -0.666363 -0.666802 0.000443145
12 -0.668305 -0.666927 0.000423468
13 -0.66568 -0.666831 0.00040118
14 -0.667012 -0.666844 0.000371645
15 -0.666365 -0.666812 0.000347457
16 -0.662707 -0.666556 0.000414107
17 -0.666672 -0.666563 0.000389045
18 -0.669596 -0.666731 0.000403664
19 -0.664321 -0.666604 0.000402349
20 -0.663517 -0.66645 0.000411729
