1 0.349907 0.349907 0
2 0.352691 0.351299 0.00139221
3 0.35082 0.351139 0.000819499
4 0.348678 0.350524 0.000845319
5 0.351662 0.350751 0.000693212
6 0.349928 0.350614 0.00058242
7 0.34782 0.350215 0.000633773
8 0.350961 0.350308 0.000556733
9 0.351399 0.350429 0.00050573
10 0.350339 0.35042 0.000452429
11 0.350486 0.350426 0.000409282
12 0.349256 0.350329 0.00038614
13 0.35124 0.350399 0.000362045
14 0.350247 0.350388 0.000335364
15 0.350185 0.350375 0.000312501
16 0.354052 0.350604 0.000371868
17 0.351093 0.350633 0.000350492
18 0.347915 0.350482 0.000363305
19 0.35145 0.350533 0.000347409
20 0.353223 0.350668 0.000355958
