1 0.312515 0.312515 0
2 0.31237 0.312443 7.22392e-05
3 0.312172 0.312353 9.92947e-05
4 0.311739 0.312199 0.000168702
5 0.313038 0.312367 0.000212659
6 0.311494 0.312221 0.000226536
7 0.312123 0.312207 0.000191977
8 0.310659 0.312014 0.000255117
9 0.311028 0.311904 0.00025022
10 0.311061 0.31182 0.000239167
11 0.311541 0.311795 0.000217815
12 0.310387 0.311677 0.000230867
13 0.311431 0.311658 0.000213209
14 0.312513 0.31172 0.000206625
15 0.31172 0.31172 0.000192357
16 0.311524 0.311707 0.00018035
17 0.311708 0.311707 0.000169409
18 0.310798 0.311657 0.000167517
19 0.313036 0.311729 0.000174296
20 0.313955 0.311841 0.000199299
