1 -0.614756 -0.614756 0
2 -0.614368 -0.614562 0.00019424
3 -0.614828 -0.614651 0.000143045
4 -0.615961 -0.614978 0.000342726
5 -0.613658 -0.614714 0.000374467
6 -0.616181 -0.614959 0.00039146
7 -0.615056 -0.614972 0.000331134
8 -0.617313 -0.615265 0.000409699
9 -0.617152 -0.615475 0.000417735
10 -0.616912 -0.615618 0.000400337
11 -0.616151 -0.615667 0.000365342
12 -0.617965 -0.615858 0.000384599
13 -0.616274 -0.61589 0.000355221
14 -0.614391 -0.615783 0.000345867
15 -0.615829 -0.615786 0.000321999
16 -0.6161 -0.615806 0.000301839
17 -0.615306 -0.615777 0.00028505
18 -0.616985 -0.615844 0.000277002
19 -0.613409 -0.615715 0.000291672
20 -0.611943 -0.615527 0.000334869
