1 3.23425 3.23425 0
2 3.0454 3.13982 0.0944229
3 3.02866 3.10277 0.0659165
4 3.06091 3.0923 0.04777
5 3.0108 3.076 0.0404339
6 3.16323 3.09054 0.0360732
7 3.11088 3.09345 0.0306255
8 3.25253 3.11333 0.0331489
9 3.28785 3.13272 0.035081
10 2.95369 3.11482 0.0361257
11 3.20306 3.12284 0.0336471
12 3.0981 3.12078 0.0307846
13 3.17149 3.12468 0.0285851
14 3.12965 3.12504 0.0264671
15 3.16823 3.12791 0.0248072
16 3.29271 3.13821 0.0253881
17 3.12246 3.13729 0.0238659
18 3.08717 3.1345 0.0226727
19 2.98001 3.12637 0.022936
20 2.99837 3.11997 0.0226808
