1 0.061012 0.061012 0
2 0.055988 0.0585 0.002512
3 0.04902 0.05534 0.00347692
4 0.064032 0.057513 0.00328122
5 0.052088 0.056428 0.00276353
6 0.061844 0.0573307 0.00243027
7 0.057576 0.0573657 0.00205425
8 0.062464 0.058003 0.00188973
9 0.066792 0.0589796 0.00193162
10 0.057216 0.0588032 0.00173667
11 0.071556 0.0599625 0.00195237
12 0.057868 0.059788 0.00179079
13 0.0645 0.0601505 0.00168669
14 0.057956 0.0599937 0.00156942
15 0.061848 0.0601173 0.00146627
16 0.058184 0.0599965 0.00137688
17 0.047692 0.0592727 0.00148211
18 0.054432 0.0590038 0.00142299
19 0.057252 0.0589116 0.00134917
20 0.058768 0.0589044 0.00127995
