1 0.276353 0.276353 0
2 0.277016 0.276684 0.000331409
3 0.274916 0.276095 0.000619626
4 0.27668 0.276241 0.000461908
5 0.276612 0.276315 0.000365387
6 0.275406 0.276164 0.000334625
7 0.276468 0.276207 0.000286131
8 0.278564 0.276502 0.000384952
9 0.275933 0.276439 0.000345329
10 0.275437 0.276339 0.000324693
11 0.276254 0.276331 0.000293796
12 0.276085 0.27631 0.000268978
13 0.27674 0.276343 0.000249619
14 0.274978 0.276246 0.000250827
15 0.277703 0.276343 0.000252919
16 0.276201 0.276334 0.000236751
17 0.27623 0.276328 0.000222473
18 0.276414 0.276333 0.000209804
19 0.27718 0.276377 0.000203398
20 0.277412 0.276429 0.00019977
