1 -0.569589 -0.569589 0
2 -0.568229 -0.568909 0.00068004
3 -0.572342 -0.570053 0.00121002
4 -0.569037 -0.569799 0.000892518
5 -0.569181 -0.569676 0.000702299
6 -0.570805 -0.569864 0.000603541
7 -0.569616 -0.569829 0.000511312
8 -0.565073 -0.569234 0.000741222
9 -0.570644 -0.569391 0.000672207
10 -0.571506 -0.569602 0.000637344
11 -0.569449 -0.569588 0.000576667
12 -0.570748 -0.569685 0.00053522
13 -0.569201 -0.569648 0.000493735
14 -0.572976 -0.569886 0.000515218
15 -0.567035 -0.569695 0.000515925
16 -0.570062 -0.569718 0.000483148
17 -0.569807 -0.569724 0.000453868
18 -0.570118 -0.569746 0.000428471
19 -0.567002 -0.569601 0.000430254
20 -0.567138 -0.569478 0.000426345
