1 0.03944 0.03944 0
2 0.037036 0.038238 0.001202
3 0.04792 0.0414653 0.0033011
4 0.045064 0.042365 0.00250161
5 0.050672 0.0440264 0.00255246
6 0.031868 0.042 0.00290683
7 0.047212 0.0427446 0.00256707
8 0.047264 0.0433095 0.00229381
9 0.042608 0.0432316 0.00202445
10 0.048076 0.043716 0.00187441
11 0.035668 0.0429844 0.00184659
12 0.054604 0.0439527 0.00194401
13 0.049664 0.044392 0.00184141
14 0.05078 0.0448483 0.00176482
15 0.046932 0.0449872 0.00164882
16 0.049512 0.04527 0.00156804
17 0.041556 0.0450515 0.00148903
18 0.05228 0.0454531 0.00146018
19 0.03168 0.0447282 0.00155986
20 0.043712 0.0446774 0.00148069
