1 2.35538 2.35538 0
2 2.43763 2.3965 0.0411277
3 2.42385 2.40562 0.0254341
4 2.35097 2.39195 0.0225856
5 2.35974 2.38551 0.0186433
6 2.41426 2.3903 0.0159584
7 2.35501 2.38526 0.014399
8 2.38538 2.38528 0.0124699
9 2.36927 2.3835 0.0111403
10 2.48892 2.39404 0.0145062
11 2.35023 2.39006 0.0137125
12 2.49467 2.39878 0.0152544
13 2.37443 2.3969 0.0141564
14 2.30438 2.39029 0.0146784
15 2.36474 2.38859 0.0137706
16 2.41075 2.38998 0.0129554
17 2.38027 2.3894 0.0121829
18 2.23624 2.3809 0.0142946
19 2.37126 2.38039 0.0135308
20 2.45346 2.38404 0.0133463
