1 0.245065 0.245065 0
2 0.24472 0.244893 0.000172359
3 0.245363 0.245049 0.000185708
4 0.243773 0.24473 0.000345133
5 0.243505 0.244485 0.000362702
6 0.245514 0.244657 0.00034217
7 0.244548 0.244641 0.000289603
8 0.244037 0.244566 0.000261929
9 0.244993 0.244613 0.000235825
10 0.243334 0.244485 0.000246652
11 0.245077 0.244539 0.000229505
12 0.244162 0.244508 0.000211848
13 0.243996 0.244468 0.000198813
14 0.244158 0.244446 0.000185398
15 0.243784 0.244402 0.00017815
16 0.243532 0.244347 0.000175295
17 0.244574 0.244361 0.000165197
18 0.243966 0.244339 0.000157287
19 0.245142 0.244381 0.000154674
20 0.243648 0.244344 0.000151249
