1 0.034272 0.034272 0
2 0.034968 0.03462 0.000348
3 0.04168 0.0369733 0.00236189
4 0.04048 0.03785 0.00188622
5 0.026808 0.0356416 0.00264797
6 0.033464 0.0352787 0.00219231
7 0.040812 0.0360691 0.00201441
8 0.030592 0.0353845 0.00187407
9 0.03668 0.0355284 0.00165903
10 0.03818 0.0357936 0.00150738
11 0.03322 0.0355596 0.00138341
12 0.043836 0.0362493 0.00143893
13 0.044952 0.0369188 0.00148328
14 0.035864 0.0368434 0.00137532
15 0.0405 0.0370872 0.00130335
16 0.044916 0.0375765 0.0013137
17 0.029656 0.0371106 0.00131903
18 0.045948 0.0376016 0.001337
19 0.044308 0.0379545 0.00131301
20 0.037988 0.0379562 0.00124563
