1 -0.527909 -0.527909 0
2 -0.529403 -0.528656 0.00074696
3 -0.52801 -0.528441 0.000482148
4 -0.531666 -0.529247 0.000875324
5 -0.532376 -0.529873 0.000922703
6 -0.526909 -0.529379 0.00090086
7 -0.5298 -0.529439 0.000763741
8 -0.53074 -0.529602 0.000681111
9 -0.52855 -0.529485 0.000611953
10 -0.53342 -0.529878 0.000674104
11 -0.528168 -0.529723 0.000629251
12 -0.530701 -0.529804 0.000580177
13 -0.531403 -0.529927 0.000547671
14 -0.530973 -0.530002 0.00051252
15 -0.532178 -0.530147 0.000498695
16 -0.532994 -0.530325 0.000499277
17 -0.529369 -0.530269 0.000472348
18 -0.531407 -0.530332 0.0004498
19 -0.52835 -0.530228 0.000438068
20 -0.532304 -0.530332 0.000428355
