1 1.93656 1.93656 0
2 1.88092 1.90874 0.0278212
3 1.97192 1.9298 0.0264842
4 1.99167 1.94527 0.0242889
5 1.93395 1.943 0.0189498
6 1.89412 1.93486 0.0174866
7 1.85203 1.92302 0.0189317
8 1.95972 1.92761 0.0170248
9 1.90541 1.92514 0.0152158
10 1.90288 1.92292 0.0137904
11 1.87202 1.91829 0.0133043
12 1.89393 1.91626 0.0123135
13 1.94447 1.91843 0.0115328
14 1.89831 1.91699 0.0107736
15 2.02419 1.92414 0.0123154
16 1.92725 1.92433 0.0115216
17 1.88366 1.92194 0.011084
18 2.03548 1.92825 0.0122061
19 1.95056 1.92942 0.0116054
20 1.95288 1.9306 0.0110721
