1 -0.493515 -0.493515 0
2 -0.494646 -0.494081 0.00056572
3 -0.495249 -0.49447 0.000508142
4 -0.495122 -0.494633 0.00039451
5 -0.495144 -0.494735 0.000322244
6 -0.49442 -0.494683 0.000268314
7 -0.494274 -0.494624 0.000234176
8 -0.494857 -0.494653 0.000204884
9 -0.493871 -0.494566 0.0002005
10 -0.493948 -0.494505 0.000189698
11 -0.496284 -0.494666 0.000235826
12 -0.495941 -0.494773 0.000240061
13 -0.494577 -0.494758 0.000221336
14 -0.496167 -0.494858 0.000228325
15 -0.493574 -0.494773 0.000229149
16 -0.492881 -0.494654 0.000244785
17 -0.496629 -0.494771 0.000257607
18 -0.491632 -0.494596 0.000298993
19 -0.493472 -0.494537 0.000288937
20 -0.495987 -0.494609 0.000283532
