1 0.216957 0.216957 0
2 0.216687 0.216822 0.000135036
3 0.216543 0.216729 0.000121537
4 0.216695 0.216721 8.63509e-05
5 0.216425 0.216662 8.92332e-05
6 0.21688 0.216698 8.14767e-05
7 0.216845 0.216719 7.19685e-05
8 0.216641 0.216709 6.30758e-05
9 0.216897 0.21673 5.9407e-05
10 0.216664 0.216724 5.35449e-05
11 0.216204 0.216676 6.76395e-05
12 0.216604 0.21667 6.20401e-05
13 0.216839 0.216683 5.85246e-05
14 0.216335 0.216658 5.96191e-05
15 0.21696 0.216679 5.90387e-05
16 0.217051 0.216702 5.99412e-05
17 0.215991 0.21666 7.01284e-05
18 0.217558 0.21671 8.2841e-05
19 0.216937 0.216722 7.92669e-05
20 0.216263 0.216699 7.86261e-05
