1 0.032152 0.032152 0
2 0.034724 0.033438 0.001286
3 0.032028 0.032968 0.000878729
4 0.03088 0.032446 0.000811521
5 0.033212 0.0325992 0.000647001
6 0.035784 0.03313 0.000748881
7 0.032876 0.0330937 0.000633959
8 0.02926 0.0326145 0.000728748
9 0.02916 0.0322307 0.000748589
10 0.016596 0.0306672 0.0017008
11 0.032204 0.0308069 0.00154477
12 0.049052 0.0323273 0.00207371
13 0.038448 0.0327982 0.00196478
14 0.036768 0.0330817 0.001841
15 0.025108 0.0325501 0.00179443
16 0.02126 0.0318445 0.00182082
17 0.029848 0.0317271 0.00171439
18 0.027984 0.0315191 0.00162966
19 0.02082 0.030956 0.00164114
20 0.028536 0.030835 0.00156162
