1 1.6554 1.6554 0
2 1.62832 1.64186 0.0135416
3 1.65439 1.64604 0.00886323
4 1.61155 1.63741 0.0106597
5 1.57888 1.62571 0.0143265
6 1.6227 1.62521 0.0117082
7 1.65768 1.62985 0.0109289
8 1.65416 1.63288 0.00994081
9 1.62234 1.63171 0.00884493
10 1.54512 1.62305 0.011729
11 1.63716 1.62434 0.0106865
12 1.6762 1.62866 0.0106699
13 1.69501 1.63376 0.0110625
14 1.61442 1.63238 0.0103347
15 1.57388 1.62848 0.0103815
16 1.65876 1.63037 0.00989377
17 1.65896 1.63205 0.00944447
18 1.58794 1.6296 0.00923552
19 1.57814 1.62689 0.00914618
20 1.65316 1.62821 0.00877568
