1 0.02608 0.02608 0
2 0.021052 0.023566 0.002514
3 0.024736 0.023956 0.00150294
4 0.02436 0.024057 0.00106753
5 0.02434 0.0241136 0.000828839
6 0.036324 0.0261487 0.00214464
7 0.0202 0.0252989 0.00200188
8 0.019344 0.0245545 0.00188672
9 0.026092 0.0247253 0.00167268
10 0.016596 0.0239124 0.00170268
11 0.024768 0.0239902 0.0015421
12 0.026792 0.0242237 0.00142697
13 0.031572 0.0247889 0.00142916
14 0.027976 0.0250166 0.00134258
15 0.029596 0.0253219 0.00128662
16 0.038444 0.026142 0.0014564
17 0.036084 0.0267268 0.00148781
18 0.031072 0.0269682 0.00142334
19 0.024072 0.0268158 0.00135494
20 0.03054 0.027002 0.00129883
