1 0.193071 0.193071 0
2 0.193285 0.193178 0.000107117
3 0.192527 0.192961 0.000225667
4 0.192708 0.192898 0.000171679
5 0.192673 0.192853 0.000140386
6 0.193226 0.192915 0.000130444
7 0.193359 0.192978 0.000127207
8 0.192698 0.192943 0.000115624
9 0.193109 0.192962 0.000103615
10 0.192624 0.192928 9.86369e-05
11 0.193444 0.192975 0.000100813
12 0.192884 0.192967 9.2341e-05
13 0.193361 0.192998 9.01858e-05
14 0.193144 0.193008 8.415e-05
15 0.192891 0.193 7.87292e-05
16 0.194144 0.193072 0.00010263
17 0.19317 0.193078 9.65785e-05
18 0.192416 0.193041 9.82019e-05
19 0.192262 0.193 0.000101528
20 0.192914 0.192996 9.64141e-05
