1 -0.461578 -0.461578 0
2 -0.460525 -0.461051 0.00052628
3 -0.463799 -0.461967 0.00096489
4 -0.463599 -0.462375 0.000794976
5 -0.463359 -0.462572 0.000646448
6 -0.461502 -0.462394 0.000557103
7 -0.460132 -0.462071 0.000571031
8 -0.462971 -0.462183 0.000507171
9 -0.461474 -0.462104 0.000454172
10 -0.463468 -0.462241 0.000428501
11 -0.460103 -0.462046 0.000433568
12 -0.462664 -0.462098 0.000399122
13 -0.460191 -0.461951 0.000395342
14 -0.461712 -0.461934 0.000366416
15 -0.462672 -0.461983 0.000344643
16 -0.457825 -0.461723 0.000414099
17 -0.461802 -0.461728 0.000389006
18 -0.464389 -0.461876 0.000395442
19 -0.465273 -0.462055 0.000414598
20 -0.462395 -0.462072 0.00039369
