1 1.36882 1.36882 0
2 1.36388 1.36635 0.00247
3 1.35218 1.36163 0.00493391
4 1.3464 1.35782 0.00516431
5 1.35109 1.35648 0.0042207
6 1.40409 1.36441 0.00865183
7 1.34962 1.3623 0.00761153
8 1.3699 1.36325 0.00665998
9 1.4154 1.36904 0.00825043
10 1.35616 1.36776 0.00749097
11 1.37785 1.36867 0.00683767
12 1.3571 1.36771 0.00631592
13 1.37087 1.36795 0.00581488
14 1.34518 1.36633 0.00562398
15 1.41311 1.36944 0.00609419
16 1.32432 1.36662 0.00636019
17 1.38321 1.3676 0.00605352
18 1.40427 1.36964 0.00606006
19 1.35367 1.3688 0.0057935
20 1.40283 1.3705 0.00575357
