0 18 15 22 43 36 24 39 35 37 33 23 48 26 2 19 28 7 45 47 29 31 41 12 5 8 3 46 30 49 27 1 10 11 44 38 40 21 14 17 34 6 25 16 9 20 13 32 42 4 22110.1 27035.8
0 18 15 22 43 36 24 39 38 44 11 10 1 27 49 30 46 3 8 5 12 41 31 29 47 45 7 28 19 2 26 48 23 33 37 35 40 21 14 17 34 6 25 16 9 20 13 32 42 4 21233.8 22682
0 18 15 22 43 36 24 39 38 44 37 35 33 23 48 26 2 19 28 7 45 47 29 31 41 12 5 8 3 46 30 49 27 1 10 11 40 21 14 17 34 6 25 16 9 20 13 32 42 4 20130 21720
0 18 37 33 23 48 26 2 19 28 7 45 47 29 31 41 12 5 8 44 38 15 22 43 36 24 39 35 3 46 30 49 27 1 10 11 40 21 14 17 34 6 25 16 9 20 13 32 42 4 19405.6 20866.3
0 18 37 33 23 48 26 2 19 28 7 45 47 29 31 41 12 5 15 22 43 36 24 39 38 44 35 8 3 46 30 49 27 1 10 11 40 21 14 17 34 6 25 16 9 20 13 32 42 4 18886.8 20001.9
0 18 37 33 23 48 26 2 19 28 7 45 47 29 31 41 12 5 15 22 43 36 24 39 38 44 35 8 3 49 30 46 27 1 10 11 40 21 14 17 34 6 25 16 9 20 13 32 42 4 17840.8 19414.3
0 18 37 33 23 48 26 2 19 28 7 15 22 43 36 24 39 38 44 35 8 3 49 30 46 27 1 10 11 40 21 14 17 34 6 45 47 29 31 41 12 5 25 16 9 20 13 32 42 4 16720 18596.4
0 18 37 33 23 48 26 2 19 28 7 45 47 29 31 41 12 5 25 16 9 15 22 43 36 24 39 38 44 35 8 3 49 30 46 27 1 10 11 40 21 14 17 34 6 20 13 32 42 4 16186.4 17605.8
0 18 37 33 23 48 26 2 12 5 25 16 9 15 22 43 36 24 39 38 44 35 8 3 49 30 46 27 1 10 11 40 21 14 19 28 7 45 47 29 31 41 17 34 6 20 13 32 42 4 15632.4 17079.7
0 18 37 33 20 6 34 17 41 31 29 47 45 7 28 19 14 21 40 11 10 1 27 46 30 49 3 8 35 44 38 39 24 36 43 22 15 9 16 25 5 12 2 26 48 23 13 32 42 4 15100 16144.7
0 44 38 39 24 36 43 22 15 9 16 25 5 12 2 26 48 23 13 32 42 4 35 8 3 49 30 46 27 1 10 11 40 21 14 19 28 7 45 47 29 31 41 17 34 6 20 33 37 18 14039.5 15409.1
0 44 38 39 24 36 43 22 15 9 16 25 5 12 2 26 48 23 13 32 42 4 35 8 3 49 30 46 27 1 10 11 40 21 19 28 7 45 47 29 31 41 14 17 34 6 20 33 37 18 13889.6 14870.8
0 8 3 49 30 46 27 1 10 11 40 36 43 22 15 9 16 25 5 12 2 26 48 23 13 32 42 4 35 44 38 39 24 21 19 28 7 45 47 29 31 41 14 17 34 6 20 33 37 18 13411.2 14308
0 44 38 39 24 36 43 35 8 3 49 30 27 46 1 10 11 40 21 22 15 9 16 25 5 12 42 26 48 32 2 4 23 13 19 28 7 45 47 29 31 41 14 17 34 6 20 33 37 18 12448.9 13751.3
0 44 38 39 24 36 43 35 8 3 49 30 27 46 1 10 11 40 21 22 15 9 16 25 5 12 42 26 48 32 2 4 23 13 19 28 7 45 47 29 31 41 14 17 34 6 20 33 37 18 12448.9 13394.5
0 8 3 44 38 39 24 36 43 35 49 30 27 46 1 10 11 40 21 22 15 25 5 12 42 26 48 32 2 4 23 13 19 28 7 45 47 29 31 41 9 16 14 17 34 6 20 33 37 18 11677.8 12676.7
0 8 3 44 38 39 24 36 43 35 49 30 27 46 1 10 11 40 21 22 15 25 5 12 42 26 48 32 2 4 23 13 19 28 7 45 47 29 31 41 9 16 14 17 34 6 20 33 37 18 11677.8 12286.5
0 8 3 44 38 39 24 36 43 35 49 30 27 46 1 10 11 40 21 22 15 32 48 26 42 12 5 25 2 4 23 13 19 28 7 45 47 29 31 41 9 16 14 17 34 6 20 33 37 18 11306.2 11931.5
0 8 3 44 38 39 24 36 43 35 49 30 4 2 32 48 26 42 12 5 25 27 46 1 10 11 40 22 15 9 16 21 23 13 19 7 45 47 29 31 41 14 17 34 6 20 33 28 37 18 10465.8 11520.5
0 8 3 44 38 39 24 11 10 1 46 27 25 5 12 42 26 48 32 2 4 30 49 35 43 36 40 22 15 9 16 21 23 13 19 7 45 47 29 31 41 14 17 34 6 20 33 28 37 18 10338.8 11299.2
0 8 3 44 38 39 24 11 10 1 46 27 25 5 12 42 26 48 32 2 4 36 43 35 49 30 40 21 22 15 23 9 16 13 19 7 45 47 29 31 41 14 17 34 6 20 33 28 37 18 9727.22 10855.9
0 8 3 44 38 39 24 11 10 1 46 27 25 36 43 35 49 30 4 2 32 48 26 42 12 5 40 22 15 9 16 14 17 34 6 20 33 28 37 18 21 23 13 19 7 45 47 29 31 41 9705.68 10432
0 8 3 44 38 39 24 35 43 36 25 27 46 1 10 11 49 30 4 2 32 48 26 42 12 5 40 22 15 9 16 14 17 34 6 20 33 28 37 18 21 23 13 19 7 45 47 29 31 41 9191.14 9874.52
0 8 3 44 38 39 24 35 43 36 25 27 46 1 10 11 49 30 4 2 32 48 26 12 42 5 40 22 15 9 16 14 17 34 6 20 33 28 37 18 21 23 13 19 7 45 47 29 31 41 9036.8 9648.86
0 8 3 44 38 39 24 35 43 36 25 27 46 1 10 11 4 30 49 2 32 48 26 12 42 5 40 22 15 9 16 14 17 34 6 20 33 28 37 18 21 23 13 19 7 45 47 29 31 41 8952.13 9434.54
0 8 3 44 38 39 24 35 43 36 25 27 46 1 10 11 4 49 30 2 32 48 26 12 42 5 40 22 15 9 16 14 17 34 6 20 33 28 37 18 21 23 13 19 7 45 47 29 31 41 8917.19 9285.76
0 8 3 44 38 39 24 35 43 36 25 27 46 1 10 11 4 49 30 2 32 48 26 12 42 5 40 22 15 9 16 14 17 34 6 20 33 28 37 18 21 23 13 19 7 45 47 29 31 41 8917.19 9208.89
0 8 3 44 38 39 9 16 24 35 43 36 25 27 46 1 10 11 4 49 30 2 32 48 26 12 42 5 40 22 15 14 17 34 6 20 33 28 37 18 21 23 13 19 7 45 47 29 31 41 8604.31 9042.64
0 8 3 44 38 39 9 16 24 35 43 36 25 27 46 1 10 11 4 49 30 2 32 48 26 12 42 5 40 22 15 14 17 34 6 20 33 28 37 18 21 23 13 19 7 45 47 29 31 41 8604.31 8853.27
0 8 3 44 38 39 9 16 24 35 43 36 25 27 46 1 10 11 4 49 30 2 32 48 26 12 42 5 40 22 15 14 17 34 6 20 33 28 37 18 21 23 13 19 7 45 47 29 31 41 8604.31 8801.35
0 8 3 45 47 29 44 38 39 9 16 24 35 43 36 25 27 46 1 10 11 4 49 30 2 32 48 26 12 42 5 40 22 15 14 17 34 6 20 33 28 37 18 21 23 13 19 7 31 41 8355.11 8677.11
0 8 16 24 35 43 36 25 27 46 1 10 11 4 49 30 2 32 48 26 12 42 5 40 22 15 14 17 3 45 47 29 44 38 39 9 34 6 20 33 28 37 18 21 23 13 19 7 31 41 8215.64 8571.47
0 8 16 24 35 43 36 25 27 46 1 10 11 4 49 30 2 32 48 26 12 42 5 40 22 15 14 17 3 45 47 29 44 38 39 9 34 6 20 33 28 37 18 21 23 13 19 7 31 41 8215.64 8375.52
0 8 16 24 35 43 36 25 27 46 1 10 11 4 49 30 2 32 48 26 12 42 5 40 22 15 14 17 3 47 45 29 44 38 39 9 34 6 20 33 28 37 18 21 23 13 19 7 31 41 8077.96 8323.04
0 8 16 24 35 43 36 25 11 10 1 46 27 4 49 30 2 32 48 26 12 42 5 40 22 15 14 17 3 45 47 29 44 38 39 9 34 6 20 33 28 37 18 21 23 13 19 7 31 41 8076.72 8226.68
0 8 16 24 35 43 36 25 11 10 1 46 27 4 49 30 2 32 48 26 12 42 5 40 22 15 14 17 3 47 45 29 44 38 39 9 34 6 20 33 28 37 18 21 23 13 19 7 31 41 7939.03 8137.44
0 8 16 24 35 43 36 25 11 10 1 46 27 4 49 30 2 32 48 26 12 42 5 40 22 15 14 17 3 47 45 29 44 38 39 9 34 6 20 33 28 37 18 21 23 13 19 7 31 41 7939.03 8056.88
0 8 16 24 35 43 36 25 11 27 46 1 10 4 49 30 2 32 48 26 12 42 5 40 22 15 14 17 3 45 47 29 44 38 39 9 34 6 20 33 28 37 18 21 23 13 19 7 31 41 7493.38 7985.55
0 8 16 24 35 43 36 25 11 27 46 1 10 4 49 30 2 32 48 26 12 42 5 40 22 15 14 17 3 47 45 29 44 38 39 9 34 6 20 33 28 37 18 21 23 13 19 7 31 41 7355.7 7841.7
0 8 16 24 35 43 36 25 11 27 46 1 10 4 49 30 2 32 48 26 12 42 5 40 22 15 14 17 3 47 45 29 44 28 33 20 6 34 9 39 38 37 18 21 23 13 19 7 31 41 7345.75 7549.36
0 8 16 24 35 43 36 25 11 27 46 1 10 4 49 30 2 32 48 26 12 42 5 40 22 15 14 17 3 47 45 29 44 28 33 20 6 34 9 39 38 37 18 21 23 13 19 7 31 41 7345.75 7445.66
0 8 16 24 35 43 36 25 11 27 46 1 10 4 49 30 2 32 48 26 12 42 5 40 22 15 14 17 3 47 45 29 44 28 33 20 6 34 9 39 13 23 21 18 37 38 19 7 31 41 7191.24 7360.54
0 8 16 24 35 43 36 25 11 27 46 1 10 4 49 30 2 32 48 26 12 42 5 40 22 15 14 17 3 47 45 29 44 28 6 20 33 34 9 39 13 23 21 18 37 38 19 7 31 41 7172.35 7303.59
0 8 16 24 35 43 36 25 11 27 46 1 10 4 49 30 2 32 48 14 15 22 40 5 42 12 26 17 3 47 45 29 44 28 33 20 6 34 9 39 13 23 21 18 37 38 19 7 31 41 7160.32 7253.1
0 8 16 24 35 43 36 25 11 27 46 1 10 4 49 30 2 32 48 14 15 22 40 5 42 12 26 17 23 13 39 9 34 6 20 33 28 44 29 45 47 3 21 18 37 38 19 7 31 41 7128.29 7178.79
0 8 16 45 29 44 28 6 20 33 34 24 35 43 36 25 11 27 46 1 10 4 49 30 2 32 48 26 12 42 5 40 22 15 14 17 3 23 13 39 9 47 21 38 37 18 19 7 31 41 6994.28 7175.95
0 8 16 24 35 43 36 25 11 27 46 1 10 4 49 30 2 32 48 14 15 22 40 5 26 12 42 17 23 13 39 9 34 6 20 33 28 44 29 45 47 3 21 18 37 38 19 7 31 41 6961.46 7176.09
0 8 16 24 35 43 36 25 11 27 46 1 10 4 49 30 2 32 48 14 15 22 40 5 26 12 42 17 23 13 39 9 31 7 19 38 37 18 21 3 47 45 29 44 28 33 20 6 34 41 6920.36 7110.94
0 8 16 24 14 15 22 40 5 26 12 42 17 23 35 43 36 25 11 27 46 1 10 4 49 30 2 32 48 13 39 9 31 7 19 38 37 18 21 3 47 45 29 44 28 33 20 6 34 41 6886.73 7037.4
0 8 16 24 14 15 22 40 5 26 12 42 17 23 35 43 36 25 11 27 46 1 10 4 49 30 2 32 48 3 13 39 9 21 38 37 18 19 7 31 47 45 29 44 28 33 20 6 34 41 6806.68 7165.29
0 8 16 24 12 26 5 40 22 15 14 48 32 2 30 49 4 10 1 46 27 11 25 36 43 35 42 17 23 13 39 9 31 7 19 38 37 18 21 3 47 45 29 44 28 33 20 6 34 41 6761.45 6969.58
0 8 16 24 12 26 5 40 22 15 14 48 32 2 30 49 4 10 1 46 27 11 25 36 43 35 42 17 23 13 39 9 3 21 18 37 38 19 7 31 47 45 29 44 28 33 20 6 34 41 6676.18 6856.48
0 8 16 24 12 26 5 40 22 15 14 48 32 2 30 49 4 10 1 46 27 11 25 36 43 35 42 17 23 13 39 9 3 21 18 37 38 19 7 31 47 45 29 44 28 33 20 6 34 41 6676.18 6835.54
0 8 16 24 12 26 5 40 22 15 14 48 32 2 30 49 4 10 1 46 27 11 25 36 43 35 42 17 23 13 39 9 41 34 6 20 33 28 44 29 45 47 31 7 19 38 37 18 21 3 6651.23 6742.69
0 8 16 24 14 15 12 26 5 40 22 48 32 2 30 49 4 10 1 46 27 11 25 36 43 35 42 17 23 13 39 9 41 34 6 20 33 28 44 29 45 47 31 7 19 38 37 18 21 3 6647.19 6702.43
0 8 16 24 12 26 5 40 22 15 14 48 32 2 30 49 4 10 1 46 27 11 25 36 43 35 42 17 23 13 39 9 41 34 37 38 19 7 31 47 45 29 44 28 33 20 6 18 21 3 6527.14 6701.37
0 8 16 12 24 26 5 40 22 15 14 48 32 2 30 49 4 10 1 46 27 11 25 36 43 35 42 17 23 13 39 9 41 34 37 38 19 7 31 47 45 29 44 28 33 20 6 18 21 3 6473.98 6623.68
0 8 16 12 24 26 5 40 22 15 14 48 32 2 30 49 4 10 1 46 27 11 25 36 43 35 42 17 23 13 39 9 41 34 37 38 19 7 31 47 45 29 44 28 33 20 6 18 21 3 6473.98 6589.62
0 8 16 12 24 26 5 40 22 15 14 48 32 2 30 49 4 10 1 46 27 11 25 36 43 35 42 17 23 13 39 9 41 34 37 45 47 31 7 19 38 29 44 28 33 20 6 18 21 3 6448.91 6496.91
0 8 16 12 24 26 5 40 22 15 14 48 32 2 30 49 4 10 1 46 27 11 25 36 43 35 42 17 23 13 39 9 41 34 37 45 47 31 7 19 38 29 44 28 33 20 6 18 21 3 6448.91 6481.92
0 8 16 12 24 26 5 40 22 15 14 48 32 2 30 49 4 10 1 46 27 11 25 36 43 35 42 17 23 13 39 9 41 34 37 45 29 44 28 33 20 6 18 38 19 7 31 47 21 3 6247.32 6473.79
0 8 16 12 24 26 5 40 22 15 14 48 32 2 30 49 4 10 1 46 27 11 25 36 43 35 42 17 23 13 39 9 41 34 37 45 29 44 28 33 20 6 18 38 19 7 31 47 21 3 6247.32 6448.03
0 8 16 12 24 26 5 40 22 15 14 48 32 2 30 49 4 10 1 46 27 11 25 36 43 35 42 17 23 13 39 9 41 34 37 45 29 44 28 18 6 20 33 38 19 7 31 47 21 3 6243.74 6346.3
0 8 16 12 24 26 5 40 22 15 14 48 32 30 2 49 4 10 1 46 27 11 25 36 43 35 42 17 23 13 39 9 41 34 37 45 29 44 28 33 20 6 18 38 19 7 31 47 21 3 6172.22 6294.78
0 8 16 12 24 26 5 40 22 15 14 48 32 30 2 49 4 10 1 46 27 11 25 36 43 35 42 17 23 13 39 9 41 34 37 45 29 44 28 18 6 20 33 38 19 7 31 47 21 3 6168.65 6253.5
0 8 16 12 24 26 5 40 15 22 14 48 32 30 2 49 4 10 1 46 27 11 25 36 43 35 42 17 23 13 39 9 41 34 37 45 29 44 28 18 6 20 33 38 19 7 31 47 21 3 6166.71 6219.49
0 8 16 12 24 26 5 40 15 22 14 48 32 30 2 49 4 10 1 46 27 11 25 36 43 35 42 17 23 13 39 9 41 34 37 45 29 44 28 18 6 20 33 38 19 7 31 47 21 3 6166.71 6265.87
0 8 16 12 24 26 5 40 22 15 14 48 32 30 2 49 4 10 1 46 27 11 25 36 43 35 42 17 23 13 39 9 41 47 31 7 19 38 18 6 20 33 28 44 29 45 37 34 21 3 6157.06 6220.69
0 8 16 12 24 26 5 40 15 22 14 13 39 9 41 34 37 45 29 44 28 18 6 20 33 38 19 7 31 47 21 48 32 30 2 49 4 10 1 46 27 11 25 36 43 35 42 17 23 3 6043.76 6222.2
0 8 16 12 24 26 5 40 15 22 14 13 39 9 41 34 37 45 29 44 28 18 6 20 33 38 19 7 31 47 21 48 32 30 2 49 4 10 1 46 27 11 25 36 43 35 42 17 23 3 6043.76 6211.19
0 8 16 12 24 26 5 40 15 22 14 13 39 9 41 34 37 45 29 44 28 18 6 20 33 38 19 7 31 47 21 48 32 30 2 49 4 10 1 46 27 11 25 36 43 35 42 17 23 3 6043.76 6180.42
0 8 16 12 24 26 5 40 15 22 14 13 39 9 41 34 37 45 29 44 28 18 6 20 33 38 19 7 31 47 21 48 32 30 2 49 4 10 1 46 27 11 25 36 43 35 42 17 23 3 6043.76 6082.23
0 8 16 12 24 26 5 40 15 22 14 13 39 9 41 34 37 45 29 44 28 18 6 20 33 38 19 7 31 47 21 48 32 30 2 49 4 10 1 46 27 11 25 36 43 35 42 17 23 3 6043.76 6081.06
0 8 16 12 24 26 5 40 15 22 14 13 39 9 41 34 37 45 29 44 28 18 6 20 33 38 19 7 31 47 21 48 32 30 2 49 4 10 1 46 27 11 25 36 43 35 42 17 23 3 6043.76 6064.6
0 8 16 12 24 26 5 40 15 22 14 13 39 9 41 34 37 45 29 44 28 18 6 20 33 38 19 7 31 47 21 48 32 30 2 49 4 10 1 46 27 11 25 36 43 35 42 17 23 3 6043.76 6044.2
0 8 16 12 24 26 5 40 15 22 14 13 39 9 41 34 37 45 29 44 28 18 6 20 33 38 19 7 31 47 21 48 32 30 2 49 4 10 1 46 27 11 25 36 43 35 42 17 23 3 6043.76 6046.88
0 8 16 12 24 26 5 40 15 22 14 13 39 9 41 34 37 45 29 44 28 18 6 20 33 38 19 7 31 47 21 48 32 30 2 49 4 10 1 46 27 11 25 36 43 35 42 17 23 3 6043.76 6089.76
0 8 16 12 24 26 5 40 15 22 14 13 34 41 9 39 37 45 29 44 28 18 6 20 33 38 19 7 31 47 21 48 32 30 2 49 4 10 1 46 27 11 25 36 43 35 42 17 23 3 6013.19 6043.15
0 8 16 12 24 26 5 40 15 22 14 13 34 41 9 39 37 45 29 44 28 18 6 20 33 38 19 7 31 47 21 48 32 30 2 49 4 10 1 46 27 11 25 36 43 35 42 17 23 3 6013.19 6035.26
0 8 16 12 24 26 22 14 13 34 41 9 39 37 45 29 44 28 18 6 20 33 38 19 7 31 47 21 48 32 30 2 49 4 10 1 46 27 11 25 36 43 5 40 15 35 42 17 23 3 5761.86 6031
0 8 16 12 24 26 22 14 13 34 41 9 39 37 45 29 44 28 18 6 20 33 38 19 7 31 47 21 48 32 30 2 49 4 10 1 46 27 11 25 36 43 5 40 15 35 42 17 23 3 5761.86 6008.7
0 8 16 12 24 26 22 14 13 34 41 9 39 37 45 29 44 28 18 6 20 33 38 19 7 31 47 21 48 32 30 2 49 4 10 1 46 27 11 25 36 43 5 40 15 35 42 17 23 3 5761.86 5852.02
0 8 16 12 24 26 22 14 13 34 41 9 39 37 45 29 44 28 18 6 20 33 38 19 7 31 47 21 48 32 30 2 49 4 10 1 46 27 11 25 36 43 5 40 15 35 42 17 23 3 5761.86 5867.87
0 8 16 12 24 26 22 14 13 34 41 9 39 37 45 29 44 28 18 6 20 33 38 19 7 31 47 21 48 32 30 2 49 4 10 1 46 27 11 25 36 43 5 40 15 35 42 17 23 3 5761.86 5785.74
0 8 16 12 24 26 22 14 13 34 41 9 39 37 45 29 44 28 18 6 20 33 38 19 7 31 47 21 48 32 30 2 49 11 27 46 1 10 4 25 36 43 5 40 15 35 42 17 23 3 5740.55 5761.44
0 8 16 12 24 26 22 14 13 34 41 9 39 37 45 29 44 28 18 6 20 33 38 19 7 31 47 21 48 32 30 2 49 11 27 46 1 10 4 25 36 43 5 40 15 35 42 17 23 3 5740.55 5789.8
0 8 16 12 24 26 22 14 13 34 41 9 39 37 45 29 44 28 18 6 20 33 38 19 7 31 47 21 48 32 30 2 49 11 27 46 1 10 4 25 36 43 5 40 15 35 42 17 23 3 5740.55 5776.11
0 8 16 12 24 26 22 14 13 34 41 9 39 37 45 29 44 28 18 6 20 33 38 19 7 31 47 21 48 32 30 2 4 10 1 46 27 11 49 25 36 43 5 40 15 35 42 17 23 3 5670.58 5739.63
0 8 16 12 24 26 22 14 13 34 41 9 39 37 45 29 44 28 18 6 20 33 38 19 7 31 47 21 48 32 30 2 49 11 25 36 27 46 1 10 4 43 5 40 15 35 42 17 23 3 5580.01 5712.84
0 8 16 12 24 26 22 14 13 34 41 9 39 37 45 29 44 28 18 6 20 33 38 19 7 31 47 21 48 32 30 2 27 11 49 25 36 46 1 10 4 43 5 40 15 35 42 17 23 3 5535.7 5700.33
0 8 16 12 24 26 22 14 13 34 41 9 39 37 45 29 44 28 18 6 20 33 38 19 7 31 47 21 48 32 30 2 27 11 49 25 36 46 1 10 4 43 5 40 15 35 42 17 23 3 5535.7 5651.2
0 8 16 12 24 26 22 14 13 34 41 9 39 37 45 29 44 28 18 6 20 33 38 19 7 31 47 21 48 32 30 2 27 11 49 25 36 46 1 10 4 43 5 40 15 35 42 17 23 3 5535.7 5580.95
0 8 16 12 24 26 22 14 13 34 41 9 39 37 45 29 44 28 18 6 20 33 38 19 7 31 47 21 48 32 30 2 27 11 49 25 36 46 1 10 4 43 5 40 15 35 42 3 23 17 5528.54 5540.1
0 8 16 12 24 26 22 14 13 34 41 9 39 37 45 29 44 28 18 6 20 33 38 19 7 31 47 21 48 32 30 2 27 11 49 25 36 46 1 10 4 43 5 40 15 35 42 3 23 17 5528.54 5535.95
0 8 16 12 24 26 22 14 13 34 41 9 39 37 45 29 44 28 18 6 20 33 38 19 7 31 47 21 48 32 30 2 27 11 49 25 36 46 1 10 4 43 5 40 15 35 42 3 23 17 5528.54 5531.26
0 8 16 12 24 26 22 14 13 34 41 9 39 37 45 29 44 28 18 6 20 33 38 19 7 31 47 21 48 32 30 2 27 11 49 25 36 46 1 10 4 43 5 40 15 35 42 3 23 17 5528.54 5529.54
0 8 16 12 24 26 22 14 13 34 41 9 39 37 45 29 44 28 18 6 20 33 38 19 7 31 47 21 48 32 30 2 27 11 49 25 36 46 1 10 4 43 5 40 15 35 42 3 23 17 5528.54 5555.91
0 8 16 12 24 26 22 14 13 34 41 9 39 37 45 29 44 28 18 6 20 33 38 19 7 31 47 21 48 32 30 2 27 11 4 10 1 46 36 25 49 43 5 40 15 35 42 3 23 17 5399.33 5532.05
0 8 16 12 24 26 22 14 13 34 41 9 39 37 45 29 44 28 18 6 20 33 38 19 7 31 47 21 48 32 30 2 27 11 4 10 1 46 36 25 49 43 5 40 15 35 42 3 23 17 5399.33 5488.35
0 8 16 12 24 26 22 14 13 34 41 9 39 37 45 29 44 28 18 6 20 33 38 19 7 31 47 21 48 32 30 2 27 11 4 10 1 46 36 25 49 43 5 40 15 35 42 3 23 17 5399.33 5449.04
0 8 16 12 24 26 22 14 13 34 41 9 39 37 45 29 20 44 28 18 6 33 38 19 7 31 47 21 48 32 30 2 27 11 4 10 1 46 36 25 49 43 5 40 15 35 42 3 23 17 5394.06 5400.75
0 8 16 12 24 26 22 14 13 34 41 9 39 37 45 29 44 28 18 20 6 33 38 19 7 31 47 21 48 32 30 2 27 11 4 10 1 46 36 25 49 43 5 40 15 35 42 3 23 17 5384.49 5398.56
0 8 16 12 24 26 22 14 13 34 41 9 39 37 45 29 44 28 18 20 6 33 38 19 7 31 47 21 48 32 30 2 27 11 4 10 1 46 36 25 49 43 5 40 15 35 42 3 23 17 5384.49 5394.14
0 8 16 12 24 26 22 14 13 34 41 9 39 37 45 29 44 28 18 20 6 33 38 19 7 31 47 21 48 32 30 2 27 11 4 10 1 46 36 25 49 43 5 40 15 35 42 3 23 17 5384.49 5392.54
0 8 16 12 24 26 22 14 13 34 41 9 39 37 45 29 44 28 18 20 6 33 38 19 7 31 47 21 48 32 30 2 27 11 4 10 1 46 36 25 49 43 5 40 15 35 42 3 23 17 5384.49 5389.25
0 8 16 12 24 26 22 14 13 34 41 9 39 37 45 29 44 28 18 20 6 33 38 19 7 31 47 21 48 32 30 2 27 11 4 10 1 46 36 25 49 43 5 40 15 35 42 3 23 17 5384.49 5400.57
0 8 16 13 34 41 9 39 37 45 29 20 44 28 18 6 33 38 19 7 31 47 21 12 24 26 22 14 48 32 30 2 27 11 4 10 1 46 36 25 49 43 5 40 15 35 42 3 23 17 5345.28 5443.85
0 8 16 13 34 41 9 39 37 45 29 20 44 28 18 6 33 38 19 7 31 47 21 12 24 26 22 14 48 32 30 2 27 11 4 10 1 46 36 25 49 43 5 40 15 35 42 3 23 17 5345.28 5411.71
0 8 16 13 34 41 9 39 37 45 29 44 28 18 20 6 33 38 19 7 31 47 21 12 24 26 22 14 48 32 30 2 27 11 4 10 1 46 36 25 49 43 5 40 15 35 42 3 23 17 5335.71 5490.03
0 8 16 13 34 41 9 39 37 45 29 44 28 18 20 6 33 38 19 7 31 47 21 12 24 26 22 14 48 32 30 2 27 11 4 10 1 46 36 25 49 43 5 40 15 35 42 3 23 17 5335.71 5378.82
0 8 16 13 34 41 9 39 47 31 7 19 38 33 6 20 18 28 44 29 45 37 21 12 24 26 22 14 48 32 30 2 27 11 4 10 1 46 36 25 49 43 5 40 15 35 42 3 23 17 5335.34 5347.9
0 8 16 13 34 41 9 39 47 31 7 19 38 33 6 20 18 28 44 29 45 37 21 12 24 26 22 14 48 32 30 2 27 11 4 10 1 46 36 25 49 43 5 40 15 35 42 3 23 17 5335.34 5366.84
0 8 16 13 34 41 9 39 47 31 19 7 38 33 6 20 18 28 44 29 45 37 21 12 24 26 22 14 48 32 30 2 27 11 4 10 1 46 36 25 49 43 5 40 15 35 42 3 23 17 5319.15 5458.59
0 8 16 13 34 41 9 39 47 31 19 7 38 33 6 20 18 28 44 29 45 37 21 12 24 26 22 14 48 32 30 2 27 11 4 10 1 46 36 25 49 43 5 40 15 35 42 3 23 17 5319.15 5493.59
0 8 16 13 34 41 9 39 47 31 19 7 38 33 6 20 18 28 44 29 45 37 21 12 24 26 22 14 48 32 30 2 27 11 4 10 1 46 36 25 49 43 5 40 15 35 42 3 23 17 5319.15 5399
0 16 13 34 41 9 39 47 31 19 7 38 33 6 20 18 28 44 29 45 37 21 12 24 26 22 14 48 32 30 2 27 11 4 10 1 46 36 25 49 43 5 40 15 35 42 3 23 17 8 5314.65 5349.57
0 16 13 34 41 9 39 47 31 19 7 38 33 6 20 18 28 44 29 45 37 21 12 24 26 22 14 48 32 30 2 27 11 4 10 1 46 36 25 49 43 5 40 15 35 42 3 23 17 8 5314.65 5365.32
0 8 16 13 34 41 9 39 47 31 19 7 33 38 6 20 18 28 44 29 45 37 21 12 24 26 22 14 48 32 30 2 27 11 4 10 1 46 36 25 49 43 5 40 15 35 42 3 23 17 5310.14 5318.42
0 16 13 34 41 9 39 47 31 19 7 33 38 6 20 18 28 44 29 45 37 21 12 24 26 22 14 48 32 30 2 27 11 4 10 1 46 36 25 49 43 5 40 15 35 42 3 23 17 8 5305.64 5336.05
0 8 9 41 34 13 16 39 47 31 19 7 33 38 6 20 18 28 44 29 45 37 21 12 24 26 22 14 48 32 30 2 27 11 4 10 1 46 36 25 49 43 5 40 15 35 42 3 23 17 5281.69 5328.85
0 8 9 41 34 13 16 39 47 31 19 7 33 38 6 20 18 28 44 29 45 37 21 12 24 26 22 14 48 32 30 2 27 11 4 10 1 46 36 25 49 43 5 40 15 35 42 3 23 17 5281.69 5390.63
0 8 9 41 34 13 16 39 47 31 19 7 33 38 6 20 18 28 44 29 45 37 21 12 24 26 22 14 48 32 30 2 27 11 4 10 1 46 36 25 49 43 5 40 15 35 42 3 23 17 5281.69 5318.64
0 8 9 41 34 13 16 39 47 31 19 7 33 38 6 20 18 28 44 29 45 37 21 12 24 26 22 14 48 32 30 2 27 11 4 10 1 46 36 25 49 43 5 40 15 35 42 3 23 17 5281.69 5288.64
0 8 9 41 34 13 16 39 47 31 45 29 44 28 18 20 6 38 33 7 19 37 21 12 24 26 22 14 48 32 30 2 27 11 4 10 1 46 36 25 49 43 5 40 15 35 42 3 23 17 5265.46 5287.16
0 8 9 41 34 13 16 39 47 31 45 19 7 33 38 6 20 18 28 44 29 37 21 12 24 26 22 14 48 32 30 2 27 11 4 10 1 46 36 25 49 43 5 40 15 35 42 3 23 17 5256.8 5299.21
0 8 9 41 34 13 16 39 47 31 45 29 44 28 18 20 6 38 33 7 19 37 21 12 24 26 22 14 48 32 25 36 46 1 10 4 11 27 2 30 49 43 5 40 15 35 42 3 23 17 5190.66 5316.88
0 8 9 41 34 13 16 39 47 31 45 29 44 28 18 20 6 38 33 7 19 37 21 12 24 26 22 14 48 32 25 36 46 1 10 4 11 27 2 30 49 43 5 40 15 35 42 3 23 17 5190.66 5370.54
0 8 9 41 34 13 16 39 47 31 45 19 7 33 38 6 20 18 28 44 29 37 21 12 24 26 22 14 48 32 25 36 46 1 10 4 11 27 2 30 49 43 5 40 15 35 42 3 23 17 5182 5269.59
0 8 9 41 34 13 16 39 47 31 45 19 7 33 38 6 20 18 28 44 29 37 21 12 24 26 22 14 48 32 25 36 46 1 10 4 11 27 2 30 49 43 5 40 15 35 42 3 23 17 5182 5203.42
0 8 9 41 34 13 16 39 47 31 45 29 44 28 18 20 6 38 33 7 19 37 21 12 24 26 22 14 48 32 25 36 46 1 10 4 11 27 2 43 49 30 5 40 15 35 42 3 17 23 5166.87 5183.57
0 8 9 41 13 34 16 39 47 31 45 29 44 28 18 20 6 38 33 7 19 37 21 12 24 26 22 14 48 32 25 36 46 1 10 4 11 27 2 43 49 30 5 40 15 35 42 3 17 23 5154.01 5180.48
0 8 9 41 13 34 16 39 47 31 45 19 7 29 44 28 18 20 6 38 33 37 21 12 24 26 22 14 48 32 25 36 46 1 10 4 11 27 2 43 49 30 5 40 15 35 42 3 17 23 5142.73 5172.56
0 8 9 41 13 34 16 39 47 31 45 19 7 29 6 20 18 28 44 38 33 37 21 12 24 26 22 14 48 32 25 36 46 1 10 4 11 27 2 43 49 30 5 40 15 35 42 3 17 23 5134 5169.31
0 8 9 41 13 34 16 39 47 31 45 19 7 29 6 20 18 28 44 38 33 37 21 12 24 26 22 14 48 32 25 36 46 1 10 4 11 27 2 43 49 30 5 40 15 35 42 3 17 23 5134 5165.66
0 8 9 41 13 34 16 39 47 31 45 19 7 29 6 20 18 28 44 38 33 37 21 12 24 26 22 14 48 32 25 36 46 1 10 4 11 27 2 43 49 30 5 40 15 35 42 3 17 23 5134 5172.67
0 8 9 41 13 34 16 39 47 31 45 19 7 29 6 20 18 28 44 38 33 37 21 12 24 26 22 14 48 32 25 36 46 1 10 4 11 27 2 43 49 30 5 40 15 35 42 3 17 23 5134 5177.33
0 8 9 41 13 34 16 39 47 31 45 19 7 29 6 20 18 28 44 38 33 37 21 12 24 26 22 14 48 32 25 36 46 1 10 4 11 27 2 43 49 30 5 40 15 35 42 3 17 23 5134 5144.42
0 8 9 41 13 34 16 39 47 31 45 19 7 29 6 20 18 28 44 38 33 37 21 12 24 26 22 14 48 32 25 36 46 1 10 4 11 27 2 43 49 30 5 40 15 35 42 3 17 23 5134 5134
0 8 9 41 13 34 16 39 47 31 45 19 7 29 6 20 18 28 44 38 33 37 21 12 24 26 48 22 14 32 25 36 46 1 10 4 11 27 2 43 49 30 5 40 15 35 42 3 17 23 5094.79 5133.21
0 8 9 41 13 34 16 39 47 31 45 19 7 29 6 20 18 28 44 38 33 37 21 12 24 26 48 22 14 32 25 36 46 1 10 4 11 27 2 43 49 30 5 40 15 35 42 3 17 23 5094.79 5170.91
0 8 9 41 13 34 16 39 47 31 45 19 7 29 6 20 18 28 44 38 33 37 21 12 24 26 48 22 14 32 25 36 46 1 10 4 11 27 2 43 49 30 5 40 15 35 42 3 17 23 5094.79 5116.02
0 8 9 41 13 34 16 39 47 31 45 19 7 29 6 20 18 28 44 38 33 37 21 12 24 26 48 22 14 32 25 36 46 1 10 4 11 27 2 43 49 30 5 40 15 35 42 17 3 23 5094.04 5105.32
0 8 9 41 13 34 16 39 47 31 45 19 7 29 6 20 18 28 44 38 33 37 21 12 24 26 48 22 14 32 25 36 46 1 10 4 11 27 2 43 49 30 5 40 15 35 42 17 3 23 5094.04 5102.5
0 8 9 41 13 34 16 39 47 31 45 19 7 29 6 20 18 28 44 38 33 37 21 12 24 26 48 22 14 32 25 36 46 1 10 4 11 27 2 43 49 30 5 40 15 35 42 17 3 23 5094.04 5097.22
0 8 9 41 13 34 16 39 47 31 45 19 7 29 6 20 18 28 44 38 33 37 21 12 24 26 40 5 30 49 43 2 27 11 4 10 1 46 36 25 32 14 22 48 15 35 42 17 3 23 5067.09 5098.42
0 8 9 41 13 34 16 39 47 31 45 19 7 29 6 20 18 28 44 38 33 37 21 12 24 26 40 5 30 49 43 2 27 11 4 10 1 46 36 25 32 14 22 48 15 35 42 17 3 23 5067.09 5192.34
0 8 9 41 13 34 16 39 47 31 45 19 7 29 6 20 18 28 44 38 33 37 21 12 14 24 26 40 5 30 49 43 2 27 11 4 10 1 46 36 25 32 22 48 15 35 42 17 3 23 5061.2 5162.91
0 8 9 41 13 34 16 39 47 31 45 19 7 29 6 20 18 28 44 38 33 37 21 12 14 24 26 40 5 30 49 43 2 27 11 4 10 1 46 36 25 32 22 48 15 35 42 17 3 23 5061.2 5121.91
0 8 9 41 13 34 16 39 47 31 45 19 7 29 6 20 18 28 44 38 33 37 21 12 14 24 26 40 5 30 49 43 2 27 11 4 10 1 46 36 25 32 22 48 15 35 42 17 3 23 5061.2 5164.97
0 8 9 41 13 34 16 39 47 31 45 19 7 29 6 20 18 44 28 38 33 37 21 12 14 24 26 40 5 30 49 43 2 27 11 4 10 1 46 36 25 32 22 48 15 35 42 17 3 23 5059.38 5084.34
0 8 9 41 13 34 16 39 47 31 45 19 7 29 6 20 18 44 28 38 33 37 21 12 14 24 26 40 5 30 49 43 2 27 11 4 10 1 46 36 25 32 22 48 15 35 42 17 3 23 5059.38 5070.96
0 8 9 41 13 34 16 39 47 31 45 19 7 29 6 20 18 44 28 38 33 37 21 12 14 24 26 40 5 30 49 43 2 27 11 4 10 1 46 36 25 32 22 48 15 35 42 17 3 23 5059.38 5076.17
0 8 9 41 13 34 16 39 47 31 45 19 7 29 6 20 18 44 28 38 33 37 21 12 14 24 26 40 5 30 49 43 2 27 11 4 10 1 46 36 25 32 22 48 15 35 42 17 3 23 5059.38 5144.11
0 8 9 41 13 34 16 39 47 31 45 19 7 29 6 20 18 44 28 38 33 37 21 12 14 24 26 40 5 30 49 43 2 27 11 4 10 1 46 36 25 32 22 48 15 35 42 17 3 23 5059.38 5088.71
0 8 9 41 13 34 16 39 47 31 45 19 7 29 6 20 18 44 28 38 33 37 21 12 24 14 26 40 5 30 49 43 2 27 11 4 10 1 46 36 25 32 22 48 15 35 42 17 3 23 5033.14 5058.85
0 8 9 41 13 34 16 39 47 31 45 19 7 29 6 20 18 44 28 38 33 37 21 12 24 14 26 40 5 30 49 43 2 27 11 4 10 1 46 36 25 32 22 48 15 35 42 17 3 23 5033.14 5049.41
0 8 9 41 13 34 16 39 47 31 45 19 7 29 6 20 18 44 28 38 33 37 21 12 24 14 26 40 5 30 49 43 2 27 11 4 10 1 46 36 25 32 22 48 15 35 42 17 3 23 5033.14 5058.8
0 8 9 41 13 34 16 39 47 31 45 19 7 29 6 20 18 44 28 38 33 37 21 12 24 14 26 40 5 30 49 43 2 27 11 4 10 1 46 36 25 32 22 48 15 35 42 17 3 23 5033.14 5148.02
0 8 9 41 13 34 16 39 47 31 45 19 7 29 6 20 18 44 28 38 33 37 21 12 24 14 26 40 5 30 49 43 2 27 11 4 10 1 46 36 25 32 22 48 15 35 42 17 3 23 5033.14 5105.46
0 8 9 41 13 34 16 39 47 31 45 19 7 29 6 20 18 44 28 38 33 37 21 12 24 14 26 40 5 30 49 43 2 27 11 4 10 1 46 36 25 32 22 48 15 35 42 17 3 23 5033.14 5172.57
0 8 9 41 13 34 16 47 39 31 45 19 7 29 6 20 18 44 28 38 33 37 21 12 24 14 26 40 5 30 49 43 2 27 11 4 10 1 46 36 25 32 22 48 15 35 42 17 3 23 5005.05 5119.6
0 8 9 41 13 34 16 47 39 31 45 19 7 29 6 20 18 44 28 38 33 37 21 12 24 14 26 40 5 30 49 43 2 27 11 4 10 1 46 36 25 32 22 48 15 35 42 17 3 23 5005.05 5030.14
0 8 9 41 13 34 16 47 39 31 45 19 7 29 6 20 18 44 28 38 33 37 21 12 24 14 26 40 5 30 49 43 2 27 11 4 10 1 46 36 25 32 22 48 15 35 42 17 3 23 5005.05 5011.29
0 8 9 41 13 34 16 47 39 31 45 19 7 29 6 20 18 44 28 38 33 37 21 12 24 14 26 40 5 30 49 43 2 27 11 4 10 1 46 36 25 32 22 48 15 35 42 17 3 23 5005.05 5007.29
0 8 9 41 13 34 16 47 39 31 45 19 7 29 6 20 18 44 28 38 33 37 21 12 24 14 26 40 5 30 49 43 2 27 11 4 10 1 46 36 25 32 22 48 15 35 42 17 3 23 5005.05 5005.05
0 8 9 41 13 34 16 47 39 31 45 19 7 29 6 20 18 44 28 38 33 37 21 12 24 14 26 40 5 30 49 43 2 27 11 4 10 1 46 36 25 32 22 48 15 35 42 17 3 23 5005.05 5041.24
0 8 9 41 13 34 16 47 39 31 45 19 7 29 6 20 18 44 28 38 33 37 21 12 24 14 26 40 5 30 49 43 2 27 11 4 10 1 46 36 25 32 22 48 15 35 42 17 3 23 5005.05 5010.15
0 8 9 41 13 34 16 47 39 31 45 19 7 29 6 20 18 44 28 38 33 37 21 12 24 14 26 40 5 30 49 43 2 27 11 4 10 1 46 36 25 32 22 48 15 35 42 17 3 23 5005.05 5005.05
0 8 9 41 13 34 16 47 39 31 45 19 7 29 6 20 18 44 28 38 33 37 21 12 24 14 26 40 5 30 49 43 2 27 11 4 10 1 46 36 25 32 22 48 15 35 42 17 3 23 5005.05 5012.22
0 8 9 41 13 34 16 47 39 31 45 19 7 29 6 20 18 44 28 38 33 37 21 12 24 14 26 40 5 30 49 43 2 27 11 4 10 1 46 36 25 32 22 48 15 35 42 17 3 23 5005.05 5007.09
0 8 9 41 13 34 16 47 39 31 45 19 7 29 6 20 18 44 28 38 33 37 21 12 24 14 26 40 5 30 49 43 2 27 11 4 10 1 46 36 25 32 22 48 15 35 42 17 3 23 5005.05 5042.45
0 8 9 41 13 34 16 47 39 31 45 19 7 29 6 20 18 44 28 38 33 37 21 12 24 14 26 40 5 30 49 43 2 27 11 4 10 1 46 36 25 32 22 48 15 35 42 17 3 23 5005.05 5007.41
0 8 9 41 13 34 16 47 39 31 45 19 7 29 6 20 18 44 28 38 33 37 21 12 24 14 26 40 5 30 49 43 2 27 11 4 10 1 46 36 25 32 22 48 15 35 42 17 3 23 5005.05 5005.05
0 8 9 41 13 34 16 47 39 31 45 19 7 29 6 20 18 44 28 38 33 37 21 12 24 14 26 40 5 30 49 43 2 27 11 4 10 1 46 36 25 32 22 48 15 35 42 17 3 23 5005.05 5005.05
0 8 9 41 13 47 39 31 45 19 7 29 6 20 18 44 28 38 33 37 34 16 21 12 24 14 26 40 5 30 49 43 2 27 11 4 10 1 46 36 25 32 22 48 15 35 42 17 3 23 5000.4 5004.95
0 8 9 41 13 47 39 31 45 19 7 29 6 20 18 44 28 38 33 37 34 16 21 12 24 14 26 40 5 30 49 43 2 27 11 4 10 1 46 36 25 32 22 48 15 35 42 17 3 23 5000.4 5010.16
0 8 9 41 13 47 39 31 45 19 7 29 6 20 18 44 28 38 33 37 34 16 21 12 24 14 26 40 5 30 49 43 2 27 11 4 10 1 46 36 25 32 22 48 15 35 42 17 3 23 5000.4 5002.58
0 8 9 41 13 47 39 31 45 19 7 29 6 20 18 44 28 38 33 37 34 16 21 12 24 14 26 40 5 30 49 43 2 27 11 4 10 1 46 36 25 32 22 48 15 35 42 17 3 23 5000.4 5007.23
0 8 9 41 13 47 39 31 45 19 7 29 6 20 18 44 28 38 33 37 34 16 21 12 24 14 26 40 5 30 49 43 2 27 11 4 10 1 46 36 25 32 22 48 15 35 42 17 3 23 5000.4 5000.68
0 8 9 41 13 47 39 31 45 19 7 29 6 20 18 44 28 38 33 37 34 16 21 12 24 14 26 40 5 30 49 43 2 27 11 4 10 1 46 36 25 32 22 48 15 35 42 17 3 23 5000.4 5001.07
0 8 9 41 13 47 39 31 45 19 7 29 6 20 18 44 28 38 33 37 34 16 21 12 24 14 26 40 5 30 49 43 2 27 11 4 10 1 46 36 25 32 22 48 15 35 42 17 3 23 5000.4 5000.4
0 8 9 41 13 47 39 31 45 19 7 29 6 20 18 44 28 38 33 37 34 16 21 12 24 14 26 40 5 30 49 43 2 27 11 4 10 1 46 36 25 32 22 48 15 35 42 17 3 23 5000.4 5005.81
0 8 9 41 13 47 39 31 45 19 7 29 6 20 18 44 28 38 33 37 34 16 21 12 24 14 26 40 5 49 30 43 2 27 11 4 10 1 46 36 25 32 22 48 15 35 42 17 3 23 4996.28 5000.32
0 8 9 41 13 47 39 31 45 19 7 29 6 20 18 44 28 38 33 37 34 16 21 12 24 14 26 40 5 49 30 43 2 27 11 4 10 1 46 36 25 32 22 48 15 35 42 17 3 23 4996.28 4998.88
0 8 9 41 13 47 39 31 45 19 7 29 6 20 18 44 28 38 33 37 34 16 21 12 24 14 26 40 5 30 49 43 2 11 27 4 10 1 46 36 25 32 22 48 15 35 42 17 3 23 4979.06 4996.68
0 8 9 41 13 47 39 31 45 19 7 29 6 20 18 44 28 38 33 37 34 16 21 12 24 14 26 40 5 49 30 43 2 11 27 4 10 1 46 36 25 32 22 48 15 35 42 17 3 23 4974.94 4993.06
0 8 9 41 13 47 39 31 45 19 7 29 6 20 18 44 28 38 33 37 34 16 21 12 24 14 26 40 5 49 30 43 2 11 27 4 10 1 46 36 25 32 22 48 15 35 42 17 3 23 4974.94 4987.17
0 8 9 41 13 47 39 31 45 19 7 29 6 20 18 44 28 38 33 37 34 16 21 12 24 14 26 40 5 49 30 43 2 11 27 4 10 1 46 36 25 32 22 48 15 35 42 17 3 23 4974.94 4977.94
0 8 9 41 13 47 39 31 45 19 7 29 6 20 18 44 28 38 33 37 34 16 21 12 24 14 26 40 5 49 30 43 2 11 27 4 10 1 46 36 25 32 22 48 15 35 42 17 3 23 4974.94 4974.96
0 8 9 41 13 47 39 31 45 19 7 29 6 20 18 44 28 38 33 37 34 16 21 12 24 14 26 40 5 49 30 2 11 43 27 4 10 1 46 36 25 32 22 48 15 35 42 17 3 23 4961.5 4974.67
0 8 9 41 13 47 39 31 45 19 7 29 6 20 18 44 28 38 33 37 34 16 21 12 24 14 26 40 5 49 30 2 11 43 27 4 10 1 46 36 25 32 22 48 15 35 42 17 3 23 4961.5 4975.95
0 8 9 41 13 47 39 31 45 19 7 29 6 20 18 44 28 38 33 37 34 16 21 12 24 14 26 40 5 49 30 2 11 43 27 4 10 1 46 36 25 32 22 48 15 35 42 17 3 23 4961.5 4968.88
0 8 9 41 13 47 39 31 45 19 7 29 6 20 18 44 28 38 33 37 34 16 21 12 24 14 26 40 5 49 30 2 43 11 27 4 10 1 46 36 25 32 22 48 15 35 42 17 3 23 4862.9 4960.87
0 8 9 41 13 47 39 31 45 19 7 29 6 20 18 44 28 38 33 37 34 16 21 12 24 14 26 40 5 49 30 2 43 11 27 4 10 1 46 36 25 32 22 48 15 35 42 17 3 23 4862.9 4943.38
0 8 9 41 13 47 39 31 45 19 7 29 6 20 18 44 28 38 33 37 34 16 21 12 24 14 26 40 5 49 30 2 43 11 27 4 10 1 46 36 25 32 22 48 15 35 42 17 3 23 4862.9 4893.65
0 8 9 41 13 47 39 31 45 19 7 29 6 20 18 44 28 38 33 37 34 16 21 12 24 14 26 40 5 49 30 2 43 11 27 4 10 1 46 36 25 32 22 48 15 35 42 17 3 23 4862.9 4883.42
0 8 9 41 13 47 39 31 45 19 7 29 6 20 18 44 28 38 33 37 34 16 21 12 24 14 26 40 5 49 30 2 43 11 27 4 10 1 46 36 25 32 22 48 15 35 42 17 3 23 4862.9 4878.07
0 8 9 41 13 47 39 31 45 19 7 29 6 20 18 44 28 38 33 37 34 16 21 12 24 14 26 40 5 49 30 2 43 11 27 4 10 1 46 36 25 32 22 48 15 35 42 17 3 23 4862.9 4885.55
0 8 9 41 13 47 39 31 45 19 7 29 6 20 18 44 28 38 33 37 34 16 21 12 24 14 26 40 5 49 30 2 43 11 27 4 10 1 46 36 25 32 22 48 15 35 42 17 3 23 4862.9 4863.75
0 8 9 41 13 47 39 31 45 19 7 29 6 20 18 44 28 38 33 37 34 16 21 12 24 14 26 40 5 49 30 2 43 11 27 4 10 1 46 36 25 32 22 48 15 35 42 17 3 23 4862.9 4863.12
0 8 9 41 13 47 39 31 45 19 7 29 6 20 18 44 28 38 33 37 34 16 21 12 24 14 26 40 5 49 30 2 43 11 27 4 10 1 46 36 25 32 22 48 15 35 42 17 3 23 4862.9 4960.02
0 8 9 41 13 47 39 31 45 19 7 29 6 20 18 44 28 38 33 37 34 16 21 12 24 14 26 40 5 49 30 2 43 11 27 4 10 1 46 36 25 32 22 48 15 35 42 17 3 23 4862.9 4909.55
0 8 9 41 13 47 39 31 45 19 7 29 6 20 18 44 28 38 33 37 34 16 21 12 24 14 26 40 5 49 30 2 43 11 27 4 10 1 46 36 25 32 22 48 15 35 42 17 3 23 4862.9 4924.08
0 8 9 41 13 47 39 31 45 19 7 29 6 20 18 44 28 38 33 37 34 16 21 12 24 14 26 40 5 49 30 2 43 11 27 4 10 1 46 36 25 32 22 48 15 35 42 17 3 23 4862.9 4862.9
0 8 9 41 13 47 39 31 45 19 7 29 6 20 18 44 28 38 33 37 34 16 21 12 24 14 26 40 5 49 30 2 43 11 27 4 10 1 46 36 25 32 22 48 15 35 42 17 3 23 4862.9 4862.9
0 8 9 41 13 47 39 31 45 19 7 29 6 20 18 44 28 38 33 37 34 16 21 12 24 14 26 40 5 49 30 2 43 11 27 4 10 1 46 36 25 32 22 48 15 35 42 17 3 23 4862.9 4862.9
0 8 9 41 13 47 39 31 45 19 7 29 6 20 18 28 38 44 33 37 34 16 21 12 24 14 26 40 5 49 30 2 43 11 27 4 10 1 46 36 25 32 22 48 15 35 42 17 3 23 4862.24 4862.89
0 8 9 39 31 45 19 7 29 6 20 18 44 28 38 33 37 34 16 41 13 47 21 12 24 14 26 40 5 49 30 2 43 11 27 4 10 1 46 36 25 32 22 48 15 35 42 17 3 23 4858.45 4862.64
0 8 9 39 31 45 19 7 29 6 20 18 44 28 38 33 37 34 16 41 13 47 21 12 24 14 26 40 5 49 30 2 43 11 27 4 10 1 46 36 25 32 22 48 15 35 42 17 3 23 4858.45 4872.35
0 8 9 39 31 45 19 7 29 6 20 18 28 38 44 33 37 34 16 41 13 47 21 12 24 14 26 40 5 49 30 2 43 11 27 4 10 1 46 36 25 32 22 48 15 35 42 17 3 23 4857.79 4875.63
0 8 9 39 31 45 19 7 29 6 20 18 28 38 44 33 37 34 16 41 13 47 21 12 24 14 26 40 5 49 30 2 43 11 27 4 10 1 46 36 25 32 22 48 15 35 42 17 3 23 4857.79 4862.06
0 8 9 39 31 45 19 7 29 6 20 18 28 38 44 33 37 34 16 41 13 47 21 12 24 14 26 40 5 49 30 2 43 11 27 4 10 1 46 36 25 32 22 48 15 35 42 17 3 23 4857.79 4874.64
0 8 9 39 31 45 19 7 29 6 20 18 28 38 44 33 37 34 13 41 16 47 21 12 24 14 26 40 5 49 30 2 43 11 27 4 10 1 46 36 25 32 22 48 15 35 42 17 3 23 4849.08 4857.8
0 8 9 39 31 45 19 7 29 6 20 18 28 38 44 33 37 34 13 41 16 47 21 12 24 14 26 40 5 49 30 2 43 11 27 4 10 1 46 36 25 32 22 48 15 35 42 17 3 23 4849.08 4861.35
0 8 9 39 31 45 19 7 29 6 20 18 28 38 44 33 37 34 13 41 16 47 21 12 14 26 40 5 49 30 2 43 11 27 4 10 1 46 36 25 32 22 48 24 15 35 42 17 3 23 4833.61 4867.74
0 8 9 39 31 45 19 7 29 6 20 18 28 38 44 33 37 34 13 41 16 47 21 12 14 26 40 5 49 30 2 43 11 27 4 10 1 46 36 25 32 22 48 24 15 35 42 17 3 23 4833.61 4863.31
0 8 9 39 31 45 19 7 29 6 20 18 28 38 44 33 37 34 13 41 16 47 21 12 14 26 40 5 49 30 2 43 11 27 4 10 1 46 36 25 32 22 48 24 15 35 42 17 3 23 4833.61 4885.64
0 8 9 39 31 45 19 7 29 6 20 18 28 38 44 33 37 34 13 41 16 47 21 12 14 26 40 5 49 30 2 43 11 27 4 10 1 46 36 25 32 22 48 24 15 35 42 17 3 23 4833.61 4857.86
0 8 9 39 31 45 19 7 29 6 20 18 28 38 44 33 37 34 13 41 16 47 21 12 14 26 40 5 49 30 2 43 11 27 4 10 1 46 36 25 32 22 48 24 15 35 42 17 3 23 4833.61 4860.19
0 8 9 39 31 45 19 7 29 6 20 18 28 38 44 33 37 34 13 41 16 47 21 12 14 26 40 5 49 30 2 43 11 27 4 10 1 46 36 25 32 22 48 24 15 35 42 17 3 23 4833.61 4845.45
0 8 9 39 31 45 19 7 29 6 20 18 28 38 44 33 37 34 13 41 16 47 21 12 48 22 32 25 36 46 1 10 4 27 11 43 2 30 49 5 40 26 14 24 15 35 42 17 3 23 4808.75 4859.27
0 8 9 39 31 45 19 7 29 6 20 18 28 38 44 33 37 34 13 41 16 47 21 12 48 22 32 25 36 46 1 10 4 27 11 43 2 30 49 5 40 26 14 24 15 35 42 17 3 23 4808.75 4871.9
0 8 9 39 31 45 19 7 29 6 20 18 28 38 44 33 37 34 13 41 16 47 21 12 48 22 32 25 36 46 1 10 4 27 11 43 2 30 49 5 40 26 14 24 15 35 42 17 3 23 4808.75 4838.19
0 8 9 39 31 45 19 7 29 6 20 18 28 38 44 33 37 34 13 41 16 47 21 12 48 22 32 25 36 46 1 10 4 27 11 43 2 30 49 5 40 26 14 24 15 35 42 17 3 23 4808.75 4859.22
0 8 9 39 31 45 19 7 29 6 20 18 28 38 44 33 37 34 13 41 16 47 21 12 48 22 32 25 36 46 1 10 4 27 11 43 2 30 49 5 40 26 14 24 15 35 42 17 3 23 4808.75 4826.62
0 8 9 39 31 45 19 7 29 6 20 18 28 38 44 33 37 34 13 41 16 47 21 12 48 22 32 25 36 46 1 10 4 27 11 43 2 30 49 5 40 26 14 24 15 35 42 17 3 23 4808.75 4826.26
0 8 9 39 31 45 19 7 29 6 20 18 28 38 44 33 37 34 13 41 16 47 21 12 48 22 32 25 36 46 1 10 4 27 11 43 2 30 49 5 40 26 14 24 15 35 42 17 3 23 4808.75 4812.2
0 8 9 39 31 45 19 7 29 6 20 18 28 38 44 33 37 34 13 41 16 47 21 12 48 22 32 25 36 46 1 10 4 27 11 43 2 30 49 5 40 26 14 24 15 35 42 17 3 23 4808.75 4821.67
0 8 9 39 31 45 19 7 29 6 20 18 28 38 44 33 37 34 13 41 16 47 21 12 48 22 32 25 36 46 1 10 4 27 11 43 2 30 49 5 40 26 14 24 15 35 42 17 3 23 4808.75 4816.08
0 8 9 39 31 45 19 7 29 6 20 18 28 38 44 33 37 34 13 41 16 47 21 12 48 22 32 25 36 46 1 10 4 27 11 43 2 30 49 5 40 26 14 24 15 35 42 17 3 23 4808.75 4819.71
0 8 9 39 31 45 19 7 29 6 20 18 28 38 44 33 37 34 13 41 16 47 21 12 48 22 32 25 36 46 1 10 4 27 11 43 2 30 49 5 40 26 14 24 15 35 42 17 3 23 4808.75 4825.16
0 8 9 39 31 45 19 7 29 6 20 18 28 38 44 33 37 34 13 41 16 47 21 12 48 22 32 25 36 46 1 10 4 27 11 43 2 30 49 5 40 26 14 24 15 35 42 17 3 23 4808.75 4850.25
0 8 9 39 31 45 19 7 29 6 20 18 28 38 44 33 37 34 13 41 16 47 21 12 48 22 32 25 36 46 1 10 4 27 11 43 2 30 49 5 40 26 14 24 15 35 42 17 3 23 4808.75 4863.8
0 8 9 39 31 45 19 7 29 6 20 18 28 38 44 33 37 34 13 41 16 47 21 12 48 22 32 25 36 46 1 10 4 27 11 43 2 30 49 5 40 26 14 24 15 35 42 17 3 23 4808.75 4823.76
0 8 9 39 31 45 19 7 29 6 20 18 28 38 44 33 37 34 13 41 16 47 21 12 48 22 32 25 36 46 1 10 4 27 11 43 2 30 49 5 40 26 14 24 15 35 42 17 3 23 4808.75 4810.35
0 8 9 39 31 45 19 7 29 6 20 18 28 38 44 33 37 34 13 41 16 47 21 12 48 22 32 25 36 46 1 10 4 27 11 43 2 30 49 5 40 26 14 24 15 35 42 17 3 23 4808.75 4808.75
0 8 9 39 31 45 19 7 29 6 20 18 28 38 44 33 37 34 13 41 16 47 21 12 48 22 32 25 36 46 1 10 4 27 11 43 2 30 49 5 40 26 14 24 15 35 42 17 3 23 4808.75 4848.84
0 8 9 39 31 45 19 7 29 6 20 18 28 38 44 33 37 34 13 41 16 47 21 12 48 22 32 25 36 46 1 10 4 27 11 43 2 30 49 5 40 26 14 24 15 35 42 17 3 23 4808.75 4863.26
0 8 9 39 31 45 19 7 29 6 20 18 28 38 44 33 37 34 13 41 16 47 21 12 48 22 32 25 36 46 1 10 4 27 11 43 2 30 49 5 40 26 14 24 15 35 42 17 3 23 4808.75 4861.89
0 8 9 39 31 45 19 7 29 6 20 18 28 38 44 33 37 34 13 41 16 47 21 12 48 22 32 25 36 46 1 10 4 27 11 43 2 30 49 5 40 26 14 24 15 35 42 17 3 23 4808.75 4916.86
0 8 9 39 31 45 19 7 29 6 38 28 18 20 44 33 37 34 13 41 16 47 21 12 48 22 32 25 36 46 1 10 4 27 11 43 2 30 49 5 40 26 14 24 15 35 42 17 3 23 4806.04 4823.28
0 8 9 39 31 45 19 7 29 6 38 20 18 28 44 33 37 34 13 41 16 47 21 12 48 22 32 25 36 46 1 10 4 27 11 43 2 30 49 5 40 26 14 24 15 35 42 17 3 23 4800.81 4807.87
0 8 9 39 31 45 19 7 29 6 38 20 18 28 44 33 37 34 13 41 16 47 21 12 48 22 32 25 36 46 1 10 4 27 11 43 2 30 49 5 40 26 14 24 15 35 42 17 3 23 4800.81 4834.24
0 8 9 39 31 45 19 7 29 6 38 20 18 28 44 33 37 34 13 41 16 47 21 12 48 22 32 25 36 46 1 10 4 27 11 43 2 30 49 5 40 26 14 24 15 35 42 17 3 23 4800.81 4861.62
0 8 9 39 31 45 19 7 29 6 38 20 18 28 44 33 37 34 13 41 16 47 21 12 48 22 32 25 36 46 1 10 4 27 11 43 2 30 49 5 40 26 14 24 15 35 42 17 3 23 4800.81 4818.06
0 8 9 39 31 45 19 7 29 6 38 20 18 28 44 33 37 34 13 41 16 47 21 12 48 22 32 25 36 46 1 10 4 27 11 43 2 30 49 5 40 26 14 24 15 35 42 17 3 23 4800.81 4802.35
0 8 9 39 31 45 19 7 29 6 38 20 18 28 44 33 37 34 13 41 16 47 21 12 48 22 32 25 36 46 1 10 4 27 11 43 2 30 49 5 40 26 14 24 15 35 42 17 3 23 4800.81 4800.81
0 8 9 39 31 45 19 7 29 6 38 20 18 28 44 33 37 34 13 41 16 47 21 12 48 22 32 25 36 46 1 10 4 27 11 43 2 30 49 5 40 26 14 24 15 35 42 17 3 23 4800.81 4800.81
0 8 9 39 31 45 19 7 29 6 38 20 18 28 44 33 37 34 13 41 16 47 21 12 48 22 32 25 36 46 1 10 4 27 11 43 2 30 49 5 40 26 14 24 15 35 42 17 3 23 4800.81 4800.81
0 8 9 39 31 45 19 7 29 6 38 20 18 28 44 33 37 34 13 41 16 47 21 12 48 22 32 25 36 46 1 10 4 27 11 43 2 30 49 5 40 26 14 24 15 35 42 17 3 23 4800.81 4819.5
0 8 9 39 31 45 19 7 29 6 38 20 18 28 44 33 37 34 13 41 16 47 21 12 48 22 32 25 36 46 1 10 4 27 11 43 2 30 49 5 40 26 14 24 15 35 42 17 3 23 4800.81 4800.81
0 8 9 39 31 45 19 7 29 6 38 20 18 28 44 33 37 34 13 41 16 47 21 12 48 22 32 25 36 46 1 10 4 27 11 43 2 30 49 5 40 26 14 24 15 35 42 17 3 23 4800.81 4800.81
0 8 9 39 31 45 19 7 29 6 38 20 18 28 44 33 37 34 13 41 16 47 21 12 48 22 32 25 36 46 1 10 4 27 11 43 2 30 49 5 40 26 14 24 15 35 42 17 3 23 4800.81 4808.47
0 8 9 39 31 45 19 7 29 6 38 20 18 28 44 33 37 47 16 41 13 34 21 12 48 22 32 25 36 46 1 10 4 27 11 43 2 30 49 5 40 26 14 24 15 35 42 17 3 23 4771.5 4800.02
0 8 9 39 31 45 19 7 29 6 38 20 18 28 44 33 37 47 16 41 13 34 21 12 48 22 32 25 36 46 1 10 4 27 11 43 2 30 49 5 40 26 14 24 15 35 42 17 3 23 4771.5 4811.25
0 8 9 39 31 45 19 7 29 6 38 20 18 28 44 33 37 47 16 41 13 34 21 12 48 22 32 25 36 46 1 10 4 27 11 43 2 30 49 5 40 26 14 24 15 35 42 17 3 23 4771.5 4786.17
0 8 9 39 31 45 19 7 29 6 38 20 18 28 44 33 37 47 16 21 34 13 41 12 48 22 32 25 36 46 1 10 4 27 11 43 2 30 49 5 40 26 14 24 15 35 42 17 3 23 4771.37 4774.46
0 8 9 39 31 45 19 7 29 6 38 20 18 28 44 33 37 47 16 21 34 13 41 12 48 22 32 25 36 46 1 10 4 27 11 43 2 30 49 5 40 26 14 24 15 35 42 17 3 23 4771.37 4780.28
0 8 9 39 31 45 19 7 29 6 38 20 18 28 44 33 37 47 16 21 34 13 41 12 48 22 32 25 36 46 1 10 4 27 11 43 2 30 49 5 40 26 14 24 15 35 42 17 3 23 4771.37 4780.5
0 8 9 39 31 45 19 7 29 6 38 20 18 28 44 33 37 47 16 21 34 13 41 12 48 22 32 25 36 46 1 10 4 27 11 43 2 30 49 5 40 26 14 24 15 35 42 17 3 23 4771.37 4777.48
0 8 9 39 31 45 19 7 29 6 38 20 18 28 44 33 37 47 16 21 34 13 41 12 48 22 32 25 36 46 1 10 4 27 11 43 2 30 49 5 40 26 14 24 15 35 42 17 3 23 4771.37 4771.38
0 8 9 39 31 45 19 7 29 6 38 20 18 28 44 33 37 47 16 21 34 13 41 12 48 22 32 25 36 46 1 10 4 27 11 43 2 30 49 5 40 26 14 24 15 35 42 17 3 23 4771.37 4771.37
0 8 9 39 31 45 19 7 29 6 38 20 18 28 44 33 37 47 16 21 34 13 41 12 48 22 32 25 36 46 1 10 4 27 11 43 2 30 49 5 40 26 14 24 15 35 42 17 3 23 4771.37 4771.37
0 8 9 39 31 45 19 7 29 6 38 20 18 28 44 33 37 47 16 21 34 13 41 12 48 22 32 25 36 46 1 10 4 27 11 43 2 30 49 5 40 26 14 24 15 35 42 17 3 23 4771.37 4783.16
0 8 9 39 31 45 19 7 29 6 38 20 18 28 44 33 37 47 16 21 34 13 41 12 48 22 32 25 36 46 1 10 4 27 11 43 2 30 5 49 40 26 14 24 15 35 42 17 3 23 4745.19 4771.47
0 8 9 39 31 45 19 7 29 6 38 20 18 28 44 33 37 47 16 21 34 13 41 12 48 22 32 25 36 46 1 10 4 27 11 43 2 30 5 49 40 26 14 24 15 35 42 17 3 23 4745.19 4764.56
0 8 9 39 31 45 19 7 29 6 38 20 18 28 44 33 37 47 16 21 34 13 41 12 48 22 32 25 36 46 1 10 4 27 11 43 2 30 5 49 40 26 14 24 15 35 42 17 3 23 4745.19 4776.11
0 8 9 39 31 45 19 7 29 6 38 20 18 28 44 33 37 47 16 21 34 13 41 12 48 22 32 25 36 46 1 10 4 27 11 43 2 30 5 49 40 26 14 24 15 35 42 17 3 23 4745.19 4762.34
0 8 9 39 31 45 19 7 29 6 38 20 18 28 44 33 37 47 16 21 34 13 41 12 48 22 32 25 36 46 1 10 4 27 11 43 2 30 5 49 40 26 14 24 15 35 42 17 3 23 4745.19 4785.68
0 8 9 39 31 45 19 7 29 6 38 20 18 28 44 33 37 47 16 21 34 13 41 12 48 22 32 25 36 46 1 10 4 27 11 43 2 30 5 49 40 26 14 24 15 35 42 17 3 23 4745.19 4776.88
0 8 9 39 31 45 19 7 29 6 38 20 18 28 44 33 37 47 16 21 34 13 41 12 48 22 32 25 36 46 1 10 4 27 11 43 2 30 5 49 40 26 14 24 15 35 42 17 3 23 4745.19 4761.35
0 8 9 39 31 45 19 7 29 6 38 20 18 28 44 33 37 47 16 21 34 13 41 12 48 22 32 25 36 46 1 10 4 27 11 43 2 30 5 49 40 26 14 24 15 35 42 17 3 23 4745.19 4762.24
0 8 9 39 31 45 19 7 29 6 38 20 18 28 44 33 37 47 16 21 34 13 41 12 48 22 32 25 36 46 1 10 4 27 11 43 2 30 5 49 40 26 14 24 15 35 42 17 3 23 4745.19 4802.09
0 8 9 39 31 45 19 7 29 6 38 20 18 28 44 33 37 47 16 21 34 13 41 12 48 22 32 25 36 46 1 10 4 27 11 43 2 30 5 49 40 26 14 24 15 35 42 17 3 23 4745.19 4760.31
0 8 9 39 31 45 19 7 29 6 38 20 18 28 44 33 37 47 16 21 34 13 41 12 48 22 32 25 36 46 1 10 4 27 11 43 2 30 5 49 40 26 14 24 15 35 42 17 3 23 4745.19 4752.37
0 8 9 39 31 45 19 7 29 6 38 20 18 28 44 33 37 47 16 21 34 13 41 12 48 22 32 25 36 46 1 10 4 27 11 43 2 30 5 49 40 26 14 24 15 35 42 17 3 23 4745.19 4800.53
0 8 9 39 31 45 19 7 29 6 38 20 18 28 44 33 37 47 16 21 34 13 41 12 48 22 32 25 36 46 1 10 4 27 11 43 2 30 5 49 40 26 14 24 15 35 42 17 3 23 4745.19 4783.23
0 8 9 39 31 45 19 7 29 6 38 20 18 28 44 33 37 47 16 21 34 13 41 12 48 22 32 25 36 46 1 10 4 27 11 43 2 30 5 49 40 26 14 24 15 35 42 17 3 23 4745.19 4745.69
0 8 9 39 31 45 19 7 29 6 38 20 18 28 44 33 37 47 16 21 34 13 41 12 48 22 32 25 36 46 1 10 4 27 11 43 2 30 5 49 40 26 14 24 15 35 42 17 3 23 4745.19 4745.19
0 8 9 39 31 45 19 7 29 6 38 20 18 28 44 33 37 47 16 21 34 13 41 12 48 22 32 25 36 46 1 10 4 27 11 43 2 30 5 49 40 26 14 24 15 35 42 17 3 23 4745.19 4745.19
0 8 9 39 31 45 19 7 29 6 38 20 18 28 44 33 37 47 16 21 34 13 41 12 48 22 32 25 36 46 1 10 4 27 11 43 2 30 5 49 40 26 14 24 15 35 42 17 3 23 4745.19 4752.09
0 8 9 39 31 45 19 7 29 6 38 20 18 28 44 33 37 47 16 21 34 13 41 12 48 22 32 25 36 46 1 10 4 27 11 43 2 30 5 49 40 26 14 24 15 35 42 17 3 23 4745.19 4758.84
0 8 9 39 31 45 19 7 29 6 38 20 18 28 44 33 37 47 16 21 34 13 41 12 48 22 32 25 36 46 1 10 4 27 11 43 2 30 5 49 40 26 14 24 15 35 42 17 3 23 4745.19 4748.98
0 8 9 39 31 45 19 7 29 6 38 20 18 28 44 33 37 47 16 21 34 13 41 12 48 22 32 25 36 46 1 10 4 27 11 43 2 30 5 49 40 26 14 24 15 35 42 17 3 23 4745.19 4773.38
0 8 9 39 31 45 19 7 29 6 38 20 18 28 44 33 37 47 16 21 34 13 41 12 48 22 32 25 36 46 1 10 4 27 11 43 2 30 5 49 40 26 14 24 15 35 42 17 3 23 4745.19 4751.9
0 8 9 39 31 45 19 7 29 6 38 20 18 28 44 33 37 47 16 21 34 13 41 12 48 22 32 25 36 46 1 10 4 27 11 43 2 30 5 49 40 26 14 24 15 35 42 17 3 23 4745.19 4745.19
0 8 9 39 31 45 19 7 29 6 38 20 18 28 44 33 37 47 16 21 34 13 41 12 48 22 32 25 36 46 1 10 4 27 11 43 2 30 5 49 40 26 14 24 15 35 42 17 3 23 4745.19 4761.78
0 8 9 39 31 45 19 7 29 6 38 20 18 28 44 33 37 47 16 21 34 13 41 12 48 22 32 25 36 46 1 10 4 27 11 43 2 30 5 49 40 26 14 24 15 35 42 17 3 23 4745.19 4750.53
0 8 9 39 31 45 19 7 29 6 38 20 18 28 44 33 37 47 16 21 34 13 41 12 48 22 32 25 36 46 1 10 4 27 11 43 2 30 5 49 40 26 14 24 15 35 42 17 3 23 4745.19 4746.56
0 8 9 39 31 45 19 7 29 6 38 20 18 28 44 33 37 47 16 21 34 13 41 12 48 22 32 25 36 46 1 10 4 27 11 43 2 30 5 49 40 26 14 24 15 35 42 17 3 23 4745.19 4747.03
0 8 9 39 31 45 19 7 29 6 38 20 18 28 44 33 37 47 16 21 34 13 41 12 48 22 32 25 36 46 1 10 4 27 11 43 2 30 5 49 40 26 14 24 15 35 42 17 3 23 4745.19 4748.89
0 8 9 39 31 45 19 7 29 6 38 20 18 28 44 33 37 47 16 21 34 13 41 12 48 22 32 25 36 46 1 10 4 27 11 43 2 30 5 49 40 26 14 24 15 35 42 17 3 23 4745.19 4766.23
0 8 9 39 31 45 19 7 29 6 38 20 18 28 44 33 37 47 16 21 34 13 41 12 48 22 32 25 36 46 1 10 4 27 11 43 2 30 5 49 40 26 14 24 15 35 42 17 3 23 4745.19 4745.19
0 8 9 39 31 45 19 7 29 6 38 20 18 28 44 33 37 47 16 21 34 13 41 12 48 22 32 25 36 46 1 10 4 27 11 43 2 30 5 49 40 26 14 24 15 35 42 17 3 23 4745.19 4745.19
0 8 9 39 31 45 19 7 29 6 38 20 18 28 44 33 37 47 16 21 34 13 41 12 48 22 32 25 36 46 1 10 4 27 11 43 2 30 5 49 40 26 14 24 15 35 42 17 3 23 4745.19 4745.19
0 8 9 39 31 45 19 7 29 6 38 20 18 28 44 33 37 47 16 21 34 13 41 12 48 22 32 25 36 46 1 10 4 27 11 43 2 30 5 49 40 26 14 24 15 35 42 17 3 23 4745.19 4750.36
0 8 9 39 31 45 19 7 29 6 38 20 18 28 44 33 37 47 16 21 34 13 41 12 48 22 32 25 36 46 1 10 4 27 11 43 2 30 5 49 40 26 14 24 15 35 42 17 3 23 4745.19 4745.95
0 8 9 39 31 45 19 7 29 6 38 20 18 28 44 33 37 47 16 21 34 13 41 12 48 22 32 25 36 46 1 10 4 27 11 43 2 30 5 49 40 26 14 24 15 35 42 17 3 23 4745.19 4746.06
0 8 9 39 31 45 19 7 29 6 38 20 18 28 44 33 37 47 16 21 34 13 41 12 48 22 32 25 36 46 1 10 4 27 11 43 2 30 5 49 40 26 14 24 15 35 42 17 3 23 4745.19 4745.42
0 8 9 39 31 45 19 7 29 6 38 20 18 28 44 33 37 47 16 21 34 13 41 12 48 22 32 25 36 46 1 10 4 27 11 43 2 30 5 49 40 26 14 24 15 35 42 17 3 23 4745.19 4745.52
0 8 9 39 31 45 19 7 29 6 38 20 18 28 44 33 37 47 16 21 34 13 41 12 48 22 32 25 36 46 1 10 4 27 11 43 2 30 5 49 40 26 14 24 15 35 42 17 3 23 4745.19 4771.28
0 8 9 39 31 45 19 7 29 6 38 20 18 28 44 33 37 47 16 21 34 13 41 12 48 22 32 25 36 46 1 10 4 27 11 43 2 30 5 49 40 26 14 24 15 35 42 17 3 23 4745.19 4749.9
0 8 9 39 31 45 19 7 29 6 38 20 18 28 44 33 37 47 16 21 34 13 41 12 48 22 32 25 36 46 1 10 4 27 11 43 2 30 5 49 40 26 14 24 15 35 42 17 3 23 4745.19 4752.24
0 8 9 39 31 45 19 7 29 6 38 20 18 28 44 33 37 47 16 21 34 13 41 12 48 22 32 25 36 46 1 10 4 27 11 43 2 30 5 49 40 26 14 24 15 35 42 17 3 23 4745.19 4745.99
0 8 9 39 31 45 19 7 29 6 38 20 18 28 44 33 37 47 16 21 34 13 41 12 48 22 32 25 36 46 1 10 4 27 11 43 2 30 5 49 40 26 14 24 15 35 42 17 3 23 4745.19 4745.19
0 8 9 39 31 45 19 7 29 6 38 20 18 28 44 33 37 47 16 21 34 13 41 12 48 22 32 25 36 46 1 10 4 27 11 43 2 30 5 49 40 26 14 24 15 35 42 17 3 23 4745.19 4745.19
0 8 9 39 31 45 19 7 29 6 38 20 18 28 44 33 37 47 16 21 34 13 41 12 48 22 32 25 36 46 1 10 4 27 11 43 2 30 5 49 40 26 14 24 15 35 42 17 3 23 4745.19 4746.5
0 8 9 39 31 45 19 7 29 6 38 20 18 28 44 33 37 47 16 21 34 13 41 12 48 22 32 25 36 46 1 10 4 27 11 43 2 30 5 49 40 26 14 24 15 35 42 17 3 23 4745.19 4746.17
0 8 9 39 31 45 19 7 29 6 38 20 18 28 44 33 37 47 16 34 21 13 41 12 48 22 32 25 36 46 1 10 4 27 11 43 2 30 5 49 40 26 14 24 15 35 42 17 3 23 4732.41 4744.93
0 8 9 39 31 45 19 7 29 6 38 20 18 28 44 33 37 47 16 34 21 13 41 12 48 22 32 25 36 46 1 10 4 27 11 43 2 30 5 49 40 26 14 24 15 35 42 17 3 23 4732.41 4740.85
0 8 9 39 31 45 19 7 29 6 38 20 18 28 44 33 37 47 16 34 21 13 41 12 48 22 32 25 36 46 1 10 4 27 11 43 2 30 5 49 40 26 14 24 15 35 42 17 3 23 4732.41 4735.7
0 8 9 39 31 45 19 7 29 6 38 20 18 28 44 33 37 47 16 34 21 13 41 12 48 22 32 25 36 46 1 10 4 27 11 43 2 30 5 49 40 26 14 24 15 35 42 17 3 23 4732.41 4732.41
0 8 9 39 31 45 19 7 29 6 38 20 18 28 44 33 37 47 16 34 21 13 41 12 48 22 32 25 36 46 1 10 4 27 11 43 2 30 5 49 40 26 14 24 15 35 42 17 3 23 4732.41 4732.41
0 8 9 39 31 45 19 7 29 6 38 20 18 28 44 33 37 47 16 34 21 13 41 12 48 22 32 25 36 46 1 10 4 27 11 43 2 30 5 49 40 26 14 24 15 35 42 17 3 23 4732.41 4732.41
0 8 9 39 31 45 19 7 29 6 38 20 18 28 44 33 37 47 16 34 21 13 41 12 48 22 32 25 36 46 1 10 4 27 11 43 2 30 5 49 40 26 14 24 15 35 42 17 3 23 4732.41 4734.65
0 8 9 39 31 45 19 7 29 6 38 20 18 28 44 33 37 47 16 34 21 13 41 12 48 22 32 25 36 46 1 10 4 27 11 43 2 30 5 49 40 26 14 24 15 35 42 17 3 23 4732.41 4732.41
0 8 9 39 31 45 19 7 29 6 38 20 18 28 44 33 37 47 16 34 21 13 41 12 48 22 32 25 36 46 1 10 4 27 11 43 2 30 5 49 40 26 14 24 15 35 42 17 3 23 4732.41 4734.81
0 8 9 39 31 45 19 7 29 6 38 20 18 28 44 33 37 47 16 34 21 13 41 12 48 22 32 25 36 46 1 10 4 27 11 43 2 30 5 49 40 26 14 24 15 35 42 17 3 23 4732.41 4732.41
0 8 9 39 31 45 19 7 29 6 38 20 18 28 44 33 37 47 16 34 21 13 41 12 48 22 32 25 36 46 1 10 4 27 11 43 2 30 5 49 40 26 14 24 15 35 42 17 3 23 4732.41 4748.54
0 8 9 39 31 45 19 7 29 6 38 20 18 28 44 33 37 47 16 34 21 13 41 12 48 22 32 25 36 46 1 10 4 27 11 43 2 30 5 49 40 26 14 24 15 35 42 17 3 23 4732.41 4743.76
0 8 9 39 31 45 19 7 29 6 38 20 18 28 44 33 37 47 16 34 21 13 41 12 48 22 32 25 36 46 1 10 4 27 11 43 2 30 5 49 40 26 14 24 15 35 42 17 3 23 4732.41 4732.41
0 8 9 39 31 45 19 7 29 6 38 20 18 28 44 33 37 47 16 34 21 13 41 12 48 22 32 25 36 46 1 10 4 27 11 43 2 30 5 49 40 26 14 24 15 35 42 17 3 23 4732.41 4733.56
0 8 9 39 31 45 19 7 29 6 38 20 18 28 44 33 37 47 16 34 21 13 41 12 48 22 32 25 36 46 1 10 4 27 11 43 2 30 5 49 40 26 14 24 15 35 42 17 3 23 4732.41 4745.53
0 8 9 39 31 45 19 7 29 6 38 20 18 28 44 33 37 47 16 34 21 13 41 12 48 22 32 25 36 46 1 10 4 27 11 43 2 30 5 49 40 26 14 24 15 35 42 17 3 23 4732.41 4734.45
0 8 9 39 31 45 19 7 29 6 38 20 18 28 44 33 37 47 16 34 21 13 41 12 48 22 32 25 36 46 1 10 4 27 11 43 2 30 5 49 40 26 14 24 15 35 42 17 3 23 4732.41 4761.25
0 8 9 39 31 45 19 7 29 6 38 20 18 28 44 33 37 47 16 34 21 13 41 12 48 22 32 25 36 46 1 10 4 27 11 43 2 30 5 49 40 26 14 24 15 35 42 17 3 23 4732.41 4739
0 8 9 39 31 45 19 7 29 6 38 20 18 28 44 33 37 47 16 34 21 13 41 12 48 22 32 25 36 46 1 10 4 27 11 43 2 30 5 49 40 26 14 24 15 35 42 17 3 23 4732.41 4744.13
0 8 9 39 31 45 19 7 29 6 38 20 18 28 44 33 37 47 16 34 21 13 41 12 48 22 32 25 36 46 1 10 4 27 11 43 2 30 5 49 40 26 14 24 15 35 42 17 3 23 4732.41 4741.79
0 8 9 39 31 45 19 7 29 6 38 20 18 28 44 33 37 47 16 34 21 13 41 12 48 22 32 25 36 46 1 10 4 27 11 43 2 30 5 49 40 26 14 24 15 35 42 17 3 23 4732.41 4732.41
0 8 9 39 31 45 19 7 29 6 38 20 18 28 44 33 37 47 16 34 21 13 41 12 48 22 32 25 36 46 1 10 4 27 11 43 2 30 5 49 40 26 14 24 15 35 42 17 3 23 4732.41 4732.41
0 8 9 39 31 45 19 7 29 6 38 20 18 28 44 33 37 47 16 34 21 13 41 12 48 22 32 25 36 46 1 10 4 27 11 43 2 30 5 49 40 26 14 24 15 35 42 17 3 23 4732.41 4732.41
0 8 9 39 31 45 19 7 29 6 38 20 18 28 44 33 37 47 16 34 21 13 41 12 48 22 32 25 36 46 1 10 4 27 11 43 2 30 5 49 40 26 14 24 15 35 42 17 3 23 4732.41 4732.41
0 8 9 39 31 45 19 7 29 6 38 20 18 28 44 33 37 47 16 34 21 13 41 12 48 22 32 25 36 46 1 10 4 27 11 43 2 30 5 49 40 26 14 24 15 35 42 17 3 23 4732.41 4803.81
0 8 9 39 31 45 19 7 29 6 38 20 18 28 44 33 37 47 16 34 21 13 41 12 48 22 32 25 36 46 1 10 4 27 11 43 2 30 5 49 40 26 14 24 15 35 42 17 3 23 4732.41 4732.91
0 8 9 39 31 45 19 7 29 6 38 20 18 28 44 33 37 47 16 34 21 13 41 12 48 22 32 25 36 46 1 10 4 27 11 43 2 30 5 49 40 26 14 24 15 35 42 17 3 23 4732.41 4732.41
0 8 9 39 31 45 19 7 29 6 38 20 18 28 44 33 37 47 16 34 21 13 41 12 48 22 32 25 36 46 1 10 4 27 11 43 2 30 5 49 40 26 14 24 15 35 42 17 3 23 4732.41 4732.95
0 8 9 39 31 45 19 7 29 6 38 20 18 28 44 33 37 47 16 34 21 13 41 12 48 22 32 25 36 46 1 10 4 27 11 43 2 30 5 49 40 26 14 24 15 35 42 17 3 23 4732.41 4750.59
0 8 9 39 31 45 19 7 29 6 38 20 18 28 44 33 37 47 16 34 21 13 41 12 48 22 32 25 36 46 1 10 4 27 11 43 2 30 5 49 40 26 14 24 15 35 42 17 3 23 4732.41 4756.32
0 8 9 39 31 45 19 7 29 6 38 20 18 28 44 33 37 47 16 34 21 13 41 12 48 22 32 25 36 46 1 10 4 27 11 43 2 30 5 49 40 26 14 24 15 35 42 17 3 23 4732.41 4741.62
0 8 9 39 31 45 19 7 29 6 38 20 18 28 44 33 37 47 16 34 21 13 41 12 48 22 32 25 36 46 1 10 4 27 11 43 2 30 5 49 40 26 14 24 15 35 42 17 3 23 4732.41 4740.21
0 8 9 39 31 45 19 7 29 6 38 20 18 28 44 33 37 47 16 34 21 13 41 12 48 22 32 25 36 46 1 10 4 27 11 43 2 30 5 49 40 26 14 24 15 35 42 17 3 23 4732.41 4765.5
0 8 9 39 31 45 19 7 29 6 38 20 18 28 44 33 37 47 16 34 21 13 41 12 48 22 32 25 36 46 1 10 4 27 11 43 2 30 5 49 40 26 14 24 15 35 42 17 3 23 4732.41 4759.62
0 8 9 39 31 45 19 7 29 6 38 20 18 28 44 33 37 47 16 34 21 13 41 12 48 22 32 25 36 46 1 10 4 27 11 43 2 30 5 49 40 26 14 24 15 35 42 17 3 23 4732.41 4834.43
0 8 9 39 31 45 19 7 29 6 38 20 18 28 44 33 37 47 16 34 21 13 41 12 48 22 32 25 36 46 1 10 4 27 11 43 2 30 5 49 40 26 14 24 15 35 42 17 3 23 4732.41 4747.66
0 8 9 39 31 45 19 7 29 6 38 20 18 28 44 33 37 47 16 34 21 13 41 12 48 22 32 25 36 46 1 10 4 27 11 43 2 30 5 49 40 26 14 24 15 35 42 17 3 23 4732.41 4744.79
0 8 9 39 31 45 19 7 29 6 38 20 18 28 44 33 37 47 16 34 21 13 41 12 48 22 32 25 36 46 1 10 4 27 11 43 2 30 5 49 40 26 14 24 15 35 42 17 3 23 4732.41 4745.91
0 8 9 39 31 45 19 7 29 6 38 20 18 28 44 33 37 47 16 34 21 13 41 12 48 22 32 25 36 46 1 10 4 27 11 43 2 30 5 49 40 26 14 24 15 35 42 17 3 23 4732.41 4739.11
0 8 9 39 31 45 19 7 29 6 38 20 18 28 44 33 37 47 16 34 21 13 41 12 48 22 32 25 36 46 1 10 4 27 11 43 2 30 5 49 40 26 14 24 15 35 42 17 3 23 4732.41 4734.11
0 8 9 39 31 45 19 7 29 6 38 20 18 28 44 33 37 47 16 34 21 13 41 12 48 22 32 25 36 46 1 10 4 27 11 43 2 30 5 49 40 26 14 24 15 35 42 17 3 23 4732.41 4747.43
0 8 9 39 31 45 19 7 29 6 38 20 18 28 44 33 37 47 16 34 21 13 41 12 48 22 32 25 36 46 1 10 4 27 11 43 2 30 5 49 40 26 14 24 15 35 42 17 3 23 4732.41 4756.25
0 8 9 39 31 45 19 7 29 6 38 20 18 28 44 33 37 47 16 34 21 13 41 12 48 22 32 25 36 46 1 10 4 27 11 43 2 30 5 49 40 26 14 24 15 35 42 17 3 23 4732.41 4732.41
0 8 9 39 31 45 19 7 29 6 38 20 18 28 44 33 37 47 16 34 21 13 41 12 48 22 32 25 36 46 1 10 4 27 11 43 2 30 5 49 40 26 14 24 15 35 42 17 3 23 4732.41 4732.41
0 8 9 39 31 45 19 7 29 6 38 20 18 28 44 33 37 47 16 34 21 13 41 12 48 22 32 25 36 46 1 10 4 27 11 43 2 30 5 49 40 26 14 24 15 35 42 17 3 23 4732.41 4734.75
0 8 9 39 31 45 19 7 29 6 38 20 18 28 44 33 37 47 16 34 21 13 41 12 48 22 32 25 36 46 1 10 4 27 11 43 2 30 5 49 40 26 14 24 15 35 42 17 3 23 4732.41 4747
0 8 9 39 31 45 19 7 29 6 38 20 18 28 44 33 37 47 16 34 21 13 41 12 48 22 32 25 36 46 1 10 4 27 11 43 2 30 5 49 40 26 14 24 15 35 42 17 3 23 4732.41 4786.98
0 8 9 39 31 45 19 7 29 6 38 20 18 28 44 33 37 47 16 34 21 13 41 12 48 22 32 25 36 46 1 10 4 27 11 43 2 30 5 49 40 26 14 24 15 35 42 17 3 23 4732.41 4758.53
0 8 9 39 31 45 19 7 29 6 38 20 18 28 44 33 37 47 16 34 21 13 41 12 48 22 32 25 36 46 1 10 4 27 11 43 2 30 5 49 40 26 14 24 15 35 42 17 3 23 4732.41 4752.93
0 8 9 39 31 45 19 7 29 6 38 20 18 28 44 33 37 47 16 34 21 13 41 12 48 22 32 25 36 46 1 10 4 27 11 43 2 30 5 49 40 26 14 24 15 35 42 17 3 23 4732.41 4736.82
0 8 9 39 31 45 19 7 29 6 38 20 18 28 44 33 37 47 16 34 21 13 41 12 48 22 32 25 36 46 1 10 4 27 11 43 2 30 5 49 40 26 14 24 15 35 42 17 3 23 4732.41 4732.41
0 8 9 39 31 45 19 7 29 6 38 20 18 28 44 33 37 47 16 34 21 13 41 12 48 22 32 25 36 46 1 10 4 27 11 43 2 30 5 49 40 26 14 24 15 35 42 17 3 23 4732.41 4732.41
0 8 9 39 31 45 19 7 29 6 38 20 18 28 44 33 37 47 16 34 21 13 41 12 48 22 32 25 36 46 1 10 4 27 11 43 2 30 5 49 40 26 14 24 15 35 42 17 3 23 4732.41 4762.57
0 8 9 39 31 45 19 7 29 6 38 20 18 28 44 33 37 47 16 34 21 13 41 12 48 22 32 25 36 46 1 10 4 27 11 43 2 30 5 49 40 26 14 24 15 35 42 17 3 23 4732.41 4771.71
0 8 9 39 31 45 19 7 29 6 38 20 18 28 44 33 37 47 16 34 21 13 41 12 48 22 32 25 36 46 1 10 4 27 11 43 2 30 5 49 40 26 14 24 15 35 42 17 3 23 4732.41 4734.88
0 8 9 39 31 45 19 7 29 6 38 20 18 28 44 33 37 47 16 34 21 13 41 12 48 22 32 25 36 46 1 10 4 27 11 43 2 30 5 49 40 26 14 24 15 35 42 17 3 23 4732.41 4732.41
0 8 9 39 31 45 19 7 29 6 38 20 18 28 44 33 37 47 16 34 21 13 41 12 48 22 32 25 36 46 1 10 4 27 11 43 2 30 5 49 40 26 14 24 15 35 42 17 3 23 4732.41 4732.41
0 8 9 39 31 45 19 7 29 6 38 20 18 28 44 33 37 47 16 34 21 13 41 12 48 22 32 25 36 46 1 10 4 27 11 43 2 30 5 49 40 26 14 24 15 35 42 17 3 23 4732.41 4732.41
0 8 9 39 31 45 19 7 29 6 38 20 18 28 44 33 37 47 16 34 21 13 41 12 48 22 32 25 36 46 1 10 4 27 11 43 2 30 5 49 40 26 14 24 15 35 42 17 3 23 4732.41 4732.41
0 8 9 39 31 45 19 7 29 6 38 20 18 28 44 33 37 47 16 34 21 13 41 12 48 22 32 25 36 46 1 10 4 27 11 43 2 30 5 49 40 26 14 24 15 35 42 17 3 23 4732.41 4733.07
0 8 9 39 31 45 19 7 29 6 38 20 18 28 44 33 37 47 16 34 21 13 41 12 48 22 32 25 36 46 1 10 4 27 11 43 2 30 5 49 40 26 14 24 15 35 42 17 3 23 4732.41 4732.41
0 8 9 39 31 45 19 7 29 6 38 20 18 28 44 33 37 47 16 34 21 13 41 12 48 22 32 25 36 46 1 10 4 27 11 43 2 30 5 49 40 26 14 24 15 35 42 17 3 23 4732.41 4761.68
0 8 9 39 31 45 19 7 29 6 38 20 18 28 44 33 37 47 16 34 21 13 41 12 48 22 32 25 36 46 1 10 4 27 11 43 2 30 5 49 40 26 14 24 15 35 42 17 3 23 4732.41 4739.49
0 8 9 39 31 45 19 7 29 6 38 20 18 28 44 33 37 47 16 34 21 13 41 12 48 22 32 25 36 46 1 10 4 27 11 43 2 30 5 49 40 26 14 24 15 35 42 17 3 23 4732.41 4737.45
0 8 9 39 31 45 19 7 29 6 38 20 18 28 44 33 37 47 16 34 21 13 41 12 48 22 32 25 36 46 1 10 4 27 11 43 2 30 5 49 40 26 14 24 15 35 42 17 3 23 4732.41 4732.41
0 8 9 39 31 45 19 7 29 6 38 20 18 28 44 33 37 47 16 34 21 13 41 12 48 22 32 25 36 46 1 10 4 27 11 43 2 30 5 49 40 26 14 24 15 35 42 17 3 23 4732.41 4732.41
0 8 9 39 31 45 19 7 29 6 38 20 18 28 44 33 37 47 16 34 21 13 41 12 48 22 32 25 36 46 1 10 4 27 11 43 2 30 5 49 40 26 14 24 15 35 42 17 3 23 4732.41 4732.41
0 8 9 39 31 45 19 7 29 6 38 20 18 28 44 33 37 47 16 34 21 13 41 12 48 22 32 25 36 46 1 10 4 27 11 43 2 30 5 49 40 26 14 24 15 35 42 17 3 23 4732.41 4732.41
0 8 9 39 31 45 19 7 29 6 38 20 18 28 44 33 37 47 16 34 21 13 41 12 48 22 32 25 36 46 1 10 4 27 11 43 2 30 5 49 40 26 14 24 15 35 42 17 3 23 4732.41 4777.95
0 8 9 39 31 45 19 7 29 6 38 20 18 28 44 33 37 47 16 34 21 13 41 12 48 22 32 25 36 46 1 10 4 27 11 43 2 30 5 49 40 26 14 24 15 35 42 17 3 23 4732.41 4766.28
0 8 9 39 31 45 19 7 29 6 38 20 18 28 44 33 37 47 16 34 21 13 41 12 48 22 32 25 36 46 1 10 4 27 11 43 2 30 5 49 40 26 14 24 15 35 42 17 3 23 4732.41 4738.28
0 8 9 39 31 45 19 7 29 6 38 20 18 28 44 33 37 47 16 34 21 13 41 12 48 22 32 25 36 46 1 10 4 27 11 43 2 30 5 49 40 26 14 24 15 35 42 17 3 23 4732.41 4745.64
0 8 9 39 31 45 19 7 29 6 38 20 18 28 44 33 37 47 16 34 21 13 41 12 48 22 32 25 36 46 1 10 4 27 11 43 2 30 5 49 40 26 14 24 15 35 42 17 3 23 4732.41 4786.74
0 8 9 39 31 45 19 7 29 6 38 20 18 28 44 33 37 47 16 34 21 13 41 12 48 22 32 25 36 46 1 10 4 27 11 43 2 30 5 49 40 26 14 24 15 35 42 17 3 23 4732.41 4732.5
0 8 9 39 31 45 19 7 29 6 38 20 18 28 44 33 37 47 16 34 21 13 41 12 48 22 32 25 36 46 1 10 4 27 11 43 2 30 5 49 40 26 14 24 15 35 42 17 3 23 4732.41 4733.4
0 8 9 39 31 45 19 7 29 6 38 20 18 28 44 33 37 47 16 34 21 13 41 12 48 22 32 25 36 46 1 10 4 27 11 43 2 30 5 49 40 26 14 24 15 35 42 17 3 23 4732.41 4739.35
0 8 9 39 31 45 19 7 29 6 38 20 18 28 44 33 37 47 16 34 21 13 41 12 48 22 32 25 36 46 1 10 4 27 11 43 2 30 5 49 40 26 14 24 15 35 42 17 3 23 4732.41 4732.41
0 8 9 39 31 45 19 7 29 6 38 20 18 28 44 33 37 47 16 34 21 13 41 12 48 22 32 25 36 46 1 10 4 27 11 43 2 30 5 49 40 26 14 24 15 35 42 17 3 23 4732.41 4732.41
0 8 9 39 31 45 19 7 29 6 38 20 18 28 44 33 37 47 16 34 21 13 41 12 48 22 32 25 36 46 1 10 4 27 11 43 2 30 5 49 40 26 14 24 15 35 42 17 3 23 4732.41 4732.41
0 8 9 39 31 45 19 7 29 6 38 20 18 28 44 33 37 47 16 34 21 13 41 12 48 22 32 25 36 46 1 10 4 27 11 43 2 30 5 49 40 26 14 24 15 35 42 17 3 23 4732.41 4743.81
0 8 9 39 31 45 19 7 29 6 38 20 18 28 44 33 37 47 16 34 21 13 41 12 48 22 32 25 36 46 1 10 4 27 11 43 2 30 5 49 40 26 14 24 15 35 42 17 3 23 4732.41 4732.41
0 8 9 39 31 45 19 7 29 6 38 20 18 28 44 33 37 47 16 34 21 13 41 12 48 22 32 25 36 46 1 10 4 27 11 43 2 30 5 49 40 26 14 24 15 35 42 17 3 23 4732.41 4732.41
0 8 9 39 31 45 19 7 29 6 38 20 18 28 44 33 37 47 16 34 21 13 41 12 48 22 32 25 36 46 1 10 4 27 11 43 2 30 5 49 40 26 14 24 15 35 42 17 3 23 4732.41 4735.56
0 8 9 39 31 45 19 7 29 6 38 20 18 28 44 33 37 47 16 34 21 13 41 12 48 22 32 25 36 46 1 10 4 27 11 43 2 30 5 49 40 26 14 24 15 35 42 17 3 23 4732.41 4747.79
0 8 9 39 31 45 19 7 29 6 38 20 18 28 44 33 37 47 16 34 21 13 41 12 48 22 32 25 36 46 1 10 4 27 11 43 2 30 5 49 40 26 14 24 15 35 42 17 3 23 4732.41 4764.91
0 8 9 39 31 45 19 7 29 6 38 20 18 28 44 33 37 47 16 34 21 13 41 12 48 22 32 25 36 46 1 10 4 27 11 43 2 30 5 49 40 26 14 24 15 35 42 17 3 23 4732.41 4767.16
0 8 9 39 31 45 19 7 29 6 38 20 18 28 44 33 37 47 16 34 21 13 41 12 48 22 32 25 36 46 1 10 4 27 11 43 2 30 5 49 40 26 14 24 15 35 42 17 3 23 4732.41 4790.62
0 8 9 39 31 45 19 7 29 6 38 20 18 28 44 33 37 47 16 34 21 13 41 12 48 22 32 25 36 46 1 10 4 27 11 43 2 30 5 49 40 26 14 24 15 35 42 17 3 23 4732.41 4732.41
0 8 9 39 31 45 19 7 29 6 38 20 18 28 44 33 37 47 16 34 21 13 41 12 48 22 32 25 36 46 1 10 4 27 11 43 2 30 5 49 40 26 14 24 15 35 42 17 3 23 4732.41 4747.86
0 8 9 39 31 45 19 7 29 6 38 20 18 28 44 33 37 47 16 34 21 13 41 12 48 22 32 25 36 46 1 10 4 27 11 43 2 30 5 49 40 26 14 24 15 35 42 17 3 23 4732.41 4732.41
0 8 9 39 31 45 19 7 29 6 38 20 18 28 44 33 37 47 16 34 21 13 41 12 48 22 32 25 36 46 1 10 4 27 11 43 2 30 5 49 40 26 14 24 15 35 42 17 3 23 4732.41 4732.41
0 8 9 39 31 45 19 7 29 6 38 20 18 28 44 33 37 47 16 34 21 13 41 12 48 22 32 25 36 46 1 10 4 27 11 43 2 30 5 49 40 26 14 24 15 35 42 17 3 23 4732.41 4733.39
0 8 9 39 31 45 19 7 29 6 38 20 18 28 44 33 37 47 16 34 21 13 41 12 48 22 32 25 36 46 1 10 4 27 11 43 2 30 5 49 40 26 14 24 15 35 42 17 3 23 4732.41 4754.35
0 8 9 39 31 45 19 7 29 6 38 20 18 28 44 33 37 47 16 34 21 13 41 12 48 22 32 25 36 46 1 10 4 27 11 43 2 30 5 49 40 26 14 24 15 35 42 17 3 23 4732.41 4734.1
0 8 9 39 31 45 19 7 29 6 38 20 18 28 44 33 37 47 16 34 21 13 41 12 48 22 32 25 36 46 1 10 4 27 11 43 2 30 5 49 40 26 14 24 15 35 42 17 3 23 4732.41 4778.93
0 8 9 39 31 45 19 7 29 6 38 20 18 28 44 33 37 47 16 34 21 13 41 12 48 22 32 25 36 46 1 10 4 27 11 43 2 30 5 49 40 26 14 24 15 35 42 17 3 23 4732.41 4778.45
0 8 9 39 31 45 19 7 29 6 38 20 18 28 44 33 37 47 16 34 21 13 41 12 48 22 32 25 36 46 1 10 4 27 11 43 2 30 5 49 40 26 14 24 15 35 42 17 3 23 4732.41 4883.01
0 8 9 39 31 45 19 7 29 6 38 20 18 28 44 33 37 47 16 34 21 13 41 12 48 22 32 25 36 46 1 10 4 27 11 43 2 30 5 49 40 26 14 24 15 35 42 17 3 23 4732.41 4743
0 8 9 39 31 45 19 7 29 6 38 20 18 28 44 33 37 47 16 34 21 13 41 12 48 22 32 25 36 46 1 10 4 27 11 43 2 30 5 49 40 26 14 24 15 35 42 17 3 23 4732.41 4732.41
0 8 9 39 31 45 19 7 29 6 38 20 18 28 44 33 37 47 16 34 21 13 41 12 48 22 32 25 36 46 1 10 4 27 11 43 2 30 5 49 40 26 14 24 15 35 42 17 3 23 4732.41 4732.41
0 8 9 39 31 45 19 7 29 6 38 20 18 28 44 33 37 47 16 34 21 13 41 12 48 22 32 25 36 46 1 10 4 27 11 43 2 30 5 49 40 26 14 24 15 35 42 17 3 23 4732.41 4732.41
0 8 9 39 31 45 19 7 29 6 38 20 18 28 44 33 37 47 16 34 21 13 41 12 48 22 32 25 36 46 1 10 4 27 11 43 2 30 5 49 40 26 14 24 15 35 42 17 3 23 4732.41 4732.41
0 8 9 39 31 45 19 7 29 6 38 20 18 28 44 33 37 47 16 34 21 13 41 12 48 22 32 25 36 46 1 10 4 27 11 43 2 30 5 49 40 26 14 24 15 35 42 17 3 23 4732.41 4732.41
0 8 9 39 31 45 19 7 29 6 38 20 18 28 44 33 37 47 16 34 21 13 41 12 48 22 32 25 36 46 1 10 4 27 11 43 2 30 5 49 40 26 14 24 15 35 42 17 3 23 4732.41 4732.41
0 8 9 39 31 45 19 7 29 6 38 20 18 28 44 33 37 47 16 34 21 13 41 12 48 22 32 25 36 46 1 10 4 27 11 43 2 30 5 49 40 26 14 24 15 35 42 17 3 23 4732.41 4732.41
0 8 9 39 31 45 19 7 29 6 38 20 18 28 44 33 37 47 16 34 21 13 41 12 48 22 32 25 36 46 1 10 4 27 11 43 2 30 5 49 40 26 14 24 15 35 42 17 3 23 4732.41 4732.41
0 8 9 39 31 45 19 7 29 6 38 20 18 28 44 33 37 47 16 34 21 13 41 12 48 22 32 25 36 46 1 10 4 27 11 43 2 30 5 49 40 26 14 24 15 35 42 17 3 23 4732.41 4732.41
0 8 9 39 31 45 19 7 29 6 38 20 18 28 44 33 37 47 16 34 21 13 41 12 48 22 32 25 36 46 1 10 4 27 11 43 2 30 5 49 40 26 14 24 15 35 42 17 3 23 4732.41 4732.41
0 8 9 39 31 45 19 7 29 6 38 20 18 28 44 33 37 47 16 34 21 13 41 12 48 22 32 25 36 46 1 10 4 27 11 43 2 30 5 49 40 26 14 24 15 35 42 17 3 23 4732.41 4732.41
0 8 9 39 31 45 19 7 29 6 38 20 18 28 44 33 37 47 16 34 21 13 41 12 48 22 32 25 36 46 1 10 4 27 11 43 2 30 5 49 40 26 14 24 15 35 42 17 3 23 4732.41 4750.13
0 8 9 39 31 45 19 7 29 6 38 20 18 28 44 33 37 47 16 34 21 13 41 12 48 22 32 25 36 46 1 10 4 27 11 43 2 30 5 49 40 26 14 24 15 35 42 17 3 23 4732.41 4735.78
0 8 9 39 31 45 19 7 29 6 38 20 18 28 44 33 37 47 16 34 21 13 41 12 48 22 32 25 36 46 1 10 4 27 11 43 2 30 5 49 40 26 14 24 15 35 42 17 3 23 4732.41 4736.9
0 8 9 39 31 45 19 7 29 6 38 20 18 28 44 33 37 47 16 34 21 13 41 12 48 22 32 25 36 46 1 10 4 27 11 43 2 30 5 49 40 26 14 24 15 35 42 17 3 23 4732.41 4732.41
0 8 9 39 31 45 19 7 29 6 38 20 18 28 44 33 37 47 16 34 21 13 41 12 48 22 32 25 36 46 1 10 4 27 11 43 2 30 5 49 40 26 14 24 15 35 42 17 3 23 4732.41 4732.41
0 8 9 39 31 45 19 7 29 6 38 20 18 28 44 33 37 47 16 34 21 13 41 12 48 22 32 25 36 46 1 10 4 27 11 43 2 30 5 49 40 26 14 24 15 35 42 17 3 23 4732.41 4732.41
0 8 9 39 31 45 19 7 29 6 38 20 18 28 44 33 37 47 16 34 21 13 41 12 48 22 32 25 36 46 1 10 4 27 11 43 2 30 5 49 40 26 14 24 15 35 42 17 3 23 4732.41 4732.41
0 8 9 39 31 45 19 7 29 6 38 20 18 28 44 33 37 47 16 34 21 13 41 12 48 22 32 25 36 46 1 10 4 27 11 43 2 30 5 49 40 26 14 24 15 35 42 17 3 23 4732.41 4733.57
0 8 9 39 31 45 19 7 29 6 38 20 18 28 44 33 37 47 16 34 21 13 41 12 48 22 32 25 36 46 1 10 4 27 11 43 2 30 5 49 40 26 14 24 15 35 42 17 3 23 4732.41 4732.41
0 8 9 39 31 45 19 7 29 6 38 20 18 28 44 33 37 47 16 34 21 13 41 12 48 22 32 25 36 46 1 10 4 27 11 43 2 30 5 49 40 26 14 24 15 35 42 17 3 23 4732.41 4732.41
0 8 9 39 31 45 19 7 29 6 38 20 18 28 44 33 37 47 16 34 21 13 41 12 48 22 32 25 36 46 1 10 4 27 11 43 2 30 5 49 40 26 14 24 15 35 42 17 3 23 4732.41 4735.68
0 8 9 39 31 45 19 7 29 6 38 20 18 28 44 33 37 47 16 34 21 13 41 12 48 22 32 25 36 46 1 10 4 27 11 43 2 30 5 49 40 26 14 24 15 35 42 17 3 23 4732.41 4847
0 8 9 39 31 45 19 7 29 6 38 20 18 28 44 33 37 47 16 34 21 13 41 12 48 22 32 25 36 46 1 10 4 27 11 43 2 30 5 49 40 26 14 24 15 35 42 17 3 23 4732.41 4790.44
0 8 9 39 31 45 19 7 29 6 38 20 18 28 44 33 37 47 16 34 21 13 41 12 48 22 32 25 36 46 1 10 4 27 11 43 2 30 5 49 40 26 14 24 15 35 42 17 3 23 4732.41 4732.41
0 8 9 39 31 45 19 7 29 6 38 20 18 28 44 33 37 47 16 34 21 13 41 12 48 22 32 25 36 46 1 10 4 27 11 43 2 30 5 49 40 26 14 24 15 35 42 17 3 23 4732.41 4732.41
0 8 9 39 31 45 19 7 29 6 38 20 18 28 44 33 37 47 16 34 21 13 41 12 48 22 32 25 36 46 1 10 4 27 11 43 2 30 5 49 40 26 14 24 15 35 42 17 3 23 4732.41 4733.35
0 8 9 39 31 45 19 7 29 6 38 20 18 28 44 33 37 47 16 34 21 13 41 12 48 22 32 25 36 46 1 10 4 27 11 43 2 30 5 49 40 26 14 24 15 35 42 17 3 23 4732.41 4733.22
0 8 9 39 31 45 19 7 29 6 38 20 18 28 44 33 37 47 16 34 21 13 41 12 48 22 32 25 36 46 1 10 4 27 11 43 2 30 5 49 40 26 14 24 15 35 42 17 3 23 4732.41 4732.41
0 8 9 39 31 45 19 7 29 6 38 20 18 28 44 33 37 47 16 34 21 13 41 12 48 22 32 25 36 46 1 10 4 27 11 43 2 30 5 49 40 26 14 24 15 35 42 17 3 23 4732.41 4732.41
0 8 9 39 31 45 19 7 29 6 38 20 18 28 44 33 37 47 16 34 21 13 41 12 48 22 32 25 36 46 1 10 4 27 11 43 2 30 5 49 40 26 14 24 15 35 42 17 3 23 4732.41 4732.41
0 8 9 39 31 45 19 7 29 6 38 20 18 28 44 33 37 47 16 34 21 13 41 12 48 22 32 25 36 46 1 10 4 27 11 43 2 30 5 49 40 26 14 24 15 35 42 17 3 23 4732.41 4738.28
0 8 9 39 31 45 19 7 29 6 38 20 18 28 44 33 37 47 16 34 21 13 41 12 48 22 32 25 36 46 1 10 4 27 11 43 2 30 5 49 40 26 14 24 15 35 42 17 3 23 4732.41 4732.41
0 8 9 39 31 45 19 7 29 6 38 20 18 28 44 33 37 47 16 34 21 13 41 12 48 22 32 25 36 46 1 10 4 27 11 43 2 30 5 49 40 26 14 24 15 35 42 17 3 23 4732.41 4746.43
0 8 9 39 31 45 19 7 29 6 38 20 18 28 44 33 37 47 16 34 21 13 41 12 48 22 32 25 36 46 1 10 4 27 11 43 2 30 5 49 40 26 14 24 15 35 42 17 3 23 4732.41 4788.55
0 8 9 39 31 45 19 7 29 6 38 20 18 28 44 33 37 47 16 34 21 13 41 12 48 22 32 25 36 46 1 10 4 27 11 43 2 30 5 49 40 26 14 24 15 35 42 17 3 23 4732.41 4897.24
0 8 9 39 31 45 19 7 29 6 38 20 18 28 44 33 37 47 16 34 21 13 41 12 48 22 32 25 36 46 1 10 4 27 11 43 2 30 5 49 40 26 14 24 15 35 42 17 3 23 4732.41 4732.65
0 8 9 39 31 45 19 7 29 6 38 20 18 28 44 33 37 47 16 34 21 13 41 12 48 22 32 25 36 46 1 10 4 27 11 43 2 30 5 49 40 26 14 24 15 35 42 17 3 23 4732.41 4732.41
0 8 9 39 31 45 19 7 29 6 38 20 18 28 44 33 37 47 16 34 21 13 41 12 48 22 32 25 36 46 1 10 4 27 11 43 2 30 5 49 40 26 14 24 15 35 42 17 3 23 4732.41 4732.41
0 8 9 39 31 45 19 7 29 6 38 20 18 28 44 33 37 47 16 34 21 13 41 12 48 22 32 25 36 46 1 10 4 27 11 43 2 30 5 49 40 26 14 24 15 35 42 17 3 23 4732.41 4732.41
0 8 9 39 31 45 19 7 29 6 38 20 18 28 44 33 37 47 16 34 21 13 41 12 48 22 32 25 36 46 1 10 4 27 11 43 2 30 5 49 40 26 14 24 15 35 42 17 3 23 4732.41 4732.85
0 8 9 39 31 45 19 7 29 6 38 20 18 28 44 33 37 47 16 34 21 13 41 12 48 22 32 25 36 46 1 10 4 27 11 43 2 30 5 49 40 26 14 24 15 35 42 17 3 23 4732.41 4756.3
0 8 9 39 31 45 19 7 29 6 38 20 18 28 44 33 37 47 16 34 21 13 41 12 48 22 32 25 36 46 1 10 4 27 11 43 2 30 5 49 40 26 14 24 15 35 42 17 3 23 4732.41 4733.29
0 8 9 39 31 45 19 7 29 6 38 20 18 28 44 33 37 47 16 34 21 13 41 12 48 22 32 25 36 46 1 10 4 27 11 43 2 30 5 49 40 26 14 24 15 35 42 17 3 23 4732.41 4757.98
0 8 9 39 31 45 19 7 29 6 38 20 18 28 44 33 37 47 16 34 21 13 41 12 48 22 32 25 36 46 1 10 4 27 11 43 2 30 5 49 40 26 14 24 15 35 42 17 3 23 4732.41 4738.55
0 8 9 39 31 45 19 7 29 6 38 20 18 28 44 33 37 47 16 34 21 13 41 12 48 22 32 25 36 46 1 10 4 27 11 43 2 30 5 49 40 26 14 24 15 35 42 17 3 23 4732.41 4734.11
0 8 9 39 31 45 19 7 29 6 38 20 18 28 44 33 37 47 16 34 21 13 41 12 48 22 32 25 36 46 1 10 4 27 11 43 2 30 5 49 40 26 14 24 15 35 42 17 3 23 4732.41 4732.41
0 8 9 39 31 45 19 7 29 6 38 20 18 28 44 33 37 47 16 34 21 13 41 12 48 22 32 25 36 46 1 10 4 27 11 43 2 30 5 49 40 26 14 24 15 35 42 17 3 23 4732.41 4737.56
0 8 9 39 31 45 19 7 29 6 38 20 18 28 44 33 37 47 16 34 21 13 41 12 48 22 32 25 36 46 1 10 4 27 11 43 2 30 5 49 40 26 14 24 15 35 42 17 3 23 4732.41 4743.27
0 8 9 39 31 45 19 7 29 6 38 20 18 28 44 33 37 47 16 34 21 13 41 12 48 22 32 25 36 46 1 10 4 27 11 43 2 30 5 49 40 26 14 24 15 35 42 17 3 23 4732.41 4783.26
0 8 9 39 31 45 19 7 29 6 38 20 18 28 44 33 37 47 16 34 21 13 41 12 48 22 32 25 36 46 1 10 4 27 11 43 2 30 5 49 40 26 14 24 15 35 42 17 3 23 4732.41 4739.66
0 8 9 39 31 45 19 7 29 6 38 20 18 28 44 33 37 47 16 34 21 13 41 12 48 22 32 25 36 46 1 10 4 27 11 43 2 30 5 49 40 26 14 24 15 35 42 17 3 23 4732.41 4732.41
0 8 9 39 31 45 19 7 29 6 38 20 18 28 44 33 37 47 16 34 21 13 41 12 48 22 32 25 36 46 1 10 4 27 11 43 2 30 5 49 40 26 14 24 15 35 42 17 3 23 4732.41 4732.41
0 8 9 39 31 45 19 7 29 6 38 20 18 28 44 33 37 47 16 34 21 13 41 12 48 22 32 25 36 46 1 10 4 27 11 43 2 30 5 49 40 26 14 24 15 35 42 17 3 23 4732.41 4732.41
0 8 9 39 31 45 19 7 29 6 38 20 18 28 44 33 37 47 16 34 21 13 41 12 48 22 32 25 36 46 1 10 4 27 11 43 2 30 5 49 40 26 14 24 15 35 42 17 3 23 4732.41 4748.61
0 8 9 39 31 45 19 7 29 6 38 20 18 28 44 33 37 47 16 34 21 13 41 12 48 22 32 25 36 46 1 10 4 27 11 43 2 30 5 49 40 26 14 24 15 35 42 17 3 23 4732.41 4732.41
0 8 9 39 31 45 19 7 29 6 38 20 18 28 44 33 37 47 16 34 21 13 41 12 48 22 32 25 36 46 1 10 4 27 11 43 2 30 5 49 40 26 14 24 15 35 42 17 3 23 4732.41 4736.4
0 8 9 39 31 45 19 7 29 6 38 20 18 28 44 33 37 47 16 34 21 13 41 12 48 22 32 25 36 46 1 10 4 27 11 43 2 30 5 49 40 26 14 24 15 35 42 17 3 23 4732.41 4737.23
0 8 9 39 31 45 19 7 29 6 38 20 18 28 44 33 37 47 16 34 21 13 41 12 48 22 32 25 36 46 1 10 4 27 11 43 2 30 5 49 40 26 14 24 15 35 42 17 3 23 4732.41 4736.77
0 8 9 39 31 45 19 7 29 6 38 20 18 28 44 33 37 47 16 34 21 13 41 12 48 22 32 25 36 46 1 10 4 27 11 43 2 30 5 49 40 26 14 24 15 35 42 17 3 23 4732.41 4781
0 8 9 39 31 45 19 7 29 6 38 20 18 28 44 33 37 47 16 34 21 13 41 12 48 22 32 25 36 46 1 10 4 27 11 43 2 30 5 49 40 26 14 24 15 35 42 17 3 23 4732.41 4767.06
0 8 9 39 31 45 19 7 29 6 38 20 18 28 44 33 37 47 16 34 21 13 41 12 48 22 32 25 36 46 1 10 4 27 11 43 2 30 5 49 40 26 14 24 15 35 42 17 3 23 4732.41 4739.9
0 8 9 39 31 45 19 7 29 6 38 20 18 28 44 33 37 47 16 34 21 13 41 12 48 22 32 25 36 46 1 10 4 27 11 43 2 30 5 49 40 26 14 24 15 35 42 17 3 23 4732.41 4752.84
0 8 9 39 31 45 19 7 29 6 38 20 18 28 44 33 37 47 16 34 21 13 41 12 48 22 32 25 36 46 1 10 4 27 11 43 2 30 5 49 40 26 14 24 15 35 42 17 3 23 4732.41 4732.41
0 8 9 39 31 45 19 7 29 6 38 20 18 28 44 33 37 47 16 34 21 13 41 12 48 22 32 25 36 46 1 10 4 27 11 43 2 30 5 49 40 26 14 24 15 35 42 17 3 23 4732.41 4732.41
0 8 9 39 31 45 19 7 29 6 38 20 18 28 44 33 37 47 16 34 21 13 41 12 48 22 32 25 36 46 1 10 4 27 11 43 2 30 5 49 40 26 14 24 15 35 42 17 3 23 4732.41 4732.41
0 8 9 39 31 45 19 7 29 6 38 20 18 28 44 33 37 47 16 34 21 13 41 12 48 22 32 25 36 46 1 10 4 27 11 43 2 30 5 49 40 26 14 24 15 35 42 17 3 23 4732.41 4738.77
0 8 9 39 31 45 19 7 29 6 38 20 18 28 44 33 37 47 16 34 21 13 41 12 48 22 32 25 36 46 1 10 4 27 11 43 2 30 5 49 40 26 14 24 15 35 42 17 3 23 4732.41 4736.41
0 8 9 39 31 45 19 7 29 6 38 20 18 28 44 33 37 47 16 34 21 13 41 12 48 22 32 25 36 46 1 10 4 27 11 43 2 30 5 49 40 26 14 24 15 35 42 17 3 23 4732.41 4738.91
0 8 9 39 31 45 19 7 29 6 38 20 18 28 44 33 37 47 16 34 21 13 41 12 48 22 32 25 36 46 1 10 4 27 11 43 2 30 5 49 40 26 14 24 15 35 42 17 3 23 4732.41 4767.43
0 8 9 39 31 45 19 7 29 6 38 20 18 28 44 33 37 47 16 34 21 13 41 12 48 22 32 25 36 46 1 10 4 27 11 43 2 30 5 49 40 26 14 24 15 35 42 17 3 23 4732.41 4740.91
0 8 9 39 31 45 19 7 29 6 38 20 18 28 44 33 37 47 16 34 21 13 41 12 48 22 32 25 36 46 1 10 4 27 11 43 2 30 5 49 40 26 14 24 15 35 42 17 3 23 4732.41 4758.71
0 8 9 39 31 45 19 7 29 6 38 20 18 28 44 33 37 47 16 34 21 13 41 12 48 22 32 25 36 46 1 10 4 27 11 43 2 30 5 49 40 26 14 24 15 35 42 17 3 23 4732.41 4765.55
0 8 9 39 31 45 19 7 29 6 38 20 18 28 44 33 37 47 16 34 21 13 41 12 48 22 32 25 36 46 1 10 4 27 11 43 2 30 5 49 40 26 14 24 15 35 42 17 3 23 4732.41 4732.41
0 8 9 39 31 45 19 7 29 6 38 20 18 28 44 33 37 47 16 34 21 13 41 12 48 22 32 25 36 46 1 10 4 27 11 43 2 30 5 49 40 26 14 24 15 35 42 17 3 23 4732.41 4733.81
0 8 9 39 31 45 19 7 29 6 38 20 18 28 44 33 37 47 16 34 21 13 41 12 48 22 32 25 36 46 1 10 4 27 11 43 2 30 5 49 40 26 14 24 15 35 42 17 3 23 4732.41 4732.41
0 8 9 39 31 45 19 7 29 6 38 20 18 28 44 33 37 47 16 34 21 13 41 12 48 22 32 25 36 46 1 10 4 27 11 43 2 30 5 49 40 26 14 24 15 35 42 17 3 23 4732.41 4732.41
0 8 9 39 31 45 19 7 29 6 38 20 18 28 44 33 37 47 16 34 21 13 41 12 48 22 32 25 36 46 1 10 4 27 11 43 2 30 5 49 40 26 14 24 15 35 42 17 3 23 4732.41 4734.91
0 8 9 39 31 45 19 7 29 6 38 20 18 28 44 33 37 47 16 34 21 13 41 12 48 22 32 25 36 46 1 10 4 27 11 43 2 30 5 49 40 26 14 24 15 35 42 17 3 23 4732.41 4732.41
0 8 9 39 31 45 19 7 29 6 38 20 18 28 44 33 37 47 16 34 21 13 41 12 48 22 32 25 36 46 1 10 4 27 11 43 2 30 5 49 40 26 14 24 15 35 42 17 3 23 4732.41 4772.21
0 8 9 39 31 45 19 7 29 6 38 20 18 28 44 33 37 47 16 34 21 13 41 12 48 22 32 25 36 46 1 10 4 27 11 43 2 30 5 49 40 26 14 24 15 35 42 17 3 23 4732.41 4734.23
0 8 9 39 31 45 19 7 29 6 38 20 18 28 44 33 37 47 16 34 21 13 41 12 48 22 32 25 36 46 1 10 4 27 11 43 2 30 5 49 40 26 14 24 15 35 42 17 3 23 4732.41 4732.81
0 8 9 39 31 45 19 7 29 6 38 20 18 28 44 33 37 47 16 34 21 13 41 12 48 22 32 25 36 46 1 10 4 27 11 43 2 30 5 49 40 26 14 24 15 35 42 17 3 23 4732.41 4733.44
0 8 9 39 31 45 19 7 29 6 38 20 18 28 44 33 37 47 16 34 21 13 41 12 48 22 32 25 36 46 1 10 4 27 11 43 2 30 5 49 40 26 14 24 15 35 42 17 3 23 4732.41 4732.41
0 8 9 39 31 45 19 7 29 6 38 20 18 28 44 33 37 47 16 34 21 13 41 12 48 22 32 25 36 46 1 10 4 27 11 43 2 30 5 49 40 26 14 24 15 35 42 17 3 23 4732.41 4732.41
0 8 9 39 31 45 19 7 29 6 38 20 18 28 44 33 37 47 16 34 21 13 41 12 48 22 32 25 36 46 1 10 4 27 11 43 2 30 5 49 40 26 14 24 15 35 42 17 3 23 4732.41 4732.41
0 8 9 39 31 45 19 7 29 6 38 20 18 28 44 33 37 47 16 34 21 13 41 12 48 22 32 25 36 46 1 10 4 27 11 43 2 30 5 49 40 26 14 24 15 35 42 17 3 23 4732.41 4737.9
0 8 9 39 31 45 19 7 29 6 38 20 18 28 44 33 37 47 16 34 21 13 41 12 48 22 32 25 36 46 1 10 4 27 11 43 2 30 5 49 40 26 14 24 15 35 42 17 3 23 4732.41 4732.41
0 8 9 39 31 45 19 7 29 6 38 20 18 28 44 33 37 47 16 34 21 13 41 12 48 22 32 25 36 46 1 10 4 27 11 43 2 30 5 49 40 26 14 24 15 35 42 17 3 23 4732.41 4732.41
0 8 9 39 31 45 19 7 29 6 38 20 18 28 44 33 37 47 16 34 21 13 41 12 48 22 32 25 36 46 1 10 4 27 11 43 2 30 5 49 40 26 14 24 15 35 42 17 3 23 4732.41 4732.41
0 8 9 39 31 45 19 7 29 6 38 20 18 28 44 33 37 47 16 34 21 13 41 12 48 22 32 25 36 46 1 10 4 27 11 43 2 30 5 49 40 26 14 24 15 35 42 17 3 23 4732.41 4732.41
0 8 9 39 31 45 19 7 29 6 38 20 18 28 44 33 37 47 16 34 21 13 41 12 48 22 32 25 36 46 1 10 4 27 11 43 2 30 5 49 40 26 14 24 15 35 42 17 3 23 4732.41 4732.41
0 8 9 39 31 45 19 7 29 6 38 20 18 28 44 33 37 47 16 34 21 13 41 12 48 22 32 25 36 46 1 10 4 27 11 43 2 30 5 49 40 26 14 24 15 35 42 17 3 23 4732.41 4732.41
0 8 9 39 31 45 19 7 29 6 38 20 18 28 44 33 37 47 16 34 21 13 41 12 48 22 32 25 36 46 1 10 4 27 11 43 2 30 5 49 40 26 14 24 15 35 42 17 3 23 4732.41 4732.41
