1 81.0704 81.0704 0
2 83.7043 82.3874 1.31694
3 84.9276 83.2341 1.13801
4 71.4761 80.2946 3.04765
5 80.3328 80.3023 2.36071
6 79.1016 80.1021 1.93787
7 76.2632 79.5537 1.72718
8 75.3645 79.0301 1.5848
9 75.6424 78.6537 1.44746
10 79.8188 78.7702 1.29988
11 75.1416 78.4403 1.22118
12 75.1508 78.1662 1.14799
13 78.7098 78.208 1.05682
14 72.1794 77.7774 1.069
15 78.5512 77.829 0.996519
16 84.0119 78.2154 1.00908
17 78.9194 78.2568 0.948774
18 74.8189 78.0658 0.914675
19 88.3632 78.6078 1.02093
20 79.2657 78.6407 0.969097
