1 0.418584 0.418584 0
2 -0.484856 -0.033136 0.45172
3 -0.408584 -0.158285 0.289274
4 0.33692 -0.034484 0.239095
5 -0.63226 -0.154039 0.220439
6 0.202108 -0.0946813 0.189523
7 0.195844 -0.0531777 0.165466
8 -0.173648 -0.0682365 0.144087
9 -0.33976 -0.0984058 0.130605
10 0.056264 -0.0829388 0.117836
11 -0.429136 -0.114411 0.111136
12 0.321912 -0.078051 0.107772
13 -0.416784 -0.104107 0.102503
14 -0.191648 -0.11036 0.0951048
15 -0.553744 -0.139919 0.0933417
16 0.090624 -0.12551 0.0884941
17 0.078232 -0.113525 0.0839852
18 0.282132 -0.0915444 0.0821764
19 -0.550604 -0.115705 0.0813995
20 0.249972 -0.0974216 0.0793573
