1 -0.976224 -0.976224 0
2 -0.979072 -0.977648 0.001424
3 -0.978584 -0.97796 0.000879357
4 -0.968352 -0.975558 0.00248118
5 -0.975928 -0.975632 0.00192334
6 -0.973664 -0.975304 0.00160428
7 -0.972016 -0.974834 0.00143493
8 -0.970984 -0.974353 0.00133263
9 -0.972376 -0.974133 0.00119562
10 -0.97396 -0.974116 0.00106953
11 -0.970752 -0.97381 0.00101462
12 -0.97068 -0.973549 0.000962244
13 -0.974536 -0.973625 0.000888384
14 -0.966408 -0.97311 0.000970689
15 -0.971912 -0.97303 0.000907183
16 -0.979944 -0.973462 0.000952285
17 -0.973424 -0.97346 0.000894519
18 -0.969208 -0.973224 0.000875815
19 -0.983736 -0.973777 0.000996211
20 -0.973296 -0.973753 0.000945394
