1 0.320348 0.320348 0
2 0.289236 0.304792 0.0155563
3 0.284975 0.298186 0.0111491
4 0.360065 0.313656 0.0173626
5 0.308428 0.31261 0.0134896
6 0.343331 0.31773 0.0121461
7 0.341555 0.321134 0.0108149
8 0.342974 0.323864 0.00975572
9 0.334167 0.325009 0.00867956
10 0.33504 0.326012 0.00782778
11 0.346543 0.327878 0.00732236
12 0.331236 0.328158 0.00669022
13 0.301805 0.326131 0.00647939
14 0.380652 0.330025 0.00715198
15 0.351013 0.331424 0.00680355
16 0.277055 0.328026 0.00721451
17 0.353079 0.3295 0.00693524
18 0.382915 0.332468 0.00718048
19 0.225752 0.326851 0.00881351
20 0.337379 0.327377 0.00837778
