1 36.3952 36.3952 0
2 28.9541 32.6746 3.72054
3 32.2594 32.5362 2.15251
4 33.4119 32.7551 1.53772
5 37.6066 33.7254 1.5363
6 31.531 33.3597 1.30661
7 26.431 32.3699 1.48296
8 36.8526 32.9302 1.4012
9 30.5187 32.6623 1.26446
10 31.5103 32.5471 1.13682
11 35.1399 32.7828 1.05496
12 34.3114 32.9102 0.97143
13 36.3244 33.1728 0.931381
14 30.9555 33.0144 0.876716
15 33.2777 33.032 0.816367
16 33.809 33.0805 0.765184
17 31.0519 32.9612 0.728603
18 31.7152 32.892 0.690412
19 34.2447 32.9632 0.656934
20 36.2356 33.1268 0.644342
