1 -0.920392 -0.920392 0
2 -0.90684 -0.913616 0.006776
3 -0.915984 -0.914405 0.00399096
4 -0.914576 -0.914448 0.00282236
5 -0.92052 -0.915662 0.00250084
6 -0.9142 -0.915419 0.00205642
7 -0.904488 -0.913857 0.00233645
8 -0.919008 -0.914501 0.00212339
9 -0.907752 -0.913751 0.00201722
10 -0.911304 -0.913506 0.00182077
11 -0.919144 -0.914019 0.00172485
12 -0.917072 -0.914273 0.00159499
13 -0.917736 -0.91454 0.00149116
14 -0.910848 -0.914276 0.0014055
15 -0.91152 -0.914092 0.00132129
16 -0.914976 -0.914147 0.00123719
17 -0.912936 -0.914076 0.00116432
18 -0.910944 -0.913902 0.00111144
19 -0.914712 -0.913945 0.00105218
20 -0.917864 -0.914141 0.00101724
