1 -0.128456 -0.128456 0
2 0.140296 0.00592 0.134376
3 -0.004276 0.00252133 0.0776564
4 -0.028456 -0.005223 0.0554548
5 0.238648 0.0435512 0.0649928
6 -0.00786 0.0349827 0.0537537
7 0.01396 0.0319794 0.0455293
8 -0.017332 0.0258155 0.0399085
9 -0.066048 0.0156084 0.0366461
10 0.010364 0.015084 0.0327815
11 0.049444 0.0182076 0.029816
12 0.105896 0.025515 0.0281821
13 0.13824 0.0341862 0.0273355
14 0.043592 0.034858 0.0253166
15 0.019284 0.0338197 0.0235914
16 0.065368 0.0357915 0.0221556
17 0.027824 0.0353228 0.0208169
18 0.082556 0.0379469 0.019801
19 0.105204 0.0414867 0.0190614
20 -0.156964 0.0315642 0.0206267
