1 0.441165 0.441165 0
2 0.43932 0.440243 0.0009226
3 0.405116 0.428534 0.0117209
4 0.422327 0.426982 0.00843197
5 0.427821 0.42715 0.00653353
6 0.388275 0.420671 0.00839276
7 0.427704 0.421675 0.00716398
8 0.447959 0.424961 0.00702043
9 0.45721 0.428544 0.00715357
10 0.400424 0.425732 0.00698903
11 0.417466 0.424981 0.00636632
12 0.42646 0.425104 0.00581294
13 0.444515 0.426597 0.0055517
14 0.44089 0.427618 0.00524028
15 0.432295 0.42793 0.00488839
16 0.438878 0.428614 0.00462359
17 0.396196 0.426707 0.0047433
18 0.449277 0.427961 0.00464448
19 0.453628 0.429312 0.00459624
20 0.447157 0.430204 0.00445074
