1 0.01298 0.01298 0
2 0.042132 0.027556 0.014576
3 -0.021884 0.011076 0.0185043
4 0.008052 0.01032 0.0131064
5 0.061172 0.0204904 0.0143702
6 0.035284 0.022956 0.0119895
7 -0.05682 0.0115594 0.0152499
8 -0.048148 0.004096 0.0151698
9 -0.029588 0.000353333 0.0138921
10 0.011544 0.0014724 0.0124758
11 -0.010304 0.000401818 0.0113354
12 0.075052 0.00662267 0.0120738
13 0.060412 0.0107603 0.011852
14 -5.2e-05 0.009988 0.0109999
15 -0.022144 0.00784587 0.010462
16 -0.00932 0.006773 0.00984496
17 0.038648 0.008648 0.0094359
18 0.036796 0.0102118 0.00903264
19 -0.073088 0.00582758 0.00960321
20 -0.059008 0.0025858 0.00966998
