1 -0.852944 -0.852944 0
2 -0.84564 -0.849292 0.003652
3 -0.85028 -0.849621 0.00213405
4 -0.8538 -0.850666 0.00183532
5 -0.845648 -0.849662 0.00174019
6 -0.854136 -0.850408 0.00160461
7 -0.8494 -0.850264 0.00136376
8 -0.849592 -0.85018 0.00118404
9 -0.850816 -0.850251 0.00104661
10 -0.853544 -0.85058 0.000992359
11 -0.848856 -0.850423 0.000911202
12 -0.851504 -0.850513 0.000836671
13 -0.853696 -0.850758 0.000807626
14 -0.856816 -0.851191 0.000863894
15 -0.847096 -0.850918 0.00084931
16 -0.849168 -0.850809 0.000801949
17 -0.850672 -0.8508 0.000753343
18 -0.846464 -0.85056 0.000750005
19 -0.84272 -0.850147 0.000820696
20 -0.846704 -0.849975 0.000797385
