1 16.7836 16.7836 0
2 14.5023 15.6429 1.14063
3 15.4343 15.5734 0.662203
4 16.9213 15.9104 0.576899
5 14.1648 15.5613 0.567066
6 16.5949 15.7335 0.494021
7 15.9562 15.7653 0.418734
8 15.0678 15.6782 0.372969
9 15.3765 15.6446 0.330631
10 16.4222 15.7224 0.305777
11 16.5421 15.7969 0.286448
12 17.4887 15.9379 0.297073
13 17.4322 16.0528 0.296459
14 16.7028 16.0993 0.278366
15 14.307 15.9798 0.285364
16 13.7086 15.8378 0.30233
17 16.837 15.8966 0.290008
18 15.666 15.8838 0.273722
19 14.3447 15.8028 0.271292
20 15.68 15.7967 0.257443
