1 0.44181 0.44181 0
2 0.442865 0.442338 0.000527248
3 0.454294 0.446323 0.00399702
4 0.433572 0.443135 0.0042603
5 0.457008 0.44591 0.00431138
6 0.439939 0.444915 0.0036582
7 0.447247 0.445248 0.00310964
8 0.423162 0.442487 0.00385668
9 0.42816 0.440895 0.00375534
10 0.447119 0.441518 0.00341605
11 0.448623 0.442163 0.00315673
12 0.467061 0.444238 0.00355089
13 0.450145 0.444693 0.00329779
14 0.407708 0.442051 0.00403741
15 0.440116 0.441922 0.00376084
16 0.415833 0.440291 0.00387744
17 0.453502 0.441068 0.0037242
18 0.453936 0.441783 0.00358324
19 0.464822 0.442996 0.00359978
20 0.463289 0.444011 0.00356259
