1 -0.037048 -0.037048 0
2 0.033932 -0.001558 0.03549
3 -0.024076 -0.009064 0.0218217
4 0.026692 -0.000125 0.0178325
5 0.018316 0.0035632 0.0142969
6 0.0369 0.00911933 0.0129282
7 -0.015932 0.00554057 0.0114975
8 0.024816 0.00795 0.0102445
9 0.018604 0.00913378 0.00911202
10 0.008768 0.0090972 0.00815012
11 -0.05164 0.00357564 0.00921059
12 0.006856 0.003849 0.00841252
13 -0.01002 0.00278215 0.00781159
14 0.062788 0.00706829 0.00840681
15 -0.000748 0.0065472 0.00784365
16 0.053188 0.00946225 0.00789493
17 0.02276 0.0102445 0.00745714
18 0.013144 0.0104056 0.0070325
19 0.00516 0.0101295 0.00665781
20 -0.008032 0.0092214 0.00638109
