1 -0.782968 -0.782968 0
2 -0.78336 -0.783164 0.000196
3 -0.781864 -0.782731 0.000447865
4 -0.782576 -0.782692 0.00031904
5 -0.788824 -0.783918 0.00125105
6 -0.779896 -0.783248 0.00122182
7 -0.782584 -0.783153 0.00103698
8 -0.781408 -0.782935 0.000924164
9 -0.780776 -0.782695 0.000849606
10 -0.78316 -0.782742 0.000761331
11 -0.784624 -0.782913 0.000709594
12 -0.782928 -0.782914 0.000647769
13 -0.787016 -0.78323 0.000674251
14 -0.78372 -0.783265 0.000625217
15 -0.781528 -0.783149 0.000593448
16 -0.781328 -0.783035 0.000566664
17 -0.77868 -0.782779 0.000590726
18 -0.785144 -0.78291 0.000572232
19 -0.783072 -0.782919 0.000541344
20 -0.784896 -0.783018 0.000522994
