1 0.430191 0.430191 0
2 0.424469 0.42733 0.00286096
3 0.418892 0.424518 0.00326181
4 0.405119 0.419668 0.00537009
5 0.446292 0.424993 0.00675699
6 0.425715 0.425113 0.00551837
7 0.426622 0.425329 0.00466885
8 0.441011 0.427289 0.00449351
9 0.436213 0.428281 0.00408506
10 0.431473 0.4286 0.00366771
11 0.457488 0.431226 0.00423121
12 0.433874 0.431447 0.00386885
13 0.440043 0.432108 0.00361974
14 0.43399 0.432242 0.00335392
15 0.438563 0.432664 0.00315064
16 0.407162 0.43107 0.00335053
17 0.426186 0.430783 0.00316036
18 0.424958 0.430459 0.00299713
19 0.443151 0.431127 0.00291265
20 0.431142 0.431128 0.00276318
