1 8.63545 8.63545 0
2 8.66561 8.65053 0.0150779
3 8.54524 8.61543 0.036161
4 8.20944 8.51393 0.104669
5 10.0516 8.82146 0.318034
6 8.42184 8.75486 0.268079
7 7.99971 8.64698 0.25094
8 8.85002 8.67236 0.218797
9 8.42712 8.64511 0.194876
10 8.71219 8.65182 0.174431
11 9.4175 8.72142 0.172451
12 8.71672 8.72103 0.157426
13 9.20954 8.75861 0.149607
14 9.08831 8.78216 0.140497
15 8.56381 8.7676 0.131603
16 8.23149 8.7341 0.127582
17 8.22132 8.70393 0.12358
18 8.6002 8.69817 0.116655
19 8.59667 8.69283 0.110474
20 8.43582 8.67998 0.105589
