1 -0.723496 -0.723496 0
2 -0.721656 -0.722576 0.00092
3 -0.724176 -0.723109 0.000752714
4 -0.72292 -0.723062 0.000534349
5 -0.719288 -0.722307 0.000860837
6 -0.717912 -0.721575 0.0010152
7 -0.717928 -0.721054 0.00100377
8 -0.720456 -0.720979 0.000872497
9 -0.71928 -0.72079 0.000792288
10 -0.722128 -0.720924 0.000721161
11 -0.722696 -0.721085 0.000671911
12 -0.719872 -0.720984 0.000621643
13 -0.717152 -0.720689 0.000643332
14 -0.719656 -0.720615 0.000600165
15 -0.726608 -0.721015 0.000686859
16 -0.721328 -0.721034 0.000642796
17 -0.71776 -0.720842 0.000633781
18 -0.718144 -0.720692 0.000616045
19 -0.721144 -0.720716 0.000583206
20 -0.719192 -0.72064 0.000558499
