1 -0.011808 -0.011808 0
2 0.00676 -0.002524 0.009284
3 -0.013224 -0.00609067 0.00643832
4 -0.018592 -0.009216 0.00552211
5 -0.012236 -0.00982 0.00431984
6 -0.019272 -0.0113953 0.00386295
7 -0.006732 -0.0107291 0.00333206
8 0.014668 -0.0075545 0.00429014
9 -0.016036 -0.00849689 0.00389915
10 -0.002528 -0.0079 0.00353822
11 -0.016792 -0.00870836 0.00330095
12 0.001988 -0.007817 0.00314241
13 0.0057 -0.00677723 0.00307191
14 6e-05 -0.00628886 0.00288567
15 0.018604 -0.00462933 0.00315766
16 0.000876 -0.00428525 0.00297369
17 0.004924 -0.00374353 0.00284534
18 0.025876 -0.002098 0.00314709
19 0.009952 -0.00146379 0.00304366
20 -0.006296 -0.0017054 0.00289756
