1 5.77718 5.77718 0
2 5.7282 5.75269 0.0244873
3 5.97601 5.82713 0.0757718
4 5.59002 5.76785 0.0799032
5 5.7358 5.76144 0.0622238
6 5.50164 5.71814 0.066754
7 5.33551 5.66348 0.0785546
8 5.31807 5.62031 0.0805748
9 5.75404 5.63517 0.0725974
10 5.67245 5.63889 0.06504
11 5.80704 5.65418 0.0607844
12 5.38137 5.63145 0.0599648
13 5.95468 5.65631 0.0605047
14 5.66433 5.65688 0.0560194
15 5.9532 5.67664 0.0557672
16 5.25337 5.65018 0.0584897
17 5.1396 5.62015 0.062615
18 5.32436 5.60372 0.0612785
19 5.57453 5.60218 0.057984
20 5.37821 5.59098 0.0561368
