1 0.395554 0.395554 0
2 0.389282 0.392418 0.00313637
3 0.386559 0.390465 0.00266339
4 0.395548 0.391736 0.00227199
5 0.395298 0.392448 0.00189862
6 0.388104 0.391724 0.00171096
7 0.395882 0.392318 0.00156326
8 0.400441 0.393334 0.00169227
9 0.393023 0.393299 0.00149284
10 0.402748 0.394244 0.00163577
11 0.404063 0.395137 0.00172803
12 0.391722 0.394852 0.00160293
13 0.404928 0.395627 0.00166577
14 0.386798 0.394997 0.00166616
15 0.386533 0.394432 0.00165055
16 0.396145 0.394539 0.00154765
17 0.380778 0.39373 0.00166395
18 0.394066 0.393749 0.0015689
19 0.405156 0.394349 0.00160088
20 0.398995 0.394581 0.00153639
