1 0.36189 0.36189 0
2 0.356655 0.359273 0.00261748
3 0.353165 0.357237 0.00253553
4 0.353092 0.356201 0.0020708
5 0.358019 0.356564 0.00164477
6 0.357022 0.356641 0.00134511
7 0.368782 0.358375 0.00207379
8 0.356575 0.35815 0.00181
9 0.352862 0.357562 0.00170096
10 0.356774 0.357484 0.00152343
11 0.364789 0.358148 0.00152969
12 0.367694 0.358943 0.00160712
13 0.355481 0.358677 0.00150213
14 0.353063 0.358276 0.00144736
15 0.366593 0.35883 0.00145703
16 0.361544 0.359 0.00137344
17 0.34872 0.358395 0.00142482
18 0.353605 0.358129 0.00136944
19 0.356042 0.358019 0.00130001
20 0.356721 0.357954 0.001235
