1 4.04658 4.04658 0
2 3.98878 4.01768 0.0288992
3 4.12684 4.05407 0.0400283
4 3.76714 3.98233 0.0771145
5 4.16822 4.01951 0.0703577
6 4.02459 4.02036 0.0574531
7 3.91304 4.00503 0.0509196
8 3.86532 3.98756 0.0474297
9 4.01251 3.99033 0.0419208
10 4.17513 4.00881 0.0418016
11 3.9753 4.00577 0.0379335
12 3.94335 4.00057 0.0350168
13 3.87151 3.99064 0.033706
14 3.9322 3.98646 0.0314836
15 3.83824 3.97658 0.0309306
16 4.0994 3.98426 0.0299339
17 3.90591 3.97965 0.0284931
18 3.82945 3.97131 0.0281298
19 3.97898 3.97171 0.0266112
20 3.921 3.96917 0.0253726
