1 -0.008968 -0.008968 0
2 0.02002 0.005526 0.014494
3 0.02788 0.0129773 0.0112048
4 0.014164 0.013274 0.00792855
5 -0.00094 0.0104312 0.00676747
6 0.000632 0.008798 0.00576192
7 0.002448 0.00789086 0.00495349
8 -0.01212 0.0053895 0.00496584
9 -0.0058 0.00414622 0.00455252
10 0.01396 0.0051276 0.00418849
11 -0.00586 0.00412873 0.00391809
12 0.001404 0.00390167 0.00358391
13 -0.015556 0.00240492 0.00362058
14 0.015128 0.00331371 0.00347302
15 0.009364 0.00371707 0.00325827
16 0.006004 0.00386 0.00305118
17 0.023844 0.00503553 0.00309779
18 0.010764 0.00535378 0.00293791
19 0.00488 0.00532884 0.0027791
20 -0.021688 0.003978 0.0029624
