1 -0.663208 -0.663208 0
2 -0.662616 -0.662912 0.000296
3 -0.666456 -0.664093 0.00119363
4 -0.665008 -0.664322 0.000874451
5 -0.662664 -0.66399 0.00075416
6 -0.66616 -0.664352 0.000714091
7 -0.667024 -0.664734 0.0007141
8 -0.662784 -0.66449 0.000664719
9 -0.665928 -0.66465 0.000607611
10 -0.664072 -0.664592 0.000546526
11 -0.664528 -0.664586 0.000494386
12 -0.662144 -0.664383 0.000495075
13 -0.664768 -0.664412 0.000456367
14 -0.664008 -0.664383 0.000423499
15 -0.663296 -0.664311 0.000400866
16 -0.661264 -0.664121 0.000420561
17 -0.666128 -0.664239 0.00041232
18 -0.663544 -0.6642 0.00039065
19 -0.663312 -0.664153 0.000372462
20 -0.662112 -0.664051 0.000367793
