1 -0.006752 -0.006752 0
2 0.004468 -0.001142 0.00561
3 -9.2e-05 -0.000792 0.00325779
4 -0.000516 -0.000723 0.00230464
5 -0.005168 -0.001612 0.00199428
6 -0.002984 -0.00184067 0.0016443
7 0.011316 3.88571e-05 0.00233748
8 -0.011564 -0.0014115 0.00249026
9 -0.00204 -0.00148133 0.00219732
10 0.001156 -0.0012176 0.00198296
11 -0.002948 -0.00137491 0.00180054
12 -0.005564 -0.001724 0.00168032
13 0.008184 -0.000961846 0.00172336
14 0.014272 0.000126286 0.00193125
15 -0.004104 -0.000155733 0.00181988
16 0.000124 -0.00013825 0.00170243
17 0.003764 9.12941e-05 0.00161555
18 0.003348 0.000272222 0.00153386
19 0.007036 0.000628211 0.00149392
20 0.014308 0.0013122 0.00157368
