1 -0.609696 -0.609696 0
2 -0.610816 -0.610256 0.00056
3 -0.614672 -0.611728 0.00150709
4 -0.613944 -0.612282 0.00120107
5 -0.616296 -0.613085 0.00122883
6 -0.614328 -0.613292 0.00102451
7 -0.616336 -0.613727 0.000968932
8 -0.611568 -0.613457 0.000881445
9 -0.616648 -0.613812 0.0008544
10 -0.61416 -0.613846 0.000764993
11 -0.613808 -0.613843 0.000691971
12 -0.612208 -0.613707 0.000646206
13 -0.613456 -0.613687 0.000594736
14 -0.61068 -0.613473 0.000591037
15 -0.612784 -0.613427 0.000552137
16 -0.614416 -0.613488 0.000520165
17 -0.61388 -0.613512 0.000489153
18 -0.613232 -0.613496 0.000461439
19 -0.611344 -0.613383 0.000450934
20 -0.620272 -0.613727 0.000549238
