1 3.03937 3.03937 0
2 2.89822 2.9688 0.0705743
3 3.00326 2.98029 0.0423347
4 2.93409 2.96874 0.0320861
5 2.98371 2.97173 0.0250337
6 2.99845 2.97618 0.0209192
7 3.00991 2.981 0.0183249
8 2.92139 2.97355 0.0175322
9 3.13885 2.99192 0.024008
10 3.05167 2.99789 0.0222894
11 3.04011 3.00173 0.0205236
12 3.31519 3.02785 0.0321461
13 2.74322 3.00596 0.0367935
14 2.82451 2.993 0.0364464
15 2.97333 2.99169 0.0339551
16 3.06199 2.99608 0.0320646
17 2.86361 2.98829 0.0311112
18 2.84538 2.98035 0.0303874
19 2.83374 2.97263 0.0297613
20 3.20522 2.98426 0.0305352
