1 0.324949 0.324949 0
2 0.325016 0.324982 3.3502e-05
3 0.315749 0.321905 0.00307768
4 0.322403 0.322029 0.00217982
5 0.311903 0.320004 0.00263676
6 0.319481 0.319917 0.00215467
7 0.318711 0.319745 0.00182916
8 0.318219 0.319554 0.00159554
9 0.322775 0.319912 0.00145193
10 0.324648 0.320385 0.00138233
11 0.312524 0.319671 0.00144019
12 0.316263 0.319387 0.00134502
13 0.315642 0.319099 0.00127033
14 0.32256 0.319346 0.0012018
15 0.321741 0.319506 0.00113015
16 0.314209 0.319175 0.00110778
17 0.314351 0.318891 0.00107858
18 0.331207 0.319575 0.00122566
19 0.318448 0.319516 0.00116088
20 0.325614 0.319821 0.00114274
