1 0.004576 0.004576 0
2 -0.012476 -0.00395 0.008526
3 -0.001492 -0.00313067 0.00499021
4 0.004964 -0.001107 0.00406772
5 -0.007984 -0.0024824 0.00343795
6 0.005212 -0.0012 0.00308614
7 -0.005736 -0.001848 0.00268755
8 -0.005432 -0.002296 0.00237021
9 -0.00232 -0.00229867 0.00209033
10 0.000668 -0.002002 0.00189304
11 0.000904 -0.00173782 0.00173258
12 -0.002052 -0.001764 0.00158184
13 0.0013 -0.00152831 0.00147404
14 -0.008476 -0.00202457 0.00145213
15 0.019736 -0.000573867 0.00198294
16 0.012552 0.0002465 0.00202819
17 0.006224 0.000598118 0.00193733
18 -0.012124 -0.000108667 0.00195851
19 0.001724 -1.22105e-05 0.00185507
20 -0.001204 -7.18e-05 0.00176089
