1 -0.568736 -0.568736 0
2 -0.57192 -0.570328 0.001592
3 -0.566776 -0.569144 0.00149889
4 -0.566624 -0.568514 0.00123298
5 -0.566416 -0.568094 0.00104317
6 -0.564912 -0.567564 0.00100339
7 -0.569984 -0.56791 0.000915783
8 -0.568416 -0.567973 0.000795612
9 -0.567808 -0.567955 0.000701903
10 -0.567072 -0.567866 0.000633976
11 -0.565816 -0.56768 0.000602987
12 -0.567912 -0.567699 0.000550789
13 -0.568552 -0.567765 0.00051088
14 -0.570544 -0.567963 0.000512949
15 -0.571336 -0.568188 0.000527813
16 -0.5696 -0.568276 0.000501546
17 -0.56736 -0.568223 0.000474195
18 -0.568064 -0.568214 0.000447163
19 -0.567376 -0.56817 0.000425265
20 -0.56776 -0.568149 0.000403962
