1 2.42213 2.42213 0
2 2.4753 2.44871 0.0265832
3 2.41003 2.43582 0.0200462
4 2.36422 2.41792 0.0228333
5 2.37308 2.40895 0.0198303
6 2.25375 2.38308 0.0305157
7 2.23932 2.36255 0.0329691
8 2.36724 2.36313 0.0285581
9 2.3517 2.36186 0.0252179
10 2.32688 2.35836 0.0228252
11 2.23207 2.34688 0.0236237
12 2.30171 2.34312 0.0218914
13 2.31192 2.34072 0.0202797
14 2.44452 2.34813 0.0201862
15 2.48146 2.35702 0.0207882
16 2.55534 2.36942 0.0230602
17 2.34245 2.36783 0.0217193
18 2.39075 2.3691 0.0205166
19 2.30933 2.36596 0.0196601
20 2.40584 2.36795 0.0187575
