1 0.291866 0.291866 0
2 0.286741 0.289304 0.00256242
3 0.281364 0.286657 0.00303205
4 0.281459 0.285358 0.00250701
5 0.284606 0.285207 0.00194773
6 0.28861 0.285774 0.00168842
7 0.282429 0.285296 0.00150487
8 0.277142 0.284277 0.0016545
9 0.282649 0.284096 0.00147031
10 0.283569 0.284044 0.00131614
11 0.277353 0.283435 0.00133687
12 0.277846 0.28297 0.00130624
13 0.286178 0.283216 0.00122665
14 0.285067 0.283349 0.00114333
15 0.281749 0.283242 0.00106971
16 0.284957 0.283349 0.00100634
17 0.281885 0.283263 0.00094921
18 0.279741 0.283067 0.00091607
19 0.284437 0.283139 0.000869508
20 0.278482 0.282907 0.000857127
