1 -0.011944 -0.011944 0
2 0.0082 -0.001872 0.010072
3 -0.012308 -0.00535067 0.00677615
4 0.003656 -0.003099 0.00529416
5 -0.003784 -0.003236 0.00410312
6 -0.010128 -0.00438467 0.00354164
7 0.005056 -0.003036 0.00328304
8 0.00724 -0.0017515 0.00311988
9 0.006392 -0.000846667 0.00289644
10 -0.011524 -0.0019144 0.00280206
11 0.009376 -0.000888 0.0027345
12 0.004156 -0.000467667 0.00253139
13 -0.00078 -0.000491692 0.00232866
14 0.00194 -0.000318 0.00216291
15 -0.005604 -0.0006704 0.00204416
16 0.004428 -0.00035175 0.00193851
17 0.005904 1.62353e-05 0.00185772
18 0.007684 0.000442222 0.00180254
19 -0.004808 0.000165895 0.00172727
20 -0.007912 -0.000238 0.00168768
