1 1.89687 1.89687 0
2 1.86899 1.88293 0.0139388
3 1.9494 1.90508 0.0235731
4 1.84452 1.88994 0.0225192
5 1.92493 1.89694 0.0187946
6 1.88684 1.89526 0.0154378
7 1.94001 1.90165 0.0145294
8 1.9148 1.90329 0.0126897
9 1.93951 1.90732 0.0118927
10 1.85702 1.90229 0.0117664
11 1.88561 1.90077 0.0107505
12 1.91834 1.90224 0.00992244
13 1.81271 1.89535 0.0114338
14 1.95933 1.89992 0.01153
15 2.00341 1.90682 0.01276
16 1.8464 1.90304 0.0125191
17 1.96305 1.90657 0.012278
18 1.89566 1.90597 0.0115917
19 2.00489 1.91117 0.0121381
20 1.83544 1.90739 0.0121219
