1 -0.529416 -0.529416 0
2 -0.529296 -0.529356 6e-05
3 -0.528768 -0.52916 0.000199038
4 -0.529368 -0.529212 0.00015004
5 -0.527288 -0.528827 0.000401968
6 -0.531272 -0.529235 0.000523209
7 -0.531008 -0.529488 0.000509619
8 -0.527264 -0.52921 0.000521601
9 -0.531664 -0.529483 0.000534748
10 -0.525448 -0.529079 0.000625739
11 -0.531752 -0.529322 0.000615954
12 -0.529352 -0.529325 0.000562292
13 -0.529848 -0.529365 0.000518797
14 -0.531392 -0.52951 0.000501662
15 -0.532512 -0.52971 0.000508105
16 -0.526784 -0.529527 0.000509254
17 -0.531272 -0.52963 0.00048925
18 -0.528776 -0.529582 0.000463701
19 -0.5294 -0.529573 0.000438722
20 -0.527408 -0.529464 0.00043005
