1 0.251222 0.251222 0
2 0.250231 0.250726 0.000495455
3 0.254227 0.251893 0.00120145
4 0.252323 0.252001 0.000856305
5 0.248072 0.251215 0.00102824
6 0.252772 0.251474 0.000878751
7 0.248234 0.251012 0.00087511
8 0.2579 0.251873 0.00114704
9 0.252406 0.251932 0.00101333
10 0.252929 0.252031 0.000911814
11 0.244254 0.251324 0.00108634
12 0.248009 0.251048 0.00102945
13 0.250967 0.251042 0.000946974
14 0.239604 0.250225 0.0011984
15 0.248818 0.250131 0.00111958
16 0.252103 0.250254 0.0010545
17 0.251598 0.250333 0.000993682
18 0.257358 0.250724 0.00101489
19 0.252312 0.250807 0.00096362
20 0.24555 0.250544 0.00095121
