1 1.64816 1.64816 0
2 1.54196 1.59506 0.0531027
3 1.59925 1.59646 0.0306906
4 1.61489 1.60107 0.0221856
5 1.58295 1.59744 0.0175627
6 1.60359 1.59847 0.0143764
7 1.65416 1.60642 0.0145236
8 1.62496 1.60874 0.0127894
9 1.56947 1.60438 0.012094
10 1.6247 1.60641 0.0110065
11 1.65855 1.61115 0.0110266
12 1.60861 1.61094 0.0100681
13 1.57393 1.60809 0.00968901
14 1.59056 1.60684 0.00905726
15 1.63221 1.60853 0.00859979
16 1.5663 1.60589 0.0084662
17 1.57785 1.60424 0.00812191
18 1.59498 1.60373 0.00767468
19 1.65352 1.60635 0.00771804
20 1.57263 1.60466 0.00751358
