1 0.227762 0.227762 0
2 0.219906 0.223834 0.00392777
3 0.217659 0.221776 0.00306263
4 0.220523 0.221462 0.00218814
5 0.221453 0.221461 0.00169492
6 0.218356 0.220943 0.00147749
7 0.219616 0.220753 0.00126303
8 0.219045 0.22054 0.00111447
9 0.218396 0.220302 0.00101133
10 0.221757 0.220447 0.000916193
11 0.225622 0.220918 0.000952933
12 0.225126 0.221268 0.000937926
13 0.218207 0.221033 0.000894325
14 0.219826 0.220947 0.000832458
15 0.221289 0.220969 0.000775313
16 0.220585 0.220945 0.000725637
17 0.220198 0.220901 0.000683033
18 0.217739 0.220726 0.000667509
19 0.221079 0.220744 0.000631675
20 0.228298 0.221122 0.00070834
