1 -0.494624 -0.494624 0
2 -0.494888 -0.494756 0.000132
3 -0.49468 -0.494731 8.03105e-05
4 -0.493008 -0.4943 0.000434395
5 -0.494376 -0.494315 0.000336824
6 -0.494928 -0.494417 0.000293368
7 -0.490952 -0.493922 0.000553667
8 -0.491496 -0.493619 0.000567356
9 -0.493288 -0.493582 0.00050171
10 -0.495888 -0.493813 0.000504516
11 -0.494064 -0.493836 0.000456923
12 -0.492952 -0.493762 0.000423562
13 -0.492344 -0.493653 0.000404601
14 -0.494376 -0.493705 0.000378131
15 -0.492456 -0.493621 0.000361728
16 -0.490424 -0.493421 0.000392969
17 -0.491232 -0.493293 0.000390954
18 -0.494448 -0.493357 0.000374142
19 -0.49336 -0.493357 0.000353902
20 -0.492312 -0.493305 0.000339783
