1 0.00144 0.00144 0
2 0.001192 0.001316 0.000124
3 0.003272 0.001968 0.000655919
4 -0.004096 0.000452 0.00158536
5 -0.0003 0.0003016 0.00123719
6 0.004176 0.000947333 0.00119892
7 0.006396 0.00172571 0.00127773
8 0.006064 0.002268 0.00123228
9 0.003532 0.00240844 0.00109581
10 0.002116 0.0023792 0.000980556
11 -0.005624 0.00165164 0.00114718
12 -0.005524 0.00105367 0.00120592
13 -0.007204 0.000418462 0.00127828
14 -0.016604 -0.000797429 0.00169675
15 -0.00452 -0.0010456 0.00159897
16 0.000136 -0.00097175 0.00149752
17 -0.001996 -0.001032 0.00140796
18 -0.004252 -0.00121089 0.00133944
19 0.016616 -0.000272632 0.00157657
20 -0.009808 -0.0007494 0.00156982
