1 -0.464096 -0.464096 0
2 -0.461288 -0.462692 0.001404
3 -0.46388 -0.463088 0.000902157
4 -0.461088 -0.462588 0.000810521
5 -0.462336 -0.462538 0.000629846
6 -0.463104 -0.462632 0.00052286
7 -0.463928 -0.462817 0.000479115
8 -0.46208 -0.462725 0.000425034
9 -0.460976 -0.462531 0.000422225
10 -0.460336 -0.462311 0.000436789
11 -0.4578 -0.461901 0.000569461
12 -0.462808 -0.461977 0.000525309
13 -0.46448 -0.462169 0.00052017
14 -0.462536 -0.462195 0.000482296
15 -0.46224 -0.462198 0.000449003
16 -0.460352 -0.462083 0.000435569
17 -0.465472 -0.462282 0.000455129
18 -0.458704 -0.462084 0.000472913
19 -0.461472 -0.462051 0.000448487
20 -0.464056 -0.462152 0.000437119
