1 0.198006 0.198006 0
2 0.205447 0.201727 0.00372049
3 0.195104 0.199519 0.00308022
4 0.194809 0.198342 0.00247595
5 0.197204 0.198114 0.00193132
6 0.199088 0.198276 0.00158524
7 0.199395 0.198436 0.00134927
8 0.19869 0.198468 0.00116893
9 0.200724 0.198719 0.00106095
10 0.196495 0.198496 0.000974651
11 0.195344 0.19821 0.000927023
12 0.197441 0.198146 0.000848669
13 0.198253 0.198154 0.000780706
14 0.195724 0.19798 0.000743346
15 0.192281 0.1976 0.000789452
16 0.196662 0.197542 0.000740788
17 0.200514 0.197717 0.000717474
18 0.195163 0.197575 0.000691157
19 0.194189 0.197396 0.000677619
20 0.195878 0.197321 0.000647312
