1 1.40351 1.40351 0
2 1.38647 1.39499 0.008518
3 1.35516 1.38171 0.014157
4 1.39674 1.38547 0.0106924
5 1.397 1.38778 0.00859744
6 1.42548 1.39406 0.0094213
7 1.36576 1.39002 0.00893041
8 1.34382 1.38424 0.00965177
9 1.29171 1.37396 0.013348
10 1.30844 1.36741 0.0136185
11 1.33884 1.36481 0.0125893
12 1.34242 1.36295 0.0116428
13 1.36312 1.36296 0.0107099
14 1.37443 1.36378 0.00994921
15 1.35862 1.36344 0.0092686
16 1.25904 1.35691 0.010851
17 1.41945 1.36059 0.0108363
18 1.3303 1.35891 0.0103542
19 1.37644 1.35983 0.00983748
20 1.3557 1.35962 0.00933494
