1 -0.006052 -0.006052 0
2 -0.00332 -0.004686 0.001366
3 -0.002604 -0.003992 0.00105053
4 0.008016 -0.00099 0.00309254
5 -0.001436 -0.0010792 0.00239713
6 0.011312 0.000986 0.00284533
7 -0.001748 0.000595429 0.00243625
8 0.004136 0.001038 0.00215577
9 -0.00206 0.000693778 0.00193212
10 -5.2e-05 0.0006192 0.00172975
11 4e-06 0.000563273 0.00156562
12 -0.003656 0.000211667 0.00147182
13 0.003076 0.000432 0.00137169
14 -0.000736 0.000348571 0.00127268
15 0.001868 0.000449867 0.00118912
16 0.00414 0.0006805 0.00113598
17 -0.004916 0.000351294 0.00111669
18 0.01048 0.000914 0.00119377
19 -0.003568 0.000678105 0.00115357
20 0.006312 0.0009598 0.00113005
