0 18 15 22 24 37 39 43 36 35 33 44 38 40 21 14 17 34 6 25 16 9 20 13 32 23 48 26 2 19 28 7 45 47 29 31 41 12 5 8 3 46 30 49 27 1 10 11 42 4 20836.6 28726.7
0 2 5 39 33 36 25 12 6 18 38 20 15 16 37 22 49 17 40 43 35 48 26 19 28 7 45 47 29 41 3 46 30 27 1 10 11 44 21 34 9 13 42 4 8 24 23 32 14 31 19833.7 23517.2
0 18 15 22 24 37 39 43 36 35 33 23 48 26 2 19 28 7 45 47 29 31 41 12 5 8 44 38 34 9 20 13 32 3 46 30 49 27 1 10 11 4 40 25 16 42 21 6 14 17 17902.4 21182.9
0 42 13 9 34 21 44 11 2 5 39 33 36 25 12 6 18 38 20 15 16 37 22 49 17 40 43 4 10 1 27 30 46 3 41 29 47 45 7 28 19 26 48 35 8 24 23 32 14 31 16788.6 19758.9
0 42 13 9 34 21 44 11 36 25 2 5 39 33 12 6 18 38 20 15 16 37 22 49 17 40 43 35 48 26 19 28 7 45 47 29 41 3 24 23 8 46 30 27 1 10 4 32 14 31 14885.5 18628.7
0 42 13 9 34 21 44 11 36 25 2 5 39 33 47 29 41 3 24 23 8 46 30 27 1 10 4 32 14 12 6 18 38 20 15 16 37 22 49 17 40 43 35 48 26 19 28 7 45 31 14452.5 17037.6
0 42 13 9 34 21 44 11 36 25 2 5 39 33 47 29 41 24 23 8 3 46 30 27 1 10 4 32 14 12 6 18 38 20 15 16 37 22 49 17 40 43 35 48 26 19 28 7 45 31 13844.1 15864.8
0 42 36 25 2 5 39 47 33 29 41 3 24 23 8 13 9 34 21 44 11 46 30 27 1 10 4 32 14 12 6 18 38 20 15 16 37 22 49 17 40 43 35 48 26 19 28 7 45 31 13262.4 14689.6
0 42 13 9 34 21 44 32 14 12 6 18 38 20 15 16 37 22 49 17 40 46 30 27 1 10 4 11 36 25 2 5 39 33 47 29 41 24 23 8 3 43 35 48 26 19 28 7 45 31 12001.6 13986.9
0 42 13 9 34 21 37 22 44 3 8 23 24 41 29 47 33 39 5 2 25 36 11 46 30 27 1 10 4 32 14 12 6 18 38 20 15 16 49 26 19 28 7 45 31 17 40 43 35 48 11862.5 13246.8
0 42 36 25 2 5 39 47 33 29 41 3 24 22 44 15 49 17 40 43 4 10 1 46 30 27 11 32 14 12 6 18 38 20 35 48 26 16 37 23 8 13 9 34 21 19 28 7 45 31 11179.1 12586
0 42 36 25 2 5 39 47 33 29 41 3 24 22 44 15 49 17 40 43 4 10 1 46 30 27 11 32 14 12 6 18 38 20 16 37 23 8 35 48 26 13 9 34 21 19 28 7 45 31 10716.3 11865.6
0 42 2 25 36 5 39 47 33 29 41 3 24 22 44 15 49 17 40 43 4 10 1 46 30 27 11 32 14 12 6 18 38 20 16 37 23 8 35 48 26 13 9 34 21 19 28 7 45 31 10340.4 11440.3
0 42 2 25 36 5 39 47 33 29 41 3 24 22 44 15 49 17 40 43 4 10 1 46 30 27 11 32 35 8 23 37 16 20 38 18 6 12 14 48 26 13 9 34 21 19 28 7 45 31 10297.2 10857.5
0 42 2 25 36 5 39 47 33 29 37 16 20 38 18 6 12 14 32 11 27 30 46 1 10 4 43 40 17 49 15 44 22 24 3 41 23 8 35 48 26 13 9 34 21 19 28 7 45 31 9970.28 10566.5
0 42 2 36 25 5 39 47 33 29 37 16 20 38 18 6 12 14 32 11 27 30 46 1 10 4 43 40 17 49 15 44 22 24 3 41 23 8 35 48 26 13 9 34 21 19 28 7 45 31 9792.92 10373.6
0 42 2 27 11 32 35 8 23 37 16 20 38 18 6 29 41 3 24 22 44 33 47 39 5 36 25 30 46 1 10 4 43 40 17 49 15 12 14 48 26 13 9 34 21 19 28 7 45 31 9356.58 10114.2
0 42 2 27 11 32 35 8 23 37 16 20 38 18 6 29 41 3 24 22 44 33 47 39 5 36 25 30 46 1 10 4 43 40 15 49 17 14 12 48 26 13 9 34 21 19 28 7 45 31 9213.06 9929.28
0 42 2 27 11 32 35 8 23 37 16 20 38 18 6 29 41 3 24 22 44 33 47 13 40 43 4 10 1 46 30 25 36 5 17 49 15 12 14 48 26 39 9 34 21 19 28 7 45 31 9126.67 9754.12
0 42 2 27 11 32 35 8 29 41 3 24 22 16 23 38 18 6 37 20 44 33 47 13 40 43 4 10 1 46 30 25 36 5 17 49 15 12 14 48 26 39 9 34 21 19 28 7 45 31 9012.52 9351.14
0 42 2 27 4 10 1 46 30 25 36 11 32 35 8 23 37 16 20 38 18 6 29 41 3 24 22 44 33 47 13 40 43 5 17 49 15 12 14 48 26 39 9 34 21 19 28 7 45 31 8744.8 9266.77
0 42 2 27 4 10 1 46 11 32 35 8 37 16 20 38 18 6 29 41 3 24 22 44 33 47 13 40 43 30 25 36 5 17 49 15 23 12 14 48 26 39 9 34 21 19 28 7 45 31 8669.66 9054.85
0 42 2 27 4 10 1 46 11 32 35 8 29 41 3 24 22 16 23 37 38 18 6 20 44 33 47 13 40 43 30 25 36 5 17 49 15 12 14 48 26 39 9 34 21 19 28 7 45 31 8361.88 8911.74
0 42 2 27 4 10 1 46 11 32 35 8 29 41 3 24 22 16 37 38 18 6 20 44 33 47 13 40 43 30 25 36 5 17 49 15 23 12 14 48 26 39 9 34 21 19 28 7 45 31 8222.37 8709.41
0 42 2 27 4 10 1 46 11 32 35 8 29 41 3 24 22 16 37 38 18 6 20 44 33 47 13 40 43 30 25 36 5 17 49 15 23 12 14 48 26 39 9 34 21 19 28 7 45 31 8222.37 8587.61
0 42 2 27 4 10 1 46 11 32 35 8 29 47 33 44 20 6 18 38 37 16 22 24 3 41 13 40 43 30 25 36 5 17 49 15 23 12 14 48 26 39 9 34 21 19 28 7 45 31 8102.56 8410.34
0 42 2 27 4 10 1 46 30 25 36 11 32 35 8 23 26 48 14 12 15 49 17 5 43 40 13 47 33 44 6 18 37 16 22 24 3 41 29 34 21 9 39 38 20 19 28 7 45 31 8092.39 8282.7
0 42 2 27 4 10 1 46 11 32 35 8 47 33 44 6 18 37 16 13 40 43 30 25 36 5 17 49 15 23 12 14 48 26 22 24 3 41 29 34 21 9 39 38 20 19 28 7 45 31 7958.94 8293.64
0 42 2 27 4 10 1 46 11 32 35 47 8 29 33 44 20 6 18 38 37 16 13 40 43 30 25 36 5 17 49 15 23 12 14 48 26 22 24 3 41 34 21 9 39 19 28 7 45 31 7759.46 8160.63
0 42 2 27 4 10 1 46 11 32 35 8 47 33 44 29 20 6 18 38 37 16 13 40 43 30 25 36 5 17 49 15 23 12 14 48 26 22 24 3 41 34 21 9 39 19 28 7 45 31 7619.95 8017.57
0 42 2 27 4 10 1 46 11 32 35 49 15 23 12 14 48 26 22 47 8 29 33 44 20 6 18 38 37 16 13 40 43 30 25 36 5 17 24 3 41 34 21 9 39 19 28 7 45 31 7485.55 7870.61
0 42 2 27 4 10 1 46 11 32 35 49 15 23 12 14 48 26 22 21 34 41 3 24 17 5 36 25 30 43 40 13 16 37 38 18 6 20 44 33 29 8 47 9 39 19 28 7 45 31 7335.71 7693.26
0 42 2 27 4 10 1 46 11 32 35 49 15 23 12 14 48 26 22 21 34 41 3 24 17 5 36 25 30 43 40 13 16 37 38 18 6 20 44 33 29 47 8 9 39 19 28 7 45 31 7182.14 7601.65
0 42 2 27 4 10 1 46 11 32 35 49 15 23 12 47 8 29 33 44 20 6 18 38 37 28 19 39 9 21 34 41 3 24 5 30 25 36 43 40 22 26 48 14 17 13 16 7 45 31 7022.1 7571.32
0 42 2 27 4 10 1 46 11 32 35 49 15 23 12 47 8 29 33 44 20 6 18 38 37 28 19 39 9 21 34 41 3 24 5 30 25 36 43 40 22 26 48 14 17 13 16 7 45 31 7022.1 7395.63
0 42 2 27 4 10 1 46 11 32 35 49 15 23 12 47 8 29 33 44 20 6 18 38 37 21 34 41 3 24 5 30 25 36 43 40 22 26 48 14 17 13 16 9 39 19 28 7 45 31 6932.78 7272.66
0 42 2 27 4 10 1 46 11 32 35 49 15 23 12 47 8 29 33 44 6 20 18 38 37 21 34 41 3 24 5 30 25 36 43 40 22 26 48 14 17 13 16 9 39 19 28 7 45 31 6923.67 7164.77
0 42 5 30 25 36 43 2 27 4 10 1 46 11 32 35 49 15 23 12 47 8 29 33 44 20 6 18 38 37 21 34 41 3 24 40 22 26 48 14 17 13 16 9 39 19 28 7 45 31 6701.14 7010.36
0 42 5 30 25 36 43 2 27 4 10 1 46 11 32 35 24 3 41 34 21 37 38 18 6 20 44 33 29 8 47 12 23 15 49 40 22 26 48 14 17 13 16 9 39 19 28 7 45 31 6583.76 6955.88
0 42 5 30 25 36 43 2 27 4 10 1 46 11 32 35 14 48 26 22 40 49 15 23 12 47 8 29 33 44 20 6 18 38 37 21 34 41 3 24 17 13 16 9 39 19 28 7 45 31 6535.36 6806.25
0 42 5 30 25 36 43 2 27 4 10 1 46 11 32 22 26 48 14 35 40 49 15 23 12 47 8 29 33 44 20 6 18 38 37 21 34 41 3 24 17 13 16 9 39 19 28 7 45 31 6492.77 6701.45
0 42 5 30 25 36 43 2 27 4 10 1 46 11 32 35 14 48 22 26 40 49 15 23 12 47 8 29 33 44 20 6 18 38 37 21 34 41 3 24 17 13 16 9 39 19 28 7 45 31 6467.21 6594.38
0 42 5 30 25 36 43 2 27 4 10 1 46 11 32 35 14 48 22 26 40 49 15 23 12 47 8 29 33 44 20 6 18 38 37 21 34 41 3 24 17 13 16 9 39 19 28 7 45 31 6467.21 6530.03
0 42 5 30 25 36 43 2 27 4 10 1 46 11 32 35 14 48 22 26 40 49 15 23 12 47 8 29 33 44 20 6 18 38 37 21 34 41 3 24 17 13 16 9 39 19 28 7 45 31 6467.21 6491
0 42 5 30 25 36 43 2 27 4 10 1 46 11 32 22 26 48 14 35 40 49 15 23 12 47 8 19 39 9 16 13 17 24 3 41 34 21 37 38 18 6 20 44 33 29 28 7 45 31 6417.19 6468.37
0 42 5 30 25 36 43 2 27 4 10 1 46 11 32 35 14 48 22 26 40 49 15 23 12 21 34 41 3 24 17 13 16 9 39 47 8 29 33 44 20 6 18 38 37 19 28 7 45 31 6345.58 6460.35
0 42 5 30 25 36 43 2 27 4 10 1 46 11 32 35 14 48 22 26 40 49 15 24 3 41 34 21 12 23 17 13 16 9 39 47 8 29 33 44 20 6 18 38 37 19 28 7 45 31 6219.88 6458.93
0 42 26 22 48 14 35 32 11 46 1 10 4 27 2 43 36 25 30 5 40 49 15 24 3 41 34 21 12 23 17 13 16 9 39 47 8 29 33 44 20 6 18 38 37 19 28 7 45 31 6206.82 6405.19
0 42 26 22 48 14 35 32 11 46 1 10 4 27 2 43 36 25 30 5 40 49 15 24 3 41 34 21 12 23 17 13 47 16 9 39 8 29 33 44 20 6 18 38 37 19 28 7 45 31 6170.69 6336.74
0 42 26 22 48 14 35 32 11 46 1 10 4 27 2 43 36 25 30 5 40 49 15 24 3 41 34 21 12 23 17 13 47 16 9 39 8 29 33 44 20 6 18 38 37 19 28 7 45 31 6170.69 6301.56
0 42 26 22 48 14 35 32 11 46 1 10 4 27 2 43 36 25 30 5 40 49 15 24 3 41 34 21 12 23 17 13 47 16 9 39 8 7 28 19 37 38 18 6 20 44 33 29 45 31 6145.32 6376.67
0 42 26 22 48 14 35 32 11 46 1 10 4 27 2 43 36 25 30 5 40 49 15 24 3 41 34 21 12 23 17 8 39 9 16 47 13 7 28 19 37 38 18 6 20 44 33 29 45 31 6041.92 6279.04
0 42 26 22 48 14 35 32 11 46 1 10 4 27 2 43 36 25 30 5 40 49 15 24 3 41 34 21 12 23 17 8 39 9 16 47 13 7 28 19 37 38 18 6 20 44 33 29 45 31 6041.92 6187.26
0 42 35 14 48 22 26 32 11 46 1 10 4 27 2 43 36 25 30 5 40 49 15 24 3 41 34 21 12 23 17 13 47 16 9 39 8 19 37 38 18 6 20 44 33 29 28 7 45 31 5924.09 6121.73
0 42 35 14 48 22 26 32 11 46 1 10 4 27 2 43 36 25 30 5 40 49 15 24 3 41 34 21 12 23 17 8 39 9 16 47 13 19 37 38 18 6 20 44 33 29 28 7 45 31 5820.36 6082.49
0 42 35 14 48 22 26 32 11 46 1 10 4 27 2 43 36 25 30 5 40 49 15 24 3 41 34 21 12 23 17 8 39 9 16 13 47 37 38 18 6 20 44 33 29 19 28 7 45 31 5771.51 5954.78
0 42 35 14 48 22 26 32 11 46 1 10 4 27 2 43 36 25 30 5 40 49 15 24 3 41 34 21 12 23 17 8 39 9 16 13 47 37 19 38 18 6 20 44 33 29 28 7 45 31 5747.31 5893.2
0 39 8 17 23 12 21 34 41 3 24 15 49 40 5 30 25 36 46 1 10 4 27 2 43 11 32 26 22 48 14 35 42 9 16 47 13 19 37 38 18 6 20 44 33 29 28 7 45 31 5727.45 5817.79
0 39 8 17 23 12 21 34 41 3 24 15 49 40 5 30 25 36 46 1 10 4 27 2 43 11 32 26 22 48 14 35 42 9 16 13 47 37 38 18 6 20 44 33 29 19 28 7 45 31 5678.59 5764.74
0 42 35 14 15 49 40 5 30 25 36 46 1 10 4 27 2 43 11 32 26 22 48 24 3 41 34 21 12 23 17 8 39 9 16 13 47 37 19 38 18 6 20 44 33 29 28 7 45 31 5586.52 5802.34
0 39 8 17 23 12 41 3 35 42 2 27 11 25 36 46 1 10 4 43 30 49 5 32 40 22 26 14 15 24 48 16 9 34 21 13 47 37 38 18 6 20 44 33 29 19 28 7 45 31 5384.84 5973.81
0 39 8 17 23 12 41 3 35 42 2 25 36 46 1 10 4 27 11 43 30 49 5 32 40 22 26 14 15 24 48 16 9 34 21 13 47 37 38 18 6 20 44 33 29 19 28 7 45 31 5372.54 5822.34
0 39 8 17 23 12 41 3 35 42 2 25 36 46 1 10 4 27 11 43 30 49 5 32 40 22 26 14 15 24 48 21 34 9 16 13 47 37 38 18 6 20 44 33 29 19 28 7 45 31 5344.54 5549.27
0 39 8 17 23 12 41 3 35 42 2 25 36 46 1 10 4 27 11 43 30 49 5 32 40 22 26 14 15 24 48 21 34 9 16 13 47 37 38 18 6 20 44 33 19 29 28 7 45 31 5335.52 5510.65
0 39 8 17 23 41 12 3 35 42 2 25 36 46 1 10 4 27 11 43 30 49 5 32 40 22 26 14 15 24 48 21 34 9 16 13 47 37 38 18 6 20 44 33 19 29 28 7 45 31 5305.68 5405.69
0 39 8 17 23 41 12 3 35 42 2 25 36 46 1 10 4 27 11 43 30 49 5 32 40 22 26 14 15 24 48 21 34 9 16 13 47 37 38 18 6 20 44 33 19 29 28 7 45 31 5305.68 5366.15
0 39 8 17 23 41 12 3 35 42 2 25 36 46 1 10 4 27 11 43 30 5 49 32 40 22 26 14 15 24 48 21 34 9 16 13 47 37 38 18 6 20 44 33 19 29 28 7 45 31 5272.77 5338.15
0 39 8 17 23 41 12 3 35 42 2 25 36 46 1 10 4 27 11 43 30 5 49 32 40 22 26 14 15 24 48 21 34 9 16 13 47 37 38 18 6 20 44 33 19 29 28 7 45 31 5272.77 5307.9
0 39 8 17 23 41 12 3 35 42 2 25 36 46 1 10 4 27 11 43 30 5 49 32 40 22 26 14 15 24 48 21 34 9 16 13 47 37 38 18 6 20 44 33 19 29 28 7 45 31 5272.77 5295.5
0 39 8 17 23 41 12 3 35 42 2 25 36 46 1 10 4 27 11 43 30 5 49 32 40 22 26 15 14 24 48 21 34 9 16 13 47 37 38 18 6 20 44 33 19 29 28 7 45 31 5265.33 5322.55
0 39 8 17 23 41 12 3 35 42 2 25 36 46 1 10 4 27 11 43 30 5 49 32 40 22 26 15 14 24 48 21 34 9 16 13 47 37 38 29 28 18 6 20 44 33 19 7 45 31 5238.89 5290.66
0 39 8 17 23 41 12 3 35 42 2 25 36 46 1 10 4 27 11 43 30 5 49 32 40 22 26 15 14 24 48 21 34 9 16 13 47 37 38 29 28 18 6 20 44 33 19 7 45 31 5238.89 5262.73
0 39 8 17 23 41 12 3 35 42 2 25 36 46 1 10 4 27 11 43 30 5 49 32 40 22 26 15 14 24 48 21 34 9 16 13 47 37 38 29 28 18 6 20 44 33 19 7 45 31 5238.89 5293.9
0 39 8 17 23 24 14 15 26 22 40 32 49 5 30 43 11 27 4 10 1 46 36 25 2 42 35 3 41 12 48 21 34 9 16 13 47 37 38 29 28 18 6 20 44 33 19 7 45 31 5238.46 5297.48
0 39 8 17 23 24 14 15 26 22 32 40 49 5 30 43 11 27 4 10 1 46 36 25 2 42 35 3 41 12 48 21 34 9 16 13 47 37 38 29 28 18 6 20 44 33 19 7 45 31 5229.97 5294.13
0 39 8 17 23 24 14 15 26 22 32 40 49 2 30 43 11 27 4 10 1 46 36 25 5 42 35 3 41 12 48 21 34 9 16 13 47 37 38 29 28 18 6 20 44 33 19 7 45 31 5215.26 5305.2
0 39 8 17 23 24 14 15 26 22 32 40 49 2 30 43 11 27 4 10 1 46 36 25 5 42 35 3 41 12 48 21 34 9 16 13 47 37 38 29 28 18 6 20 44 33 19 7 45 31 5215.26 5383.53
0 39 8 17 23 24 14 15 26 22 32 40 49 30 2 43 11 27 4 10 1 46 36 25 5 42 35 3 41 12 48 21 34 9 16 13 47 37 38 29 28 18 6 20 44 33 19 7 45 31 5126.6 5308.46
0 39 8 17 23 24 14 15 26 22 32 40 49 30 2 43 11 27 4 10 1 46 36 25 5 42 35 3 41 12 48 21 34 9 16 13 47 37 38 29 28 18 6 20 44 33 19 7 45 31 5126.6 5281.73
0 39 31 45 7 19 33 44 20 6 18 28 29 38 37 47 13 16 9 34 21 48 12 41 3 35 42 5 25 36 46 1 10 4 27 11 43 2 30 49 40 32 22 26 15 14 24 23 17 8 5049.82 5205.5
0 8 41 16 47 31 45 7 29 37 6 20 38 28 18 44 33 19 39 9 34 21 48 14 22 24 12 13 23 3 35 15 26 40 32 49 5 43 4 10 1 46 36 25 11 27 2 30 42 17 5029.15 5241.94
0 8 41 16 47 31 45 7 29 37 6 20 38 28 18 44 33 19 39 9 34 21 48 14 22 24 12 13 23 3 35 15 26 40 32 49 5 43 4 10 1 46 36 25 11 27 2 30 42 17 5029.15 5250.29
0 8 41 16 47 31 45 7 29 37 6 20 38 28 18 44 33 19 39 9 34 21 48 22 14 24 12 13 23 3 35 15 26 40 32 49 5 43 4 10 1 46 36 25 11 27 2 30 42 17 4996.1 5226.9
0 8 41 16 47 31 45 7 29 37 6 20 38 28 18 44 33 19 39 9 34 21 48 22 14 24 12 13 23 3 35 15 26 40 32 49 5 43 4 10 1 46 36 25 11 27 2 30 42 17 4996.1 5165.49
0 8 41 16 47 31 45 7 29 37 6 20 38 28 18 44 33 19 39 9 34 21 48 22 14 24 12 13 23 3 35 15 26 40 32 49 5 43 4 10 1 46 36 25 11 27 2 30 42 17 4996.1 5064.86
0 8 41 16 47 31 45 7 29 37 6 20 38 28 18 44 33 19 39 9 34 21 48 22 14 24 12 13 23 3 35 15 26 40 32 49 5 43 4 10 1 46 36 25 11 27 2 30 42 17 4996.1 5025.94
0 8 41 16 47 31 45 7 29 37 6 20 38 28 18 44 33 19 39 9 34 21 48 22 14 24 12 13 23 3 35 15 26 40 32 49 5 43 4 10 1 46 36 25 11 27 2 30 42 17 4996.1 5005.36
0 41 16 47 31 45 7 29 37 6 20 38 28 18 44 33 19 39 9 34 21 48 22 14 24 12 13 23 3 35 15 26 40 32 49 5 43 4 10 1 46 36 25 11 27 2 30 42 17 8 4991.74 4996.29
0 41 16 47 31 45 7 29 37 6 20 38 28 18 44 33 19 39 9 34 21 48 22 14 24 12 13 23 3 35 15 26 40 32 49 5 43 4 10 1 46 36 25 11 27 2 30 42 17 8 4991.74 4995.26
0 41 16 47 19 33 44 18 28 38 20 6 37 29 7 45 31 39 9 34 21 48 22 14 24 12 13 23 3 35 15 26 40 32 49 5 43 4 10 1 46 36 25 11 27 2 30 42 17 8 4966.49 4995.43
0 41 12 3 35 42 2 27 4 10 1 46 36 11 25 43 30 49 5 32 40 22 26 15 24 14 48 16 13 21 34 37 6 28 18 20 38 44 33 29 7 19 45 31 47 39 8 9 23 17 4949.94 5147.99
0 41 12 3 35 42 2 27 4 10 1 46 36 11 25 43 30 49 5 32 40 22 26 15 24 14 48 16 13 21 34 37 6 28 18 20 38 44 33 29 7 19 45 31 47 39 8 9 23 17 4949.94 5117.11
0 8 39 47 31 45 19 7 29 33 44 38 20 18 28 6 37 34 21 13 16 48 14 24 15 26 22 40 32 5 49 30 43 25 11 36 46 1 10 4 27 2 42 35 3 12 41 9 23 17 4943.81 5146.13
0 8 39 47 31 45 19 7 29 33 44 38 20 18 28 6 37 34 21 13 16 48 14 24 15 26 22 40 32 5 49 30 43 25 11 36 46 1 10 4 27 2 42 35 3 12 41 9 23 17 4943.81 5138.06
0 8 39 47 31 45 19 7 6 28 18 20 38 44 33 29 37 34 21 13 16 48 14 24 15 26 22 40 32 5 49 30 43 25 11 36 46 1 10 4 27 2 42 35 3 12 41 9 23 17 4941.53 5188.99
0 8 39 47 31 45 19 7 6 28 18 20 38 44 33 29 37 34 21 13 16 48 14 24 15 26 22 40 32 5 49 30 43 25 11 36 46 1 10 4 27 2 42 35 3 12 41 9 23 17 4941.53 5073.07
0 8 39 47 31 45 19 7 6 28 18 20 38 44 33 29 37 34 21 13 16 48 14 24 15 26 22 40 32 5 49 30 43 25 11 36 46 1 10 4 27 2 42 35 3 12 41 9 23 17 4941.53 4982.85
0 8 39 47 31 45 19 7 6 38 20 18 28 44 33 29 37 34 21 13 16 48 14 24 15 26 22 40 32 5 49 30 43 25 11 36 46 1 10 4 27 2 42 35 3 12 41 9 23 17 4934.68 4950.46
0 8 39 47 31 45 19 7 6 38 20 18 28 44 33 29 37 34 21 13 16 48 14 24 15 26 22 40 32 49 5 30 43 25 11 36 46 1 10 4 27 2 42 35 3 12 41 9 23 17 4901.77 4947.6
0 8 39 47 31 45 19 7 6 38 20 18 28 44 33 29 37 34 21 13 16 48 14 24 15 26 22 40 32 49 5 30 43 25 11 36 46 1 10 4 27 2 42 35 3 12 41 9 23 17 4901.77 4934.94
0 8 39 47 31 45 19 7 6 38 20 18 28 44 33 29 37 34 16 13 21 48 14 24 15 26 22 40 32 49 5 30 43 25 11 36 46 1 10 4 27 2 42 35 3 12 41 9 23 17 4877.54 4922.23
0 8 39 47 31 45 19 7 6 38 20 18 28 44 33 29 37 34 16 13 21 48 14 24 15 26 22 40 32 49 5 30 43 25 11 36 46 1 10 4 27 2 42 35 3 12 41 9 23 17 4877.54 4918.69
0 8 39 47 31 45 19 7 6 38 20 18 28 44 33 29 37 34 16 13 21 48 14 24 15 26 22 40 32 49 5 30 43 25 11 36 46 1 10 4 27 2 42 35 3 12 41 9 23 17 4877.54 4915.78
0 8 39 47 31 45 19 7 6 38 20 18 28 44 33 29 37 34 16 13 21 48 14 24 15 26 22 40 32 49 5 30 43 25 11 36 46 1 10 4 27 2 42 35 3 12 41 9 23 17 4877.54 4905.62
0 8 39 47 31 45 19 7 6 38 20 18 28 44 33 29 37 34 16 13 21 48 14 24 15 26 22 40 32 49 5 30 43 25 11 36 46 1 10 4 27 2 42 35 3 12 41 9 23 17 4877.54 4888.3
0 8 39 47 31 45 19 7 6 38 20 18 28 44 33 29 37 34 16 13 21 48 14 24 15 26 22 40 32 49 5 30 43 25 11 36 46 1 10 4 27 2 42 35 3 12 41 9 23 17 4877.54 4877.9
0 8 39 47 31 45 19 7 6 38 20 18 28 44 33 29 37 34 16 13 21 48 14 24 15 26 22 40 32 49 5 30 43 25 11 36 46 1 10 4 27 2 42 35 3 12 41 9 23 17 4877.54 4882.98
0 8 39 47 31 45 19 7 6 38 20 18 28 44 33 29 37 34 16 13 21 48 14 24 15 26 22 40 32 49 5 30 43 25 11 36 46 1 10 4 27 2 42 35 3 12 41 9 23 17 4877.54 4879.9
0 8 39 47 31 45 19 7 6 38 20 18 28 44 33 29 37 34 16 13 21 48 14 24 15 26 22 40 32 49 5 30 43 25 11 36 46 1 10 4 27 2 42 35 3 12 41 9 23 17 4877.54 4879.28
0 8 39 47 31 45 19 7 6 38 20 18 28 44 33 29 37 34 16 13 21 48 14 24 15 26 22 32 40 49 5 30 43 25 11 36 46 1 10 4 27 2 42 35 3 12 41 9 23 17 4869.06 4895.5
0 8 39 47 31 45 19 7 6 38 20 18 28 44 33 29 37 34 16 13 21 48 14 24 15 26 22 32 40 49 5 30 43 25 11 36 46 1 10 4 27 2 42 35 3 12 41 9 23 17 4869.06 4894.7
0 8 39 47 31 45 19 7 6 38 20 18 28 44 33 29 37 34 16 13 21 48 14 24 15 26 22 32 40 49 5 30 43 25 11 36 46 1 10 4 27 2 42 35 3 12 41 9 23 17 4869.06 4873.16
0 8 39 47 31 45 19 7 6 38 20 18 28 44 33 29 37 34 16 13 21 48 14 24 15 26 22 32 40 49 5 2 27 4 10 1 46 36 11 25 43 30 42 35 3 12 41 9 23 17 4822.14 4891.39
0 8 39 47 31 45 19 7 6 38 20 18 28 44 33 29 37 34 16 13 21 48 14 24 15 26 22 32 40 49 5 2 27 4 10 1 46 36 11 25 43 30 42 35 3 12 41 9 23 17 4822.14 4932.03
0 8 39 47 31 45 19 7 6 38 20 18 28 44 33 29 37 34 16 13 21 48 14 24 15 26 22 32 40 49 5 2 27 4 10 1 46 36 11 25 43 30 42 35 3 12 41 9 23 17 4822.14 4903.63
0 8 39 47 31 45 19 7 6 38 20 18 28 44 33 29 37 34 16 13 21 48 14 24 15 26 22 32 40 49 5 2 27 4 10 1 46 36 11 25 43 30 42 35 3 12 41 9 23 17 4822.14 4925.45
0 8 39 47 31 45 19 7 6 38 20 18 28 44 33 29 37 34 16 13 21 48 14 24 15 26 22 32 40 49 5 2 27 4 10 1 46 36 11 25 43 30 42 35 3 12 41 9 23 17 4822.14 4837.71
0 8 39 47 31 45 19 7 6 38 20 18 28 44 33 29 37 34 16 13 21 48 14 24 15 26 22 32 40 49 5 2 27 4 10 1 46 36 11 25 43 30 42 35 3 12 41 9 23 17 4822.14 4822.78
0 8 39 47 31 45 19 7 6 38 20 18 28 44 33 29 37 34 16 13 21 48 14 24 15 26 22 32 40 49 5 2 27 4 10 1 46 36 11 25 43 30 42 35 3 12 41 9 23 17 4822.14 4831.97
0 8 39 47 31 45 19 7 6 38 20 18 28 44 33 29 37 34 16 13 21 48 14 24 15 26 22 32 40 49 5 2 27 4 10 1 46 36 11 25 43 30 42 35 3 12 41 9 23 17 4822.14 4822.14
0 8 39 47 31 45 19 7 6 38 20 18 28 44 33 29 37 34 16 13 21 48 14 24 15 26 22 32 40 49 5 2 27 4 10 1 46 36 11 25 43 30 42 35 3 12 41 9 23 17 4822.14 5040.16
0 8 39 47 31 45 19 7 6 38 20 18 28 44 33 29 37 34 16 13 21 48 14 24 15 26 22 32 40 49 5 2 27 4 10 1 46 36 11 25 43 30 42 35 3 12 41 9 23 17 4822.14 4897.35
0 8 39 47 31 45 19 7 6 38 20 18 28 44 33 29 37 34 16 13 21 48 14 24 15 26 22 32 40 49 5 2 27 4 10 1 46 36 11 25 43 30 42 35 3 12 41 9 23 17 4822.14 4847.9
0 8 39 47 31 45 19 7 6 38 20 18 28 44 33 29 37 34 16 13 21 48 14 24 15 26 22 32 40 49 5 2 27 4 10 1 46 36 11 25 43 30 42 35 3 12 41 9 23 17 4822.14 4850.48
0 8 39 47 31 45 19 7 6 38 20 18 28 44 33 29 37 34 16 13 21 48 14 24 15 26 22 32 40 49 5 2 27 4 10 1 46 36 11 25 43 30 42 35 3 12 41 9 23 17 4822.14 4823.09
0 8 39 47 31 45 19 7 6 38 20 18 28 44 33 29 37 34 16 13 21 48 14 24 15 26 22 32 40 49 5 2 27 4 10 1 46 36 11 25 43 30 42 35 3 12 41 9 23 17 4822.14 4836.39
0 8 39 47 31 45 19 7 6 38 20 18 28 44 33 29 37 34 16 13 21 48 14 24 15 26 22 32 40 49 5 2 27 4 10 1 46 36 11 25 43 30 42 35 3 12 41 9 23 17 4822.14 4822.98
0 8 39 47 31 45 19 7 6 38 20 18 28 44 33 29 37 34 16 13 21 48 14 24 15 26 22 32 40 49 5 2 27 4 10 1 46 36 11 25 43 30 42 35 3 12 41 9 23 17 4822.14 4827.55
0 8 39 47 31 45 19 7 6 38 20 18 28 44 33 29 37 34 16 13 21 48 14 24 15 26 22 32 40 49 5 2 27 4 10 1 46 36 11 25 43 30 42 35 3 12 41 9 23 17 4822.14 4830.47
0 8 39 47 31 45 19 7 6 38 20 18 28 44 33 29 37 34 16 13 21 48 14 24 15 26 22 32 40 49 5 2 27 4 10 1 46 36 11 25 43 30 42 35 3 12 41 9 23 17 4822.14 4844.78
0 8 39 47 31 45 19 7 6 38 20 18 28 44 33 29 37 34 16 13 21 48 14 24 15 26 22 32 40 49 5 2 27 4 10 1 46 36 11 25 43 30 42 35 3 12 41 9 23 17 4822.14 4849.24
0 8 39 47 31 45 19 7 6 38 20 18 28 44 33 29 37 34 16 13 21 48 14 24 15 26 22 32 40 49 5 2 27 4 10 1 46 36 11 25 43 30 42 35 3 12 41 9 23 17 4822.14 4848.88
0 8 39 47 31 45 19 7 6 38 20 18 28 44 33 29 37 34 16 13 21 48 14 24 15 26 22 32 40 49 5 2 27 4 10 1 46 36 11 25 43 30 42 35 3 12 41 9 23 17 4822.14 4836.64
0 8 39 47 31 45 19 7 6 38 20 18 28 44 33 29 37 34 16 13 21 48 12 14 24 15 26 22 32 40 49 5 2 27 4 10 1 46 36 11 25 43 30 42 35 3 41 9 23 17 4810.17 4822.18
0 8 39 47 31 45 19 7 6 38 20 18 28 44 33 29 37 34 16 13 21 48 12 14 24 15 26 22 32 40 49 5 2 27 4 10 1 46 36 11 25 43 30 42 35 3 41 9 23 17 4810.17 4828.8
0 8 39 47 31 45 19 7 6 38 20 18 28 44 33 29 37 34 16 13 21 48 12 14 24 15 26 22 32 40 49 5 2 27 4 10 1 46 36 11 25 43 30 42 35 3 41 9 23 17 4810.17 4852.79
0 8 39 47 31 45 19 7 6 38 20 18 28 44 33 29 37 34 16 13 21 48 12 14 24 15 26 22 32 40 49 5 2 27 4 10 1 46 36 11 25 43 30 42 35 3 41 9 23 17 4810.17 4822.41
0 8 39 47 31 45 19 7 6 38 20 18 28 44 33 29 37 34 16 13 21 48 12 14 24 15 26 22 32 40 49 5 2 27 4 10 1 46 36 11 25 43 30 42 35 3 41 9 23 17 4810.17 4819.61
0 8 39 47 31 45 19 7 6 38 20 18 28 44 33 29 37 34 16 13 21 48 12 14 24 15 26 22 32 40 49 5 2 27 4 10 1 46 36 11 25 43 30 42 35 3 41 9 23 17 4810.17 4814.21
0 8 39 47 31 45 19 7 29 6 38 20 18 28 44 33 37 34 16 13 21 48 12 14 24 15 26 22 32 40 49 5 2 27 4 10 1 46 36 11 25 43 30 42 35 3 41 9 23 17 4807.82 4818.03
0 8 39 47 31 45 19 7 29 6 38 20 18 28 44 33 37 34 16 13 21 48 12 14 24 15 26 22 32 40 49 5 2 27 4 10 1 46 36 11 25 43 30 42 35 3 41 9 23 17 4807.82 4811.09
0 8 39 47 31 45 19 7 29 6 38 20 18 28 44 33 37 34 16 13 21 48 12 14 24 15 26 22 32 40 49 5 2 27 4 10 1 46 36 11 25 43 30 42 35 3 41 9 23 17 4807.82 4818.43
0 8 39 47 31 45 19 7 29 6 38 20 18 28 44 33 37 34 16 13 21 48 12 14 24 15 26 22 32 40 49 5 2 27 4 10 1 46 36 11 25 43 30 42 35 3 41 9 23 17 4807.82 4809.28
0 41 9 8 39 47 31 45 19 7 29 6 38 20 18 28 44 33 37 34 16 13 21 48 12 14 24 15 26 22 32 40 49 5 2 27 4 10 1 46 36 11 25 43 30 42 35 3 23 17 4767.97 4807.95
0 41 9 8 39 47 31 45 19 7 29 6 38 20 18 28 44 33 37 34 16 13 21 48 12 14 24 15 26 22 32 40 49 5 2 27 4 10 1 46 36 11 25 43 30 42 35 3 23 17 4767.97 4821.26
0 41 9 8 39 47 31 45 19 7 29 6 38 20 18 28 44 33 37 34 16 13 21 48 12 14 24 15 26 22 32 40 49 5 2 27 4 10 1 46 36 11 25 43 30 42 35 3 23 17 4767.97 4816.36
0 41 9 8 39 47 31 45 19 7 29 6 38 20 18 28 44 33 37 34 16 13 21 48 12 14 24 15 26 22 32 40 49 5 2 27 4 10 1 46 36 11 25 43 30 42 35 3 23 17 4767.97 4774.95
0 41 9 8 39 47 31 45 19 7 29 6 38 20 18 28 44 33 37 34 16 13 21 48 12 14 24 15 26 22 32 40 49 5 2 27 4 10 1 46 36 11 25 43 30 42 35 3 23 17 4767.97 4771.67
0 41 9 8 39 47 31 45 19 7 29 6 38 20 18 28 44 33 37 34 16 13 21 48 12 14 24 15 26 22 32 40 49 5 2 27 4 10 1 46 36 11 25 43 30 42 35 3 23 17 4767.97 4767.97
0 41 9 8 39 47 31 45 19 7 29 6 38 20 18 28 44 33 37 34 16 13 21 48 12 14 24 15 26 22 32 40 49 5 2 27 4 10 1 46 36 11 25 43 30 42 35 3 23 17 4767.97 4767.97
0 41 9 8 39 47 31 45 19 7 29 6 38 20 18 28 44 33 37 34 16 13 21 48 12 14 24 15 26 22 32 40 49 5 2 27 4 10 1 46 36 11 25 43 30 42 35 3 23 17 4767.97 4767.97
0 41 9 8 39 47 31 45 19 7 29 6 38 20 18 28 44 33 37 34 16 13 21 48 12 14 24 15 26 22 32 40 49 5 2 27 4 10 1 46 36 11 25 43 30 35 42 3 23 17 4764.68 4767.94
0 41 9 8 39 47 31 45 19 7 29 6 38 20 18 28 44 33 37 34 16 13 21 48 12 14 24 15 26 22 32 40 49 5 2 27 4 10 1 46 36 11 25 43 30 35 42 3 23 17 4764.68 4767.7
0 41 9 8 39 47 31 45 19 7 29 6 38 20 18 28 44 33 37 34 16 13 21 48 12 14 24 15 26 22 32 40 49 5 2 27 4 10 1 46 36 11 25 43 30 35 42 3 23 17 4764.68 4776.76
0 41 9 8 39 47 31 45 19 7 29 6 38 20 18 28 44 33 37 34 16 13 21 48 12 14 24 15 26 22 32 40 49 5 2 27 4 10 1 46 36 11 25 43 30 35 42 3 23 17 4764.68 4768.19
0 41 9 8 39 47 31 45 19 7 29 6 38 20 18 28 44 33 37 34 16 13 21 48 12 14 24 15 26 22 32 40 49 5 2 27 4 10 1 46 36 11 25 43 30 35 42 3 23 17 4764.68 4765.42
0 41 9 8 39 47 31 45 19 7 29 6 38 20 18 28 44 33 37 34 16 13 21 48 12 14 24 15 26 22 32 40 49 5 2 27 4 10 1 46 36 11 25 43 30 35 42 3 23 17 4764.68 4783.06
0 41 9 8 39 47 31 45 19 7 29 6 38 20 18 28 44 33 37 34 16 13 21 48 12 14 24 15 26 22 32 40 49 5 2 27 4 10 1 46 36 11 25 43 30 35 42 3 23 17 4764.68 4785.65
0 41 9 8 39 47 31 45 19 7 29 6 38 20 18 28 44 33 37 34 16 13 21 48 12 14 24 15 26 22 32 40 49 5 2 27 4 10 1 46 36 11 25 43 30 35 42 3 23 17 4764.68 4765.87
0 41 9 8 39 47 31 45 19 7 29 6 38 20 18 28 44 33 37 34 16 13 21 48 12 14 24 15 26 22 32 40 49 5 2 27 4 10 1 46 36 11 25 43 30 35 42 3 23 17 4764.68 4770.56
0 41 9 8 39 47 31 45 19 7 29 6 38 20 18 28 44 33 37 34 16 13 21 48 12 14 24 15 26 22 32 40 49 5 2 27 4 10 1 46 36 11 25 43 30 35 42 3 23 17 4764.68 4768.5
0 41 9 8 39 47 31 45 19 7 29 6 38 20 18 28 44 33 37 34 16 13 21 48 12 14 24 15 26 22 32 40 49 5 2 27 4 10 1 46 36 11 25 43 30 35 42 3 23 17 4764.68 4764.68
0 41 9 8 39 47 31 45 19 7 29 6 38 20 18 28 44 33 37 34 16 13 21 48 12 14 24 15 26 22 32 40 49 5 2 27 4 10 1 46 36 11 25 43 30 35 42 3 23 17 4764.68 4771.11
0 41 9 8 39 47 31 45 19 7 29 6 38 20 18 28 44 33 37 34 16 13 21 48 12 14 24 15 26 22 32 40 49 5 2 27 4 10 1 46 36 11 25 43 30 35 42 3 23 17 4764.68 4766.09
0 41 9 8 39 47 31 45 19 7 29 6 38 20 18 28 44 33 37 34 16 13 21 48 12 14 24 15 26 22 32 40 49 5 2 27 4 10 1 46 36 11 25 43 30 35 42 3 23 17 4764.68 4780.28
0 41 9 8 39 47 31 45 19 7 29 6 38 20 18 28 44 33 37 34 16 13 21 48 12 14 24 15 26 22 32 40 49 5 2 27 4 10 1 46 36 11 25 43 30 35 42 3 23 17 4764.68 4794.77
0 41 9 8 39 47 31 45 19 7 29 6 38 20 18 28 44 33 37 34 16 13 21 48 12 14 24 15 26 22 32 40 49 5 2 27 4 10 1 46 36 11 25 43 30 35 42 3 23 17 4764.68 4772.66
0 41 9 8 39 47 31 45 19 7 29 6 38 20 18 28 44 33 37 34 16 13 21 48 12 14 24 15 26 22 32 40 49 5 2 27 4 10 1 46 36 11 25 43 30 35 42 3 23 17 4764.68 4768.53
0 41 9 8 39 47 31 45 19 7 29 6 38 20 18 28 44 33 37 34 16 13 21 48 12 14 24 15 26 22 32 40 49 5 2 27 4 10 1 46 36 11 25 43 30 35 42 3 23 17 4764.68 4768.61
0 41 9 8 39 47 31 45 19 7 29 6 38 20 18 28 44 33 37 34 16 13 21 48 12 14 24 15 26 22 32 40 49 5 2 27 4 10 1 46 36 11 25 43 30 35 42 3 23 17 4764.68 4764.68
0 41 9 8 39 47 31 45 19 7 29 6 38 20 18 28 44 33 37 34 16 13 21 48 12 14 24 15 26 22 32 40 49 5 2 27 4 10 1 46 36 11 25 43 30 35 42 3 23 17 4764.68 4771.77
0 41 9 8 39 47 31 45 19 7 29 6 38 20 18 28 44 33 37 34 16 13 21 48 12 14 24 15 26 22 32 40 49 5 2 27 4 10 1 46 36 11 25 43 30 35 42 3 23 17 4764.68 4785.79
0 41 9 8 39 47 31 45 19 7 29 6 38 20 18 28 44 33 37 34 16 13 21 48 12 14 24 15 26 22 32 40 49 5 2 27 4 10 1 46 36 11 25 43 30 35 42 3 23 17 4764.68 4785.74
0 41 9 8 39 47 31 45 19 7 29 6 38 20 18 28 44 33 37 34 16 13 21 48 12 14 24 15 26 22 32 40 49 5 2 27 4 10 1 46 36 11 25 43 30 35 42 3 23 17 4764.68 4764.68
0 41 9 8 39 47 31 45 19 7 29 6 38 20 18 28 44 33 37 34 16 13 21 48 12 22 14 24 15 26 32 40 49 5 2 27 4 10 1 46 36 11 25 43 30 35 42 3 23 17 4756.13 4775.04
0 41 9 8 39 47 31 45 19 7 29 6 38 20 18 28 44 33 37 34 16 13 21 48 12 22 14 24 15 26 32 40 49 5 2 27 4 10 1 46 36 11 25 43 30 35 42 3 23 17 4756.13 4763.5
0 41 9 8 39 47 31 45 19 7 29 6 38 20 18 28 44 33 37 34 16 13 21 48 12 22 14 24 15 26 32 40 49 5 2 27 4 10 1 46 36 11 25 43 30 35 42 3 23 17 4756.13 4759.36
0 41 9 8 39 47 31 45 19 7 29 6 38 20 18 28 44 33 37 34 16 13 21 48 12 22 14 24 15 26 32 40 49 5 2 27 4 10 1 46 36 11 25 43 30 35 42 3 23 17 4756.13 4758.73
0 41 9 8 39 47 31 45 19 7 29 6 38 20 18 28 44 33 37 34 16 13 21 48 12 22 14 24 15 26 32 40 49 5 2 27 4 10 1 46 36 11 25 43 30 35 42 3 23 17 4756.13 4769.44
0 41 9 8 39 47 31 45 19 7 29 6 38 20 18 28 44 33 37 34 16 13 21 48 12 22 14 24 15 26 32 40 49 5 2 27 4 10 1 46 36 11 25 43 30 35 42 3 23 17 4756.13 4763.15
0 23 17 3 42 35 30 43 25 11 36 46 1 10 4 27 2 5 49 40 32 26 15 24 14 22 12 48 21 13 16 34 37 33 44 28 18 20 38 6 29 7 19 45 31 47 39 8 9 41 4752.84 4756.09
0 41 9 8 39 47 31 45 19 7 29 6 38 20 18 28 44 33 37 34 16 13 21 12 48 22 14 24 15 26 32 40 49 5 2 27 4 10 1 46 36 11 25 43 30 35 42 3 23 17 4746.2 4778.55
0 41 9 8 39 47 31 45 19 7 29 6 38 20 18 28 44 33 37 34 16 13 21 12 48 22 14 24 15 26 32 40 49 5 2 27 4 10 1 46 36 11 25 43 30 35 42 3 23 17 4746.2 4891.86
0 41 9 8 39 47 31 45 19 7 29 6 38 20 18 28 44 33 37 34 16 13 21 12 48 22 14 24 15 26 32 40 49 5 2 27 4 10 1 46 36 11 25 43 30 35 42 3 23 17 4746.2 4853.02
0 41 9 8 39 47 31 45 19 7 29 6 38 20 18 28 44 33 37 34 16 13 21 12 48 22 14 24 15 26 32 40 49 5 2 27 4 10 1 46 36 11 25 43 30 35 42 3 23 17 4746.2 4804.01
0 41 9 8 39 47 31 45 19 7 29 6 38 20 18 28 44 33 37 34 16 13 21 12 48 22 14 24 15 26 32 40 49 5 2 27 4 10 1 46 36 11 25 43 30 35 42 3 23 17 4746.2 4764.44
0 41 9 8 39 47 31 45 19 7 29 6 38 20 18 28 44 33 37 34 16 13 21 12 48 22 14 24 15 26 32 40 49 5 2 27 4 10 1 46 36 11 25 43 30 35 42 3 23 17 4746.2 4746.34
0 41 9 8 39 47 31 45 19 7 29 6 38 20 18 28 44 33 37 34 16 13 21 12 48 22 14 24 15 26 32 40 49 5 2 27 4 10 1 46 36 11 25 43 30 35 42 3 23 17 4746.2 4748.26
0 41 9 8 39 47 31 45 19 7 29 6 38 20 18 28 44 33 37 34 16 13 21 12 48 22 14 24 15 26 32 40 49 5 2 27 4 10 1 46 36 11 25 43 30 35 42 3 23 17 4746.2 4746.2
0 41 9 8 39 47 31 45 19 7 29 6 38 20 18 28 44 33 37 34 16 13 21 12 48 22 14 24 15 26 32 40 49 5 2 27 4 10 1 46 36 11 25 43 30 35 42 3 17 23 4742.9 4752.02
0 41 9 8 39 47 31 45 19 7 29 6 38 20 18 28 44 33 37 34 16 13 21 12 48 22 14 24 15 26 32 40 49 5 2 27 4 10 1 46 36 11 25 43 30 35 42 3 17 23 4742.9 4762.23
0 41 9 8 39 47 31 45 19 7 29 6 38 20 18 28 44 33 37 34 16 13 21 12 48 22 14 24 15 26 32 40 49 5 2 27 4 10 1 46 36 11 25 43 30 35 42 3 17 23 4742.9 4751.57
0 41 9 8 39 47 31 45 19 7 29 6 38 20 18 28 44 33 37 34 16 13 21 12 48 22 14 24 15 26 32 40 49 5 2 27 4 10 1 46 36 11 25 43 30 35 42 3 17 23 4742.9 4759.01
0 41 9 8 39 47 31 45 19 7 29 6 38 20 18 28 44 33 37 34 16 13 21 12 48 22 14 24 15 26 32 40 49 5 2 27 4 10 1 46 36 11 25 43 30 35 42 3 17 23 4742.9 4749.26
0 41 9 8 39 47 31 45 19 7 29 6 38 20 18 28 44 33 37 34 16 13 21 12 48 22 14 24 15 26 32 40 49 5 2 27 4 10 1 46 36 11 25 43 30 35 42 3 17 23 4742.9 4755.5
0 41 9 8 39 47 31 45 19 7 29 6 38 20 18 28 44 33 37 34 16 13 21 12 48 22 14 24 15 26 32 40 49 5 2 27 4 10 1 46 36 11 25 43 30 35 42 17 3 23 4742.15 4793.42
0 41 9 8 39 47 31 45 19 7 29 6 38 20 18 28 44 33 37 34 16 13 21 12 48 22 14 24 15 26 32 40 49 5 2 27 4 10 1 46 36 11 25 43 30 35 42 17 3 23 4742.15 4765.95
0 41 9 8 39 47 31 45 19 7 29 6 38 20 18 28 44 33 37 34 16 13 21 12 48 22 14 24 15 26 32 40 49 5 2 27 4 10 1 46 36 11 25 43 30 35 42 17 3 23 4742.15 4742.49
0 41 9 8 39 47 31 45 19 7 29 6 38 20 18 28 44 33 37 34 16 13 21 12 48 22 14 24 15 26 32 40 49 5 2 27 4 10 1 46 36 11 25 43 30 35 42 17 3 23 4742.15 4742.26
0 41 9 8 39 47 31 45 19 7 29 6 38 20 18 28 44 33 37 34 16 13 21 12 48 22 14 24 15 26 32 40 49 5 2 27 4 10 1 46 36 11 25 43 30 35 42 17 3 23 4742.15 4742.15
0 41 9 8 39 47 31 45 19 7 29 6 38 20 18 28 44 33 37 34 16 13 21 12 48 22 14 24 15 26 32 40 49 5 2 27 4 10 1 46 36 11 25 43 30 35 42 17 3 23 4742.15 4742.15
0 41 9 8 39 47 31 45 19 7 29 6 38 20 18 28 44 33 37 34 16 13 21 12 48 22 14 24 15 26 32 40 49 5 2 27 4 10 1 46 36 11 25 43 30 35 42 17 3 23 4742.15 4742.15
0 41 9 8 39 47 31 45 19 7 29 6 38 20 18 28 44 33 37 34 16 21 13 12 48 22 14 24 15 26 32 40 49 5 2 27 4 10 1 46 36 11 25 43 30 35 42 17 3 23 4736.34 4742.94
0 41 9 8 39 47 31 45 19 7 29 6 38 20 18 28 44 33 37 34 16 21 13 12 48 22 14 24 15 26 32 40 49 5 2 27 4 10 1 46 36 11 25 43 30 35 42 17 3 23 4736.34 4745.46
0 41 9 8 39 47 31 45 19 7 29 6 38 20 18 28 44 33 37 34 16 21 13 12 48 22 14 24 15 26 32 40 49 5 2 27 4 10 1 46 36 11 25 43 30 35 42 17 3 23 4736.34 4738.61
0 41 9 8 39 47 31 45 19 7 29 6 38 20 18 28 44 33 37 34 16 21 13 12 48 22 14 24 15 26 32 40 49 5 2 27 4 10 1 46 36 11 25 43 30 35 42 17 3 23 4736.34 4736.92
0 41 9 8 39 47 31 45 19 7 29 6 38 20 18 28 44 33 37 34 16 21 13 12 48 22 14 24 15 26 32 40 49 5 2 27 4 10 1 46 36 11 25 43 30 35 42 17 3 23 4736.34 4736.34
0 41 9 8 39 47 31 45 19 7 29 6 38 20 18 28 44 33 37 34 16 21 13 12 48 22 14 24 15 26 32 40 49 5 2 27 4 10 1 46 36 11 25 43 30 35 42 17 3 23 4736.34 4736.34
0 41 9 8 39 47 31 45 19 7 29 6 38 20 18 28 44 33 37 34 16 21 13 12 48 22 14 24 15 26 32 40 49 5 2 27 4 10 1 46 36 11 25 43 30 35 42 17 3 23 4736.34 4742.6
0 41 9 8 39 47 31 45 19 7 29 6 38 20 18 28 44 33 37 34 16 21 13 12 48 22 14 24 15 26 32 40 49 5 2 27 4 10 1 46 36 11 25 43 30 35 42 17 3 23 4736.34 4736.34
0 23 3 17 42 35 30 43 25 11 36 46 1 10 4 27 2 5 49 40 32 26 15 24 14 22 48 12 13 21 16 34 37 33 44 28 18 20 38 6 29 7 19 45 31 47 39 8 9 41 4736.34 4775.64
0 23 3 17 42 35 30 43 25 11 36 46 1 10 4 27 2 5 49 40 32 26 15 24 14 22 48 12 13 21 16 34 37 33 44 28 18 20 38 6 29 7 19 45 31 47 39 8 9 41 4736.34 4822.16
0 23 3 17 42 35 30 43 25 11 36 46 1 10 4 27 2 5 49 40 32 26 15 24 14 22 48 12 13 21 16 34 37 33 44 28 18 20 38 6 29 7 19 45 31 47 39 8 9 41 4736.34 4853.19
0 23 3 17 42 35 30 43 25 11 36 46 1 10 4 27 2 5 49 40 32 26 15 24 14 22 48 12 13 21 16 34 37 33 44 28 18 20 38 6 29 7 19 45 31 47 39 8 9 41 4736.34 4893.87
0 23 3 17 42 35 30 43 25 11 36 46 1 10 4 27 2 5 49 40 32 26 15 24 14 22 48 12 13 16 21 34 37 33 44 28 18 20 38 6 29 7 19 45 31 47 39 8 9 41 4732.56 4953.86
0 23 3 17 42 35 30 43 25 11 36 46 1 10 4 27 2 5 49 40 32 26 15 24 14 22 48 12 13 16 21 34 37 33 44 28 18 20 38 6 29 7 19 45 31 47 39 8 9 41 4732.56 4747
0 23 3 17 42 35 30 43 25 11 36 46 1 10 4 27 2 5 49 40 32 26 15 24 14 22 48 12 13 16 21 34 37 33 44 28 18 20 38 6 29 7 19 45 31 47 39 8 9 41 4732.56 4746.03
0 23 3 17 42 35 30 43 25 11 36 46 1 10 4 27 2 5 49 40 32 26 15 24 14 22 48 12 13 16 21 34 37 33 44 28 18 20 38 6 29 7 19 45 31 47 39 8 9 41 4732.56 4738.48
0 23 3 17 42 35 30 43 25 11 36 46 1 10 4 27 2 5 49 40 32 26 15 24 14 22 48 12 13 16 21 34 37 33 44 28 18 20 38 6 29 7 19 45 31 47 39 8 9 41 4732.56 4742.7
0 23 3 17 42 35 30 43 25 11 36 46 1 10 4 27 2 5 49 40 32 26 15 24 14 22 48 12 13 16 21 34 37 33 44 28 18 20 38 6 29 7 19 45 31 47 39 8 9 41 4732.56 4732.71
0 23 3 17 42 35 30 43 25 11 36 46 1 10 4 27 2 5 49 40 32 26 15 24 14 22 48 12 13 16 21 34 37 33 44 28 18 20 38 6 29 7 19 45 31 47 39 8 9 41 4732.56 4732.68
0 23 3 17 42 35 30 43 25 11 36 46 1 10 4 27 2 5 49 40 32 26 15 24 14 22 48 12 13 16 21 34 37 33 44 28 18 20 38 6 29 7 19 45 31 47 39 8 9 41 4732.56 4738.35
0 23 3 17 42 35 30 43 25 11 36 46 1 10 4 27 2 5 49 40 32 26 15 24 14 22 48 12 13 16 21 34 37 33 44 28 18 20 38 6 29 7 19 45 31 47 39 8 9 41 4732.56 4732.56
0 23 3 17 42 35 30 43 25 11 36 46 1 10 4 27 2 5 49 40 32 26 15 24 14 22 48 12 13 16 21 34 37 33 44 28 18 20 38 6 29 7 19 45 31 47 39 8 9 41 4732.56 4732.56
0 23 3 17 42 35 30 43 25 11 36 46 1 10 4 27 2 5 49 40 32 26 15 24 14 22 48 12 13 16 21 34 37 33 44 28 18 20 38 6 29 7 19 45 31 47 39 8 9 41 4732.56 4741.24
0 23 3 17 42 35 30 43 25 11 36 46 1 10 4 27 2 5 49 40 32 26 15 24 14 22 48 12 13 16 21 34 37 33 44 28 18 20 38 6 29 7 19 45 31 47 39 8 9 41 4732.56 4743.13
0 23 3 17 42 35 30 43 25 11 36 46 1 10 4 27 2 5 49 40 32 26 15 24 14 22 48 12 13 16 21 34 37 33 44 28 18 20 38 6 29 7 19 45 31 47 39 8 9 41 4732.56 4732.82
0 23 3 17 42 35 30 43 25 11 36 46 1 10 4 27 2 5 49 40 32 26 15 24 14 22 48 12 13 16 21 34 37 33 44 28 18 20 38 6 29 7 19 45 31 47 39 8 9 41 4732.56 4733.72
0 23 3 17 42 35 30 43 25 11 36 46 1 10 4 27 2 5 49 40 32 26 15 24 14 22 48 12 13 16 21 34 37 33 44 28 18 20 38 6 29 7 19 45 31 47 39 8 9 41 4732.56 4732.93
0 23 3 17 42 35 30 43 25 11 36 46 1 10 4 27 2 5 49 40 32 26 15 24 14 22 48 12 13 16 21 34 37 33 44 28 18 20 38 6 29 7 19 45 31 47 39 8 9 41 4732.56 4732.56
0 23 3 17 42 35 30 43 25 11 36 46 1 10 4 27 2 5 49 40 32 26 15 24 14 22 48 12 13 16 21 34 37 33 44 28 18 20 38 6 29 7 19 45 31 47 39 8 9 41 4732.56 4733.99
0 23 3 17 42 35 30 43 25 11 36 46 1 10 4 27 2 5 49 40 32 26 15 24 14 22 48 12 13 16 21 34 37 33 44 28 18 20 38 6 29 7 19 45 31 47 39 8 9 41 4732.56 4742.75
0 23 3 17 42 35 30 43 25 11 36 46 1 10 4 27 2 5 49 40 32 26 15 24 14 22 48 12 13 16 21 34 37 33 44 28 18 20 38 6 29 7 19 45 31 47 39 8 9 41 4732.56 4750.5
0 23 3 17 42 35 30 43 25 11 36 46 1 10 4 27 2 5 49 40 32 26 15 24 14 22 48 12 13 16 21 34 37 33 44 28 18 20 38 6 29 7 19 45 31 47 39 8 9 41 4732.56 4736.47
0 23 3 17 42 35 30 43 25 11 36 46 1 10 4 27 2 5 49 40 32 26 15 24 14 22 48 12 13 16 21 34 37 33 44 28 18 20 38 6 29 7 19 45 31 47 39 8 9 41 4732.56 4734.79
0 23 3 17 42 35 30 43 25 11 36 46 1 10 4 27 2 5 49 40 32 26 15 24 14 22 48 12 13 16 21 34 37 33 44 28 18 20 38 6 29 7 19 45 31 47 39 8 9 41 4732.56 4735.06
0 23 3 17 42 35 30 43 25 11 36 46 1 10 4 27 2 5 49 40 32 26 15 24 14 22 48 12 13 16 21 34 37 33 44 28 18 20 38 6 29 7 19 45 31 47 39 8 9 41 4732.56 4735.52
0 23 3 17 42 35 30 43 25 11 36 46 1 10 4 27 2 5 49 40 32 26 15 24 14 22 48 12 13 16 21 34 37 33 44 28 18 20 38 6 29 7 19 45 31 47 39 8 9 41 4732.56 4732.56
0 23 3 17 42 35 30 43 25 11 36 46 1 10 4 27 2 5 49 40 32 26 15 24 14 22 48 12 13 41 16 21 34 37 33 44 28 18 20 38 6 29 7 19 45 31 47 39 8 9 4728.87 4732.53
0 23 3 17 42 35 30 43 25 11 36 46 1 10 4 27 2 5 49 40 32 26 15 24 14 22 48 12 13 41 16 21 34 37 33 44 28 18 20 38 6 29 7 19 45 31 47 39 8 9 4728.87 4732.88
0 23 3 17 42 35 30 43 25 11 36 46 1 10 4 27 2 5 49 40 32 26 15 24 14 22 48 12 13 41 16 21 34 37 33 44 28 18 20 38 6 29 7 19 45 31 47 39 8 9 4728.87 4732.58
0 23 3 17 42 35 30 43 25 11 36 46 1 10 4 27 2 5 49 40 32 26 15 24 14 22 48 12 13 41 16 21 34 37 33 44 28 18 20 38 6 29 7 19 45 31 47 39 8 9 4728.87 4730.28
0 23 3 17 42 35 30 43 25 11 36 46 1 10 4 27 2 5 49 40 32 26 15 24 14 22 48 12 13 41 16 21 34 37 33 44 28 18 20 38 6 29 7 19 45 31 47 39 8 9 4728.87 4729.81
0 23 3 17 42 35 30 43 25 11 36 46 1 10 4 27 2 5 49 40 32 26 15 24 14 22 48 12 13 41 16 21 34 37 33 44 28 18 20 38 6 29 7 19 45 31 47 39 8 9 4728.87 4728.87
0 23 3 17 42 35 30 43 25 11 36 46 1 10 4 27 2 5 49 40 32 26 15 24 14 22 48 12 13 41 16 21 34 37 33 44 28 18 20 38 6 29 7 19 45 31 47 39 8 9 4728.87 4728.94
0 23 3 17 42 35 30 43 25 11 36 46 1 10 4 27 2 5 49 40 32 26 15 24 14 22 48 12 13 41 16 21 34 37 33 44 28 18 20 38 6 29 7 19 45 31 47 39 8 9 4728.87 4732.77
0 23 3 17 42 35 30 43 25 11 36 46 1 10 4 27 2 5 49 40 32 26 15 24 14 22 48 12 13 41 16 21 34 37 33 44 28 18 20 38 6 29 7 19 45 31 47 39 8 9 4728.87 4728.87
0 23 3 17 42 35 30 43 25 11 36 46 1 10 4 27 2 5 49 40 32 26 15 24 14 22 48 12 13 41 16 21 34 37 33 44 28 18 20 38 6 29 7 19 45 31 47 39 8 9 4728.87 4728.87
0 23 3 17 42 35 30 43 25 11 36 46 1 10 4 27 2 5 49 40 32 26 15 24 14 22 48 12 13 41 16 21 34 37 33 44 28 18 20 38 6 29 7 19 45 31 47 39 8 9 4728.87 4728.87
0 23 3 17 42 35 30 43 25 11 36 46 1 10 4 27 2 5 49 40 32 26 15 24 14 22 48 12 13 41 16 21 34 37 33 44 28 18 20 38 6 29 7 19 45 31 47 39 8 9 4728.87 4729.18
0 23 3 17 42 35 30 43 25 11 36 46 1 10 4 27 2 5 49 40 32 26 15 24 14 22 48 12 13 41 16 21 34 47 19 37 33 44 28 18 20 38 6 29 7 45 31 39 8 9 4701.13 4728.06
0 23 3 17 42 35 30 2 27 4 10 1 46 36 11 25 43 5 49 32 40 26 15 24 14 22 48 12 13 41 16 21 34 37 33 44 28 18 20 38 6 29 7 19 45 31 47 39 8 9 4660.28 4729.78
0 23 3 17 42 35 30 2 27 4 10 1 46 36 11 25 43 5 49 32 40 26 15 24 14 22 48 12 13 41 16 21 34 47 19 37 33 44 28 18 20 38 6 29 7 45 31 39 8 9 4632.54 4724.98
0 23 3 17 42 35 30 2 27 4 10 1 46 36 11 25 43 5 49 32 40 26 15 24 14 22 48 12 13 41 16 21 34 47 19 37 33 44 28 18 20 38 6 29 7 45 31 39 8 9 4632.54 4725.95
0 23 3 17 42 35 30 2 27 4 10 1 46 36 11 25 43 5 49 32 40 26 15 24 14 22 48 12 13 41 16 21 34 47 19 37 33 44 28 18 20 38 6 29 7 45 31 39 8 9 4632.54 4671.36
0 23 3 17 42 35 30 2 27 4 10 1 46 36 11 25 43 5 49 32 40 26 15 24 14 22 48 12 13 41 16 21 34 47 19 37 33 44 28 18 20 38 6 29 7 45 31 39 8 9 4632.54 4648.7
0 23 3 17 42 35 30 2 27 4 10 1 46 36 11 25 43 5 49 32 40 26 15 24 14 22 48 12 13 41 16 21 34 47 19 37 33 44 28 18 20 38 6 29 7 45 31 39 8 9 4632.54 4650.21
0 23 3 17 42 35 30 2 27 4 10 1 46 36 11 25 43 5 49 32 40 26 15 24 14 22 48 12 13 41 16 21 34 47 19 37 33 44 28 18 20 38 6 29 7 45 31 39 8 9 4632.54 4636.09
0 23 3 17 42 35 30 2 27 4 10 1 46 36 11 25 43 5 49 32 40 26 15 24 14 22 48 12 13 41 16 21 34 47 19 37 33 44 28 18 20 38 6 29 7 45 31 39 8 9 4632.54 4632.54
0 23 3 17 42 35 30 2 27 4 10 1 46 36 11 25 43 5 49 32 40 26 15 24 14 22 48 12 13 41 16 21 34 47 19 37 33 44 28 18 20 38 6 29 7 45 31 39 8 9 4632.54 4633.61
0 23 3 17 42 35 30 2 27 4 10 1 46 36 11 25 43 5 49 32 40 26 15 24 14 22 48 12 13 41 16 21 34 47 19 37 33 44 28 18 20 38 6 29 7 45 31 39 8 9 4632.54 4632.54
0 23 3 17 42 35 30 2 27 4 10 1 46 36 11 25 43 5 49 32 40 26 15 24 14 22 48 12 13 41 16 21 34 47 19 37 33 44 28 18 20 38 6 29 7 45 31 39 8 9 4632.54 4634.07
0 23 3 17 42 35 30 2 27 4 10 1 46 36 11 25 43 5 49 32 40 26 15 24 14 22 48 12 13 41 16 21 34 47 19 37 33 44 28 18 20 38 6 29 7 45 31 39 8 9 4632.54 4662.24
0 23 3 17 42 35 30 2 27 4 10 1 46 36 11 25 43 5 49 32 40 26 15 24 14 22 48 12 13 41 16 21 34 47 19 37 33 44 28 18 20 38 6 29 7 45 31 39 8 9 4632.54 4635.53
0 23 3 17 42 35 30 2 27 4 10 1 46 36 11 25 43 5 49 32 40 26 15 24 14 22 48 12 13 41 16 21 34 47 19 37 33 44 28 18 20 38 6 29 7 45 31 39 8 9 4632.54 4652.58
0 23 3 17 42 35 30 2 27 4 10 1 46 36 11 25 43 5 49 32 40 26 15 24 14 22 48 12 13 41 16 21 34 47 19 37 33 44 28 18 20 38 6 29 7 45 31 39 8 9 4632.54 4632.67
0 23 3 17 42 35 30 2 27 4 10 1 46 36 11 25 43 5 49 32 40 26 15 24 14 22 48 12 13 41 16 21 34 47 19 37 33 44 28 18 20 38 6 29 7 45 31 39 8 9 4632.54 4632.8
0 23 3 17 42 35 30 2 27 4 10 1 46 36 11 25 43 5 49 32 40 26 15 24 14 22 48 12 13 41 16 21 34 47 19 37 33 44 28 18 20 38 6 29 7 45 31 39 8 9 4632.54 4637.46
0 23 3 17 42 35 30 2 27 4 10 1 46 36 11 25 43 5 49 32 40 26 15 24 14 22 48 12 13 41 16 21 34 47 19 37 33 44 28 18 20 38 6 29 7 45 31 39 8 9 4632.54 4632.63
0 23 3 17 42 35 30 2 27 4 10 1 46 36 11 25 43 5 49 32 40 26 15 24 14 22 48 12 13 41 16 21 34 47 19 37 33 44 28 18 20 38 6 29 7 45 31 39 8 9 4632.54 4632.76
0 23 3 17 42 35 30 2 27 4 10 1 46 36 11 25 43 5 49 32 40 26 15 24 14 22 48 12 13 41 16 21 34 47 19 37 33 44 28 18 20 38 6 29 7 45 31 39 8 9 4632.54 4634.32
0 23 3 17 42 35 30 2 27 4 10 1 46 36 11 25 43 5 49 32 40 26 15 24 14 22 48 12 13 41 16 21 34 47 19 37 33 44 28 18 20 38 6 29 7 45 31 39 8 9 4632.54 4632.54
0 23 3 17 42 35 30 2 27 4 10 1 46 36 11 25 43 5 49 32 40 26 15 24 14 22 48 12 13 41 16 21 34 47 19 37 33 44 28 18 20 38 6 29 7 45 31 39 8 9 4632.54 4632.54
0 23 3 17 42 35 30 2 27 4 10 1 46 36 11 25 43 5 49 32 40 26 15 24 14 22 48 12 13 41 16 21 34 47 19 37 33 44 28 18 20 38 6 29 7 45 31 39 8 9 4632.54 4646.32
0 23 3 17 42 35 30 2 27 4 10 1 46 36 11 25 43 5 49 32 40 26 15 24 14 22 48 12 13 41 16 21 34 47 19 37 33 44 28 18 20 38 6 29 7 45 31 39 8 9 4632.54 4634.4
0 23 3 17 42 35 30 2 27 4 10 1 46 36 11 25 43 5 49 32 40 26 15 24 14 22 48 12 13 41 16 21 34 47 19 37 33 44 28 18 20 38 6 29 7 45 31 39 9 8 4622.92 4632.44
0 23 3 17 42 35 30 2 27 4 10 1 46 36 11 25 43 5 49 32 40 26 15 24 14 22 48 12 13 41 16 21 34 47 19 37 33 44 28 18 20 38 6 29 7 45 31 39 9 8 4622.92 4631.12
0 23 3 17 42 35 30 2 27 4 10 1 46 36 11 25 43 5 49 32 40 26 15 24 14 22 48 12 13 41 16 21 34 47 19 37 33 44 28 18 20 38 6 29 7 45 31 39 9 8 4622.92 4626.48
0 23 3 17 42 35 30 2 27 4 10 1 46 36 11 25 43 5 49 32 40 26 15 24 14 22 48 12 13 41 16 21 34 47 19 37 33 44 28 18 20 38 6 29 7 45 31 39 9 8 4622.92 4629.18
0 23 3 17 42 35 30 2 27 4 10 1 46 36 11 25 43 5 49 32 40 26 15 24 14 22 48 12 13 41 16 21 34 47 19 37 33 44 28 18 20 38 6 29 7 45 31 39 9 8 4622.92 4622.92
0 23 3 17 42 35 30 2 27 4 10 1 46 36 11 25 43 5 49 32 40 26 15 24 14 22 48 12 13 41 16 21 34 47 19 37 33 44 28 18 20 38 6 29 7 45 31 39 9 8 4622.92 4622.92
0 23 3 17 42 35 30 2 27 4 10 1 46 36 11 25 43 5 49 32 40 26 15 24 14 22 48 12 13 41 16 21 34 47 19 37 33 44 28 18 20 38 6 29 7 45 31 39 9 8 4622.92 4622.92
0 23 3 17 42 35 30 2 27 4 10 1 46 36 11 25 43 5 49 32 40 26 15 24 14 22 48 12 13 41 16 21 34 47 19 37 33 44 28 18 20 38 6 29 7 45 31 39 9 8 4622.92 4634.92
0 23 3 17 42 35 30 2 27 4 10 1 46 36 11 25 43 5 49 32 40 26 15 24 14 22 48 12 13 41 16 21 34 47 19 37 33 44 28 18 20 38 6 29 7 45 31 39 9 8 4622.92 4622.92
0 23 3 17 42 35 30 2 27 4 10 1 46 36 11 25 43 5 49 32 40 26 15 24 14 22 48 12 13 41 16 21 34 47 19 37 33 44 28 18 20 38 6 29 7 45 31 39 9 8 4622.92 4625.11
0 23 3 17 42 35 30 2 27 4 10 1 46 36 11 25 43 5 49 32 40 26 15 24 14 22 48 12 13 41 16 21 34 47 19 37 33 44 28 18 20 38 6 29 7 45 31 39 9 8 4622.92 4623.5
0 23 3 17 42 35 30 2 27 4 10 1 46 36 11 25 43 5 49 32 40 26 15 24 14 22 48 12 13 41 16 21 34 47 19 37 33 44 28 18 20 38 6 29 7 45 31 39 9 8 4622.92 4632.53
0 23 3 17 42 35 30 2 27 4 10 1 46 36 11 25 43 5 49 32 40 26 15 24 14 22 48 12 13 41 16 21 34 47 19 37 33 44 28 18 20 38 6 29 7 45 31 39 9 8 4622.92 4635.8
0 23 3 17 42 35 30 2 27 4 10 1 46 36 11 25 43 5 49 32 40 26 15 24 14 22 48 12 13 41 16 21 34 47 19 37 33 44 28 18 20 38 6 29 7 45 31 39 9 8 4622.92 4633.93
0 23 3 17 42 35 30 2 27 4 10 1 46 36 11 25 43 5 49 32 40 26 15 24 14 22 48 12 13 41 16 21 34 47 19 37 33 44 28 18 20 38 6 29 7 45 31 39 9 8 4622.92 4644.43
0 23 3 17 42 35 30 2 27 4 10 1 46 36 11 25 43 5 49 32 40 26 15 24 14 22 48 12 13 41 16 21 34 47 19 37 33 44 28 18 20 38 6 29 7 45 31 39 9 8 4622.92 4653
0 23 3 17 42 35 30 2 27 4 10 1 46 36 11 25 43 5 49 32 40 26 15 24 14 22 48 12 13 41 16 21 34 47 19 37 33 44 28 18 20 38 6 29 7 45 31 39 9 8 4622.92 4632.4
0 23 3 17 42 35 30 2 27 4 10 1 46 36 11 25 43 5 49 32 40 26 15 24 14 22 48 12 13 41 16 21 34 47 19 37 33 44 28 18 20 38 6 29 7 45 31 39 9 8 4622.92 4651.85
0 23 3 17 42 35 30 2 27 4 10 1 46 36 11 25 43 5 49 32 40 26 15 24 14 22 48 12 13 41 16 21 34 47 19 37 33 44 28 18 20 38 6 29 7 45 31 39 9 8 4622.92 4626.82
0 23 3 17 42 35 30 2 27 4 10 1 46 36 11 25 43 5 49 32 40 26 15 24 14 22 48 12 13 41 16 21 34 47 19 37 33 44 28 18 20 38 6 29 7 45 31 39 9 8 4622.92 4622.92
0 23 3 17 42 35 30 2 27 4 10 1 46 36 11 25 43 5 49 32 40 26 15 24 14 22 48 12 13 41 16 21 34 47 19 37 33 44 28 18 20 38 6 29 7 45 31 39 9 8 4622.92 4624.42
0 23 3 17 42 35 30 2 27 4 10 1 46 36 11 25 43 5 49 32 40 26 15 24 14 22 48 12 13 41 16 21 34 47 19 37 33 44 28 18 20 38 6 29 7 45 31 39 9 8 4622.92 4630.31
0 23 3 17 42 35 30 2 27 4 10 1 46 36 11 25 43 5 49 32 40 26 15 24 14 22 48 12 13 41 16 21 34 47 19 37 33 44 28 18 20 38 6 29 7 45 31 39 9 8 4622.92 4646.88
0 23 3 17 42 35 30 2 27 4 10 1 46 36 11 25 43 5 49 32 40 26 15 24 14 22 48 12 13 41 16 21 34 47 19 37 33 44 28 18 20 38 6 29 7 45 31 39 9 8 4622.92 4642.05
0 23 3 17 42 35 30 2 27 4 10 1 46 36 11 25 43 5 49 32 40 26 15 24 14 22 48 12 13 41 16 21 34 47 19 37 33 44 28 18 20 38 6 29 7 45 31 39 9 8 4622.92 4647.85
0 23 3 17 42 35 30 2 27 4 10 1 46 36 11 25 43 5 49 32 40 26 15 24 14 22 48 12 13 41 16 21 34 47 19 37 33 44 28 18 20 38 6 29 7 45 31 39 9 8 4622.92 4643.74
0 23 3 17 42 35 30 2 27 4 10 1 46 36 11 25 43 5 49 32 40 26 15 24 14 22 48 12 13 41 16 21 34 47 19 37 33 44 28 18 20 38 6 29 7 45 31 39 9 8 4622.92 4622.92
0 23 3 17 42 35 30 2 27 4 10 1 46 36 11 25 43 5 49 32 40 26 15 24 14 22 48 12 13 41 16 21 34 47 19 37 33 44 28 18 20 38 6 29 7 45 31 39 9 8 4622.92 4636.5
0 23 3 17 42 35 30 2 27 4 10 1 46 36 11 25 43 5 49 32 40 26 15 24 14 22 48 12 13 41 16 21 34 47 19 37 33 44 28 18 20 38 6 29 7 45 31 39 9 8 4622.92 4622.92
0 23 3 17 42 35 30 2 27 4 10 1 46 36 11 25 43 5 49 32 40 26 15 24 14 22 48 12 13 41 16 21 34 47 19 37 33 44 28 18 20 38 6 29 7 45 31 39 9 8 4622.92 4638.07
0 23 3 17 42 35 30 2 27 4 10 1 46 36 11 25 43 5 49 32 40 26 15 24 14 22 48 12 13 41 16 21 34 47 19 37 33 44 28 18 20 38 6 29 7 45 31 39 9 8 4622.92 4622.92
0 23 3 17 42 35 30 2 27 4 10 1 46 36 11 25 43 5 49 32 40 26 15 24 14 22 48 12 13 41 16 21 34 47 19 37 33 44 28 18 20 38 6 29 7 45 31 39 9 8 4622.92 4622.96
0 23 3 17 42 35 30 2 27 4 10 1 46 36 11 25 43 5 49 32 40 26 15 24 14 22 48 12 13 41 16 21 34 47 19 37 33 44 28 18 20 38 6 29 7 45 31 39 9 8 4622.92 4644.17
0 23 3 17 42 35 30 2 27 4 10 1 46 36 11 25 43 5 49 32 40 26 15 24 14 22 48 12 13 41 16 21 34 47 19 37 33 44 28 18 20 38 6 29 7 45 31 39 9 8 4622.92 4631.26
0 23 3 17 42 35 30 2 27 4 10 1 46 36 11 25 43 5 49 32 40 26 15 24 14 22 48 12 13 41 16 21 34 47 19 37 33 44 28 18 20 38 6 29 7 45 31 39 9 8 4622.92 4657.2
0 23 3 17 42 35 30 2 27 4 10 1 46 36 11 25 43 5 49 32 40 26 15 24 14 22 48 12 13 41 16 21 34 47 19 37 33 44 28 18 20 38 6 29 7 45 31 39 9 8 4622.92 4626.08
0 23 3 17 42 35 30 2 27 4 10 1 46 36 11 25 43 5 49 32 40 26 15 24 14 22 48 12 13 41 16 21 34 47 19 37 33 44 28 18 20 38 6 29 7 45 31 39 9 8 4622.92 4624.68
0 23 3 17 42 35 30 2 27 4 10 1 46 36 11 25 43 5 49 32 40 26 15 24 14 22 48 12 13 41 16 21 34 47 19 37 33 44 28 18 20 38 6 29 7 45 31 39 9 8 4622.92 4626.46
0 23 3 17 42 35 30 2 27 4 10 1 46 36 11 25 43 5 49 32 40 26 15 24 14 22 48 12 13 41 16 21 34 47 19 37 33 44 28 18 20 38 6 29 7 45 31 39 9 8 4622.92 4627.71
0 23 3 17 42 35 30 2 27 4 10 1 46 36 11 25 43 5 49 32 40 26 15 24 14 22 48 12 13 41 16 21 34 47 19 37 33 44 28 18 20 38 6 29 7 45 31 39 9 8 4622.92 4628.37
0 23 3 17 42 35 30 2 27 4 10 1 46 36 11 25 43 5 49 32 40 26 15 24 14 22 48 12 13 41 16 21 34 47 19 37 33 44 28 18 20 38 6 29 7 45 31 39 9 8 4622.92 4659.51
0 23 3 17 42 35 30 2 27 4 10 1 46 36 11 25 43 5 49 32 40 26 15 24 14 22 48 12 13 41 16 21 34 47 19 37 33 44 28 18 20 38 6 29 7 45 31 39 9 8 4622.92 4629.55
0 23 3 17 42 35 30 2 27 4 10 1 46 36 11 25 43 5 49 32 40 26 15 24 14 22 48 12 13 41 16 21 34 47 19 37 33 44 28 18 20 38 6 29 7 45 31 39 9 8 4622.92 4622.92
0 23 3 17 42 35 30 2 27 4 10 1 46 36 11 25 43 5 49 32 40 26 15 24 14 22 48 12 13 41 16 21 34 47 19 37 33 44 28 18 20 38 6 29 7 45 31 39 9 8 4622.92 4628.48
0 23 3 17 42 35 30 2 27 4 10 1 46 36 11 25 43 5 49 32 40 26 15 24 14 22 48 12 13 41 16 21 34 47 19 37 33 44 28 18 20 38 6 29 7 45 31 39 9 8 4622.92 4630.85
0 23 3 17 42 35 30 2 27 4 10 1 46 36 11 25 43 5 49 32 40 26 15 24 14 22 48 12 13 41 16 21 34 47 19 37 33 44 28 18 20 38 6 29 7 45 31 39 9 8 4622.92 4628.31
0 23 3 17 42 35 30 2 27 4 10 1 46 36 11 25 43 5 49 32 40 26 15 24 14 22 48 12 13 41 16 21 34 47 19 37 33 44 28 18 20 38 6 29 7 45 31 39 9 8 4622.92 4636.01
0 23 3 17 42 35 30 2 27 4 10 1 46 36 11 25 43 5 49 32 40 26 15 24 14 22 48 12 13 41 16 21 34 47 19 37 33 44 28 18 20 38 6 29 7 45 31 39 9 8 4622.92 4645.44
0 23 3 17 42 35 30 2 27 4 10 1 46 36 11 25 43 5 49 32 40 26 15 24 14 22 48 12 13 41 16 21 34 47 19 37 33 44 28 18 20 38 6 29 7 45 31 39 9 8 4622.92 4638.03
0 23 3 17 42 35 30 2 27 4 10 1 46 36 11 25 43 5 49 32 40 26 15 24 14 22 48 12 13 41 16 21 34 47 19 37 33 44 28 18 20 38 6 29 7 45 31 39 9 8 4622.92 4628.41
0 23 3 17 42 35 30 2 27 4 10 1 46 36 11 25 43 5 49 32 40 26 15 24 14 22 48 12 13 41 16 21 34 47 19 37 33 44 28 18 20 38 6 29 7 45 31 39 9 8 4622.92 4622.92
0 23 3 17 42 35 30 2 27 4 10 1 46 36 11 25 43 5 49 32 40 26 15 24 14 22 48 12 13 41 16 21 34 47 19 37 33 44 28 18 20 38 6 29 7 45 31 39 9 8 4622.92 4631.66
0 23 3 17 42 35 30 2 27 4 10 1 46 36 11 25 43 5 49 32 40 26 15 24 14 22 48 12 13 41 16 21 34 47 19 37 33 44 28 18 20 38 6 29 7 45 31 39 9 8 4622.92 4636.09
0 23 3 17 42 35 30 2 27 4 10 1 46 36 11 25 43 5 49 32 40 26 15 24 14 22 48 12 13 41 16 21 34 47 19 37 33 44 28 18 20 38 6 29 7 45 31 39 9 8 4622.92 4637.02
0 23 3 17 42 35 30 2 27 4 10 1 46 36 11 25 43 5 49 32 40 26 15 24 14 22 48 12 13 41 16 21 34 47 19 37 33 44 28 18 20 38 6 29 7 45 31 39 9 8 4622.92 4632.13
0 23 3 17 42 35 30 2 27 4 10 1 46 36 11 25 43 5 49 32 40 26 15 24 14 22 48 12 13 41 16 21 34 47 19 37 33 44 28 18 20 38 6 29 7 45 31 39 9 8 4622.92 4622.92
0 23 3 17 42 35 30 2 27 4 10 1 46 36 11 25 43 5 49 32 40 26 15 24 14 22 48 12 13 41 16 21 34 47 19 37 33 44 28 18 20 38 6 29 7 45 31 39 9 8 4622.92 4624.01
0 23 3 17 42 35 30 2 27 4 10 1 46 36 11 25 43 5 49 32 40 26 15 24 14 22 48 12 13 41 16 21 34 47 19 37 33 44 28 18 20 38 6 29 7 45 31 39 9 8 4622.92 4623
0 23 3 17 42 35 30 2 27 4 10 1 46 36 11 25 43 5 49 32 40 26 15 24 14 22 48 12 13 41 16 21 34 47 19 37 33 44 28 18 20 38 6 29 7 45 31 39 9 8 4622.92 4667.09
0 23 3 17 42 35 30 2 27 4 10 1 46 36 11 25 43 5 49 32 40 26 15 24 14 22 48 12 13 41 16 21 34 47 19 37 33 44 28 18 20 38 6 29 7 45 31 39 9 8 4622.92 4622.92
0 23 3 17 42 35 30 2 27 4 10 1 46 36 11 25 43 5 49 32 40 26 15 24 14 22 48 12 13 41 16 21 34 47 19 37 33 44 28 18 20 38 6 29 7 45 31 39 9 8 4622.92 4627.34
0 23 3 17 42 35 30 2 27 4 10 1 46 36 11 25 43 5 49 32 40 26 15 24 14 22 48 12 13 41 16 21 34 47 19 37 33 44 28 18 20 38 6 29 7 45 31 39 9 8 4622.92 4622.92
0 23 3 17 42 35 30 2 27 4 10 1 46 36 11 25 43 5 49 32 40 26 15 24 14 22 48 12 13 41 16 21 34 47 19 37 33 44 28 18 20 38 6 29 7 45 31 39 9 8 4622.92 4623.22
0 23 3 17 42 35 30 2 27 4 10 1 46 36 11 25 43 5 49 32 40 26 15 24 14 22 48 12 13 41 16 21 34 47 19 37 33 44 28 18 20 38 6 29 7 45 31 39 9 8 4622.92 4645.02
0 23 3 17 42 35 30 2 27 4 10 1 46 36 11 25 43 5 49 32 40 26 15 24 14 22 48 12 13 41 16 21 34 47 19 37 33 44 28 18 20 38 6 29 7 45 31 39 9 8 4622.92 4627.62
0 23 3 17 42 35 30 2 27 4 10 1 46 36 11 25 43 5 49 32 40 26 15 24 14 22 48 12 13 41 16 21 34 47 19 37 33 44 28 18 20 38 6 29 7 45 31 39 9 8 4622.92 4635.45
0 23 3 17 42 35 30 2 27 4 10 1 46 36 11 25 43 5 49 32 40 26 15 24 14 22 48 12 13 41 16 21 34 47 19 37 33 44 28 18 20 38 6 29 7 45 31 39 9 8 4622.92 4634.37
0 23 3 17 42 35 30 2 27 4 10 1 46 36 11 25 43 5 49 32 40 26 15 24 14 22 48 12 13 41 16 21 34 47 19 37 33 44 28 18 20 38 6 29 7 45 31 39 9 8 4622.92 4622.92
0 23 3 17 42 35 30 2 27 4 10 1 46 36 11 25 43 5 49 32 40 26 15 24 14 22 48 12 13 41 16 21 34 47 19 37 33 44 28 18 20 38 6 29 7 45 31 39 9 8 4622.92 4650.08
0 23 3 17 42 35 30 2 27 4 10 1 46 36 11 25 43 5 49 32 40 26 15 24 14 22 48 12 13 41 16 21 34 47 19 37 33 44 28 18 20 38 6 29 7 45 31 39 9 8 4622.92 4629.69
0 23 3 17 42 35 30 2 27 4 10 1 46 36 11 25 43 5 49 32 40 26 15 24 14 22 48 12 13 41 16 21 34 47 19 37 33 44 28 18 20 38 6 29 7 45 31 39 9 8 4622.92 4642.28
0 23 3 17 42 35 30 2 27 4 10 1 46 36 11 25 43 5 49 32 40 26 15 24 14 22 48 12 13 41 16 21 34 47 19 37 33 44 28 18 20 38 6 29 7 45 31 39 9 8 4622.92 4626.33
0 23 3 17 42 35 30 2 27 4 10 1 46 36 11 25 43 5 49 32 40 26 15 24 14 22 48 12 13 41 16 21 34 47 19 37 33 44 28 18 20 38 6 29 7 45 31 39 9 8 4622.92 4628.51
0 23 3 17 42 35 30 2 27 4 10 1 46 36 11 25 43 5 49 32 40 26 15 24 14 22 48 12 13 41 16 21 34 47 19 37 33 44 28 18 20 38 6 29 7 45 31 39 9 8 4622.92 4622.92
0 23 3 17 42 35 30 2 27 4 10 1 46 36 11 25 43 5 49 32 40 26 15 24 14 22 48 12 13 41 16 21 34 47 19 37 33 44 28 18 20 38 6 29 7 45 31 39 9 8 4622.92 4623.31
0 23 3 17 42 35 30 2 27 4 10 1 46 36 11 25 43 5 49 32 40 26 15 24 14 22 48 12 13 41 16 21 34 47 19 37 33 44 28 18 20 38 6 29 7 45 31 39 9 8 4622.92 4622.92
0 23 3 17 42 35 30 2 27 4 10 1 46 36 11 25 43 5 49 32 40 26 15 24 14 22 48 12 13 41 16 21 34 47 19 37 33 44 28 18 20 38 6 29 7 45 31 39 9 8 4622.92 4623.18
0 23 3 17 42 35 30 2 27 4 10 1 46 36 11 25 43 5 49 32 40 26 15 24 14 22 48 12 13 41 16 21 34 47 19 37 33 44 28 18 20 38 6 29 7 45 31 39 9 8 4622.92 4628.77
0 23 3 17 42 35 30 2 27 4 10 1 46 36 11 25 43 5 49 32 40 26 15 24 14 22 48 12 13 41 16 21 34 47 19 37 33 44 28 18 20 38 6 29 7 45 31 39 9 8 4622.92 4622.92
0 23 3 17 42 35 30 2 27 4 10 1 46 36 11 25 43 5 49 32 40 26 15 24 14 22 48 12 13 41 16 21 34 47 19 37 33 44 28 18 20 38 6 29 7 45 31 39 9 8 4622.92 4622.92
0 23 3 17 42 35 30 2 27 4 10 1 46 36 11 25 43 5 49 32 40 26 15 24 14 22 48 12 13 41 16 21 34 47 19 37 33 44 28 18 20 38 6 29 7 45 31 39 9 8 4622.92 4624.75
0 23 3 17 42 35 30 2 27 4 10 1 46 36 11 25 43 5 49 32 40 26 15 24 14 22 48 12 13 41 16 21 34 47 19 37 33 44 28 18 20 38 6 29 7 45 31 39 9 8 4622.92 4637.06
0 23 3 17 42 35 30 2 27 4 10 1 46 36 11 25 43 5 49 32 40 26 15 24 14 22 48 12 13 41 16 21 34 47 19 37 33 44 28 18 20 38 6 29 7 45 31 39 9 8 4622.92 4626.42
0 23 3 17 42 35 30 2 27 4 10 1 46 36 11 25 43 5 49 32 40 26 15 24 14 22 48 12 13 41 16 21 34 47 19 37 33 44 28 18 20 38 6 29 7 45 31 39 9 8 4622.92 4626.27
0 23 3 17 42 35 30 2 27 4 10 1 46 36 11 25 43 5 49 32 40 26 15 24 14 22 48 12 13 41 16 21 34 47 19 37 33 44 28 18 20 38 6 29 7 45 31 39 9 8 4622.92 4622.92
0 23 3 17 42 35 30 2 27 4 10 1 46 36 11 25 43 5 49 32 40 26 15 24 14 22 48 12 41 16 13 21 34 47 19 37 33 44 28 18 20 38 6 29 7 45 31 39 9 8 4613.55 4642.54
0 23 3 17 42 35 30 2 27 4 10 1 46 36 11 25 43 5 49 32 40 26 15 24 14 22 48 12 41 16 13 21 34 47 19 37 33 44 28 18 20 38 6 29 7 45 31 39 9 8 4613.55 4624.93
0 23 3 17 42 35 30 2 27 4 10 1 46 36 11 25 43 5 49 32 40 26 15 24 14 22 48 12 41 16 13 21 34 47 19 37 33 44 28 18 20 38 6 29 7 45 31 39 9 8 4613.55 4632.59
0 23 3 17 42 35 30 2 27 4 10 1 46 36 11 25 43 5 49 32 40 26 15 24 14 22 48 12 41 16 13 21 34 47 19 37 33 44 28 18 20 38 6 29 7 45 31 39 9 8 4613.55 4639.37
0 23 3 17 42 35 30 2 27 4 10 1 46 36 11 25 43 5 49 32 40 26 15 24 14 22 48 12 41 16 13 21 34 47 19 37 33 44 28 18 20 38 6 29 7 45 31 39 9 8 4613.55 4626.31
0 23 3 17 42 35 30 2 27 4 10 1 46 36 11 25 43 5 49 32 40 26 15 24 14 22 48 12 41 16 13 21 34 47 19 37 33 44 28 18 20 38 6 29 7 45 31 39 9 8 4613.55 4635.99
0 23 3 17 42 35 30 2 27 4 10 1 46 36 11 25 43 5 49 32 40 26 15 24 14 22 48 12 41 16 13 21 34 47 19 37 33 44 28 18 20 38 6 29 7 45 31 39 9 8 4613.55 4641.8
0 23 3 17 42 35 30 2 27 4 10 1 46 36 11 25 43 5 49 32 40 26 15 24 14 22 48 12 41 16 13 21 34 47 19 37 33 44 28 18 20 38 6 29 7 45 31 39 9 8 4613.55 4629.71
0 23 3 17 42 35 30 2 27 4 10 1 46 36 11 25 43 5 49 32 40 26 15 24 14 22 48 12 41 16 13 21 34 47 19 37 33 44 28 18 20 38 6 29 7 45 31 39 9 8 4613.55 4639.76
0 23 3 17 42 35 30 2 27 4 10 1 46 36 11 25 43 5 49 32 40 26 15 24 14 22 48 12 41 16 13 21 34 47 19 37 33 44 28 18 20 38 6 29 7 45 31 39 9 8 4613.55 4626.01
0 23 3 17 42 35 30 2 27 4 10 1 46 36 11 25 43 5 49 32 40 26 15 24 14 22 48 12 41 16 13 21 34 47 19 37 33 44 28 18 20 38 6 29 7 45 31 39 9 8 4613.55 4616.78
0 23 3 17 42 35 30 2 27 4 10 1 46 36 11 25 43 5 49 32 40 26 15 24 14 22 48 12 41 16 13 21 34 47 19 37 33 44 28 18 20 38 6 29 7 45 31 39 9 8 4613.55 4618.63
0 23 3 17 42 35 30 2 27 4 10 1 46 36 11 25 43 5 49 32 40 26 15 24 14 22 48 12 41 16 13 21 34 47 19 37 33 44 28 18 20 38 6 29 7 45 31 39 9 8 4613.55 4613.55
0 23 3 17 42 35 30 2 27 4 10 1 46 36 11 25 43 5 49 32 40 26 15 24 14 22 48 12 41 16 13 21 34 47 19 37 33 44 28 18 20 38 6 29 7 45 31 39 9 8 4613.55 4613.55
0 23 3 17 42 35 30 2 27 4 10 1 46 36 11 25 43 5 49 32 40 26 15 24 14 22 48 12 41 16 13 21 34 47 19 37 33 44 28 18 20 38 6 29 7 45 31 39 9 8 4613.55 4622.59
0 23 3 17 42 35 30 2 27 4 10 1 46 36 11 25 43 5 49 32 40 26 15 24 14 22 48 12 41 16 13 21 34 47 19 37 33 44 28 18 20 38 6 29 7 45 31 39 9 8 4613.55 4613.55
0 23 3 17 42 35 30 2 27 4 10 1 46 36 11 25 43 5 49 32 40 26 15 24 14 22 48 12 41 16 13 21 34 47 19 37 33 44 28 18 20 38 6 29 7 45 31 39 9 8 4613.55 4613.55
0 23 3 17 42 35 30 2 27 4 10 1 46 36 11 25 43 5 49 32 40 26 15 24 14 22 48 12 41 16 13 21 34 47 19 37 33 44 28 18 20 38 6 29 7 45 31 39 9 8 4613.55 4613.55
0 23 3 17 42 35 30 2 27 4 10 1 46 36 11 25 43 5 49 32 40 26 15 24 14 22 48 12 41 16 13 21 34 47 19 37 33 44 28 18 20 38 6 29 7 45 31 39 9 8 4613.55 4613.55
0 23 3 17 42 35 30 2 27 4 10 1 46 36 11 25 43 5 49 32 40 26 15 24 14 22 48 12 41 16 13 21 34 47 19 37 33 44 28 18 20 38 6 29 7 45 31 39 9 8 4613.55 4613.55
0 23 3 17 42 35 30 2 27 4 10 1 46 36 11 25 43 5 49 32 40 26 15 24 14 22 48 12 41 16 13 21 34 47 19 37 33 44 28 18 20 38 6 29 7 45 31 39 9 8 4613.55 4613.55
0 23 3 17 42 35 30 2 27 4 10 1 46 36 11 25 43 5 49 32 40 26 15 24 14 22 48 12 41 16 13 21 34 47 19 37 33 44 28 18 20 38 6 29 7 45 31 39 9 8 4613.55 4617.41
0 23 3 17 42 35 30 2 27 4 10 1 46 36 11 25 43 5 49 32 40 26 15 24 14 22 48 12 41 16 13 21 34 47 19 37 33 44 28 18 20 38 6 29 7 45 31 39 9 8 4613.55 4614.86
0 23 3 17 42 35 30 2 27 4 10 1 46 36 11 25 43 5 49 32 40 26 15 24 14 22 48 12 41 16 13 21 34 47 19 37 33 44 28 18 20 38 6 29 7 45 31 39 9 8 4613.55 4613.55
0 23 3 17 42 35 30 2 27 4 10 1 46 36 11 25 43 5 49 32 40 26 15 24 14 22 48 12 41 16 13 21 34 47 19 37 33 44 28 18 20 38 6 29 7 45 31 39 9 8 4613.55 4613.55
0 23 3 17 42 35 30 2 27 4 10 1 46 36 11 25 43 5 49 32 40 26 15 24 14 22 48 12 41 16 13 21 34 47 19 37 33 44 28 18 20 38 6 29 7 45 31 39 9 8 4613.55 4613.55
0 23 3 17 42 35 30 2 27 4 10 1 46 36 11 25 43 5 49 32 40 26 15 24 14 22 48 12 41 16 13 21 34 47 19 37 33 44 28 18 20 38 6 29 7 45 31 39 9 8 4613.55 4623.2
0 23 3 17 42 35 30 2 27 4 10 1 46 36 11 25 43 5 49 32 40 26 15 24 14 22 48 12 41 16 13 21 34 47 19 37 33 44 28 18 20 38 6 29 7 45 31 39 9 8 4613.55 4631.39
0 23 3 17 42 35 30 2 27 4 10 1 46 36 11 25 43 5 49 32 40 26 15 24 14 22 48 12 41 16 13 21 34 47 19 37 33 44 28 18 20 38 6 29 7 45 31 39 9 8 4613.55 4613.55
0 23 3 17 42 35 30 2 27 4 10 1 46 36 11 25 43 5 49 32 40 26 15 24 14 22 48 12 41 16 13 21 34 47 19 37 33 44 28 18 20 38 6 29 7 45 31 39 9 8 4613.55 4613.55
0 23 3 17 42 35 30 2 27 4 10 1 46 36 11 25 43 5 49 32 40 26 15 24 14 22 48 12 41 16 13 21 34 47 19 37 33 44 28 18 20 38 6 29 7 45 31 39 9 8 4613.55 4615.45
0 23 3 17 42 35 30 2 27 4 10 1 46 36 11 25 43 5 49 32 40 26 15 24 14 22 48 12 41 16 13 21 34 47 19 37 33 44 28 18 20 38 6 29 7 45 31 39 9 8 4613.55 4617.62
0 23 3 17 42 35 30 2 27 4 10 1 46 36 11 25 43 5 49 32 40 26 15 24 14 22 48 12 41 16 13 21 34 47 19 37 33 44 28 18 20 38 6 29 7 45 31 39 9 8 4613.55 4644.83
0 23 3 17 42 35 30 2 27 4 10 1 46 36 11 25 43 5 49 32 40 26 15 24 14 22 48 12 41 16 13 21 34 47 19 37 33 44 28 18 20 38 6 29 7 45 31 39 9 8 4613.55 4616.02
0 23 3 17 42 35 30 2 27 4 10 1 46 36 11 25 43 5 49 32 40 26 15 24 14 22 48 12 41 16 13 21 34 47 19 37 33 44 28 18 20 38 6 29 7 45 31 39 9 8 4613.55 4613.83
0 23 3 17 42 35 30 2 27 4 10 1 46 36 11 25 43 5 49 32 40 26 15 24 14 22 48 12 41 16 13 21 34 47 19 37 33 44 28 18 20 38 6 29 7 45 31 39 9 8 4613.55 4614.35
0 23 3 17 42 35 30 2 27 4 10 1 46 36 11 25 43 5 49 32 40 26 15 24 14 22 48 12 41 16 13 21 34 47 19 37 33 44 28 18 20 38 6 29 7 45 31 39 9 8 4613.55 4613.55
0 23 3 17 42 35 30 2 27 4 10 1 46 36 11 25 43 5 49 32 40 26 15 24 14 22 48 12 41 16 13 21 34 47 19 37 33 44 28 18 20 38 6 29 7 45 31 39 9 8 4613.55 4618.86
0 23 3 17 42 35 30 2 27 4 10 1 46 36 11 25 43 5 49 32 40 26 15 24 14 22 48 12 41 16 13 21 34 47 19 37 33 44 28 18 20 38 6 29 7 45 31 39 9 8 4613.55 4630.91
0 23 3 17 42 35 30 2 27 4 10 1 46 36 11 25 43 5 49 32 40 26 15 24 14 22 48 12 41 16 13 21 34 47 19 37 33 44 28 18 20 38 6 29 7 45 31 39 9 8 4613.55 4613.55
0 23 3 17 42 35 30 2 27 4 10 1 46 36 11 25 43 5 49 32 40 26 15 24 14 22 48 12 41 16 13 21 34 47 19 37 33 44 28 18 20 38 6 29 7 45 31 39 9 8 4613.55 4616.61
0 23 3 17 42 35 30 2 27 4 10 1 46 36 11 25 43 5 49 32 40 26 15 24 14 22 48 12 41 16 13 21 34 47 19 37 33 44 28 18 20 38 6 29 7 45 31 39 9 8 4613.55 4615.75
0 23 3 17 42 35 30 2 27 4 10 1 46 36 11 25 43 5 49 32 40 26 15 24 14 22 48 12 41 16 13 21 34 47 19 37 33 44 28 18 20 38 6 29 7 45 31 39 9 8 4613.55 4623.24
0 23 3 17 42 35 30 2 27 4 10 1 46 36 11 25 43 5 49 32 40 26 15 24 14 22 48 12 41 16 13 21 34 47 19 37 33 44 28 18 20 38 6 29 7 45 31 39 9 8 4613.55 4613.55
0 23 3 17 42 35 30 2 27 4 10 1 46 36 11 25 43 5 49 32 40 26 15 24 14 22 48 12 41 16 13 21 34 47 19 37 33 44 28 18 20 38 6 29 7 45 31 39 9 8 4613.55 4613.55
0 23 3 17 42 35 30 2 27 4 10 1 46 36 11 25 43 5 49 32 40 26 15 24 14 22 48 12 41 16 13 21 34 47 19 37 33 44 28 18 20 38 6 29 7 45 31 39 9 8 4613.55 4619.38
0 23 3 17 42 35 30 2 27 4 10 1 46 36 11 25 43 5 49 32 40 26 15 24 14 22 48 12 41 16 13 21 34 47 19 37 33 44 28 18 20 38 6 29 7 45 31 39 9 8 4613.55 4615.28
0 23 3 17 42 35 30 2 27 4 10 1 46 36 11 25 43 5 49 32 40 26 15 24 14 22 48 12 41 16 13 21 34 47 19 37 33 44 28 18 20 38 6 29 7 45 31 39 9 8 4613.55 4615.89
0 23 3 17 42 35 30 2 27 4 10 1 46 36 11 25 43 5 49 32 40 26 15 24 14 22 48 12 41 16 13 21 34 47 19 37 33 44 28 18 20 38 6 29 7 45 31 39 9 8 4613.55 4622.31
0 23 3 17 42 35 30 2 27 4 10 1 46 36 11 25 43 5 49 32 40 26 15 24 14 22 48 12 41 16 13 21 34 47 19 37 33 44 28 18 20 38 6 29 7 45 31 39 9 8 4613.55 4621.58
0 23 3 17 42 35 30 2 27 4 10 1 46 36 11 25 43 5 49 32 40 26 15 24 14 22 48 12 41 16 13 21 34 47 19 37 33 44 28 18 20 38 6 29 7 45 31 39 9 8 4613.55 4619.97
0 23 3 17 42 35 30 2 27 4 10 1 46 36 11 25 43 5 49 32 40 26 15 24 14 22 48 12 41 16 13 21 34 47 19 37 33 44 28 18 20 38 6 29 7 45 31 39 9 8 4613.55 4614.23
0 23 3 17 42 35 30 2 27 4 10 1 46 36 11 25 43 5 49 32 40 26 15 24 14 22 48 12 41 16 13 21 34 47 19 37 33 44 28 18 20 38 6 29 7 45 31 39 9 8 4613.55 4632.33
0 23 3 17 42 35 30 2 27 4 10 1 46 36 11 25 43 5 49 32 40 26 15 24 14 22 48 12 41 16 13 21 34 47 19 37 33 44 28 18 20 38 6 29 7 45 31 39 9 8 4613.55 4619.01
0 23 3 17 42 35 30 2 27 4 10 1 46 36 11 25 43 5 49 32 40 26 15 24 14 22 48 12 41 16 13 21 34 47 19 37 33 44 28 18 20 38 6 29 7 45 31 39 9 8 4613.55 4619.86
0 23 3 17 42 35 30 2 27 4 10 1 46 36 11 25 43 5 49 32 40 26 15 24 14 22 48 12 41 16 13 21 34 47 19 37 33 44 28 18 20 38 6 29 7 45 31 39 9 8 4613.55 4658
0 23 3 17 42 35 30 2 27 4 10 1 46 36 11 25 43 5 49 32 40 26 15 24 14 22 48 12 41 16 13 21 34 47 19 37 33 44 28 18 20 38 6 29 7 45 31 39 9 8 4613.55 4641.32
0 23 3 17 42 35 30 2 27 4 10 1 46 36 11 25 43 5 49 32 40 26 15 24 14 22 48 12 41 16 13 21 34 47 19 37 33 44 28 18 20 38 6 29 7 45 31 39 9 8 4613.55 4620.97
0 23 3 17 42 35 30 2 27 4 10 1 46 36 11 25 43 5 49 32 40 26 15 24 14 22 48 12 41 16 13 21 34 47 19 37 33 44 28 18 20 38 6 29 7 45 31 39 9 8 4613.55 4622.63
0 23 3 17 42 35 30 2 27 4 10 1 46 36 11 25 43 5 49 32 40 26 15 24 14 22 48 12 41 16 13 21 34 47 19 37 33 44 28 18 20 38 6 29 7 45 31 39 9 8 4613.55 4613.55
0 23 3 17 42 35 30 2 27 4 10 1 46 36 11 25 43 5 49 32 40 26 15 24 14 22 48 12 41 16 13 21 34 47 19 37 33 44 28 18 20 38 6 29 7 45 31 39 9 8 4613.55 4616.14
0 23 3 17 42 35 30 2 27 4 10 1 46 36 11 25 43 5 49 32 40 26 15 24 14 22 48 12 41 16 13 21 34 47 19 37 33 44 28 18 20 38 6 29 7 45 31 39 9 8 4613.55 4614.22
0 23 3 17 42 35 30 2 27 4 10 1 46 36 11 25 43 5 49 32 40 26 15 24 14 22 48 12 41 16 13 21 34 47 19 37 33 44 28 18 20 38 6 29 7 45 31 39 9 8 4613.55 4617.38
0 23 3 17 42 35 30 2 27 4 10 1 46 36 11 25 43 5 49 32 40 26 15 24 14 22 48 12 41 16 13 21 34 47 19 37 33 44 28 18 20 38 6 29 7 45 31 39 9 8 4613.55 4613.55
0 23 3 17 42 35 30 2 27 4 10 1 46 36 11 25 43 5 49 32 40 26 15 24 14 22 48 12 41 16 13 21 34 47 19 37 33 44 28 18 20 38 6 29 7 45 31 39 9 8 4613.55 4613.55
0 23 3 17 42 35 30 2 27 4 10 1 46 36 11 25 43 5 49 32 40 26 15 24 14 22 48 12 41 16 13 21 34 47 19 37 33 44 28 18 20 38 6 29 7 45 31 39 9 8 4613.55 4614.01
0 23 3 17 42 35 30 2 27 4 10 1 46 36 11 25 43 5 49 32 40 26 15 24 14 22 48 12 41 16 13 21 34 47 19 37 33 44 28 18 20 38 6 29 7 45 31 39 9 8 4613.55 4613.55
0 23 3 17 42 35 30 2 27 4 10 1 46 36 11 25 43 5 49 32 40 26 15 24 14 22 48 12 41 16 13 21 34 47 19 37 33 44 28 18 20 38 6 29 7 45 31 39 9 8 4613.55 4615
0 23 3 17 42 35 30 2 27 4 10 1 46 36 11 25 43 5 49 32 40 26 15 24 14 22 48 12 41 16 13 21 34 47 19 37 33 44 28 18 20 38 6 29 7 45 31 39 9 8 4613.55 4644.99
0 23 3 17 42 35 30 2 27 4 10 1 46 36 11 25 43 5 49 32 40 26 15 24 14 22 48 12 41 16 13 21 34 47 19 37 33 44 28 18 20 38 6 29 7 45 31 39 9 8 4613.55 4671.1
0 23 3 17 42 35 30 2 27 4 10 1 46 36 11 25 43 5 49 32 40 26 15 24 14 22 48 12 41 16 13 21 34 47 19 37 33 44 28 18 20 38 6 29 7 45 31 39 9 8 4613.55 4614.84
0 23 3 17 42 35 30 2 27 4 10 1 46 36 11 25 43 5 49 32 40 26 15 24 14 22 48 12 41 16 13 21 34 47 19 37 33 44 28 18 20 38 6 29 7 45 31 39 9 8 4613.55 4622.1
0 23 3 17 42 35 30 2 27 4 10 1 46 36 11 25 43 5 49 32 40 26 15 24 14 22 48 12 41 16 13 21 34 47 19 37 33 44 28 18 20 38 6 29 7 45 31 39 9 8 4613.55 4629.72
0 23 3 17 42 35 30 2 27 4 10 1 46 36 11 25 43 5 49 32 40 26 15 24 14 22 48 12 41 16 13 21 34 47 19 37 33 44 28 18 20 38 6 29 7 45 31 39 9 8 4613.55 4615.47
0 23 3 17 42 35 30 2 27 4 10 1 46 36 11 25 43 5 49 32 40 26 15 24 14 22 48 12 41 16 13 21 34 47 19 37 33 44 28 18 20 38 6 29 7 45 31 39 9 8 4613.55 4620.95
0 23 3 17 42 35 30 2 27 4 10 1 46 36 11 25 43 5 49 32 40 26 15 24 14 22 48 12 41 16 13 21 34 47 19 37 33 44 28 18 20 38 6 29 7 45 31 39 9 8 4613.55 4613.55
0 23 3 17 42 35 30 2 27 4 10 1 46 36 11 25 43 5 49 32 40 26 15 24 14 22 48 12 41 16 13 21 34 47 19 37 33 44 28 18 20 38 6 29 7 45 31 39 9 8 4613.55 4613.78
0 23 3 17 42 35 30 2 27 4 10 1 46 36 11 25 43 5 49 32 40 26 15 24 14 22 48 12 41 16 13 21 34 47 19 37 33 44 28 18 20 38 6 29 7 45 31 39 9 8 4613.55 4619.01
0 23 3 17 42 35 30 2 27 4 10 1 46 36 11 25 43 5 49 32 40 26 15 24 14 22 48 12 41 16 13 21 34 47 19 37 33 44 28 18 20 38 6 29 7 45 31 39 9 8 4613.55 4631.53
0 23 3 17 42 35 30 2 27 4 10 1 46 36 11 25 43 5 49 32 40 26 15 24 14 22 48 12 41 16 13 21 34 47 19 37 33 44 28 18 20 38 6 29 7 45 31 39 9 8 4613.55 4622.72
0 23 3 17 42 35 30 2 27 4 10 1 46 36 11 25 43 5 49 32 40 26 15 24 14 22 48 12 41 16 13 21 34 47 19 37 33 44 28 18 20 38 6 29 7 45 31 39 9 8 4613.55 4614.34
0 23 3 17 42 35 30 2 27 4 10 1 46 36 11 25 43 5 49 32 40 26 15 24 14 22 48 12 41 16 13 21 34 47 19 37 33 44 28 18 20 38 6 29 7 45 31 39 9 8 4613.55 4655.16
0 23 3 17 42 35 30 2 27 4 10 1 46 36 11 25 43 5 49 32 40 26 15 24 14 22 48 12 41 16 13 21 34 47 19 37 33 44 28 18 20 38 6 29 7 45 31 39 9 8 4613.55 4625.84
0 23 3 17 42 35 30 2 27 4 10 1 46 36 11 25 43 5 49 32 40 26 15 24 14 22 48 12 41 16 13 21 34 47 19 37 33 44 28 18 20 38 6 29 7 45 31 39 9 8 4613.55 4630.24
0 23 3 17 42 35 30 2 27 4 10 1 46 36 11 25 43 5 49 32 40 26 15 24 14 22 48 12 41 16 13 21 34 47 19 37 33 44 28 18 20 38 6 29 7 45 31 39 9 8 4613.55 4628.09
0 23 3 17 42 35 30 2 27 4 10 1 46 36 11 25 43 5 49 32 40 26 15 24 14 22 48 12 41 16 13 21 34 47 19 37 33 44 28 18 20 38 6 29 7 45 31 39 9 8 4613.55 4616.75
0 23 3 17 42 35 30 2 27 4 10 1 46 36 11 25 43 5 49 32 40 26 15 24 14 22 48 12 41 16 13 21 34 47 19 37 33 44 28 18 20 38 6 29 7 45 31 39 9 8 4613.55 4652.16
0 23 3 17 42 35 30 2 27 4 10 1 46 36 11 25 43 5 49 32 40 26 15 24 14 22 48 12 41 16 13 21 34 47 19 37 33 44 28 18 20 38 6 29 7 45 31 39 9 8 4613.55 4619.46
0 23 3 17 42 35 30 2 27 4 10 1 46 36 11 25 43 5 49 32 40 26 15 24 14 22 48 12 41 16 13 21 34 47 19 37 33 44 28 18 20 38 6 29 7 45 31 39 9 8 4613.55 4613.55
0 23 3 17 42 35 30 2 27 4 10 1 46 36 11 25 43 5 49 32 40 26 15 24 14 22 48 12 41 16 13 21 34 47 19 37 33 44 28 18 20 38 6 29 7 45 31 39 9 8 4613.55 4616.96
0 23 3 17 42 35 30 2 27 4 10 1 46 36 11 25 43 5 49 32 40 26 15 24 14 22 48 12 41 16 13 21 34 47 19 37 33 44 28 18 20 38 6 29 7 45 31 39 9 8 4613.55 4621.55
0 23 3 17 42 35 30 2 27 4 10 1 46 36 11 25 43 5 49 32 40 26 15 24 14 22 48 12 41 16 13 21 34 47 19 37 33 44 28 18 20 38 6 29 7 45 31 39 9 8 4613.55 4614.28
0 23 3 17 42 35 30 2 27 4 10 1 46 36 11 25 43 5 49 32 40 26 15 24 14 22 48 12 41 16 13 21 34 47 19 37 33 44 28 18 20 38 6 29 7 45 31 39 9 8 4613.55 4613.55
0 23 3 17 42 35 30 2 27 4 10 1 46 36 11 25 43 5 49 32 40 26 15 24 14 22 48 12 41 16 13 21 34 47 19 37 33 44 28 18 20 38 6 29 7 45 31 39 9 8 4613.55 4613.55
0 23 3 17 42 35 30 2 27 4 10 1 46 36 11 25 43 5 49 32 40 26 15 24 14 22 48 12 41 16 13 21 34 47 19 37 33 44 28 18 20 38 6 29 7 45 31 39 9 8 4613.55 4626.63
0 23 3 17 42 35 30 2 27 4 10 1 46 36 11 25 43 5 49 32 40 26 15 24 14 22 48 12 41 16 13 21 34 47 19 37 33 44 28 18 20 38 6 29 7 45 31 39 9 8 4613.55 4617.68
0 23 3 17 42 35 30 2 27 4 10 1 46 36 11 25 43 5 49 32 40 26 15 24 14 22 48 12 41 16 13 21 34 47 19 37 33 44 28 18 20 38 6 29 7 45 31 39 9 8 4613.55 4615.07
0 23 3 17 42 35 30 2 27 4 10 1 46 36 11 25 43 5 49 32 40 26 15 24 14 22 48 12 41 16 13 21 34 47 19 37 33 44 28 18 20 38 6 29 7 45 31 39 9 8 4613.55 4619.4
0 23 3 17 42 35 30 2 27 4 10 1 46 36 11 25 43 5 49 32 40 26 15 24 14 22 48 12 41 16 13 21 34 47 19 37 33 44 28 18 20 38 6 29 7 45 31 39 9 8 4613.55 4614.34
0 23 3 17 42 35 30 2 27 4 10 1 46 36 11 25 43 5 49 32 40 26 15 24 14 22 48 12 41 16 13 21 34 47 19 37 33 44 28 18 20 38 6 29 7 45 31 39 9 8 4613.55 4613.55
0 23 3 17 42 35 30 2 27 4 10 1 46 36 11 25 43 5 49 32 40 26 15 24 14 22 48 12 41 16 13 21 34 47 19 37 33 44 28 18 20 38 6 29 7 45 31 39 9 8 4613.55 4618.99
0 23 3 17 42 35 30 2 27 4 10 1 46 36 11 25 43 5 49 32 40 26 15 24 14 22 48 12 41 16 13 21 34 47 19 37 33 44 28 18 20 38 6 29 7 45 31 39 9 8 4613.55 4622.15
0 23 3 17 42 35 30 2 27 4 10 1 46 36 11 25 43 5 49 32 40 26 15 24 14 22 48 12 41 16 13 21 34 47 19 37 33 44 28 18 20 38 6 29 7 45 31 39 9 8 4613.55 4614.17
0 23 3 17 42 35 30 2 27 4 10 1 46 36 11 25 43 5 49 32 40 26 15 24 14 22 48 12 41 16 13 21 34 47 19 37 33 44 28 18 20 38 6 29 7 45 31 39 9 8 4613.55 4619.57
0 23 3 17 42 35 30 2 27 4 10 1 46 36 11 25 43 5 49 32 40 26 15 24 14 22 48 12 41 16 13 21 34 47 19 37 33 44 28 18 20 38 6 29 7 45 31 39 9 8 4613.55 4624.21
0 23 3 17 42 35 30 2 27 4 10 1 46 36 11 25 43 5 49 32 40 26 15 24 14 22 48 12 41 16 13 21 34 47 19 37 33 44 28 18 20 38 6 29 7 45 31 39 9 8 4613.55 4613.75
0 23 3 17 42 35 30 2 27 4 10 1 46 36 11 25 43 5 49 32 40 26 15 24 14 22 48 12 41 16 13 21 34 47 19 37 33 44 28 18 20 38 6 29 7 45 31 39 9 8 4613.55 4613.55
0 23 3 17 42 35 30 2 27 4 10 1 46 36 11 25 43 5 49 32 40 26 15 24 14 22 48 12 41 16 13 21 34 47 19 37 33 44 28 18 20 38 6 29 7 45 31 39 9 8 4613.55 4613.55
0 23 3 17 42 35 30 2 27 4 10 1 46 36 11 25 43 5 49 32 40 26 15 24 14 22 48 12 41 16 13 21 34 47 19 37 33 44 28 18 20 38 6 29 7 45 31 39 9 8 4613.55 4616.96
0 23 3 17 42 35 30 2 27 4 10 1 46 36 11 25 43 5 49 32 40 26 15 24 14 22 48 12 41 16 13 21 34 47 19 37 33 44 28 18 20 38 6 29 7 45 31 39 9 8 4613.55 4613.55
0 23 3 17 42 35 30 2 27 4 10 1 46 36 11 25 43 5 49 32 40 26 15 24 14 22 48 12 41 16 13 21 34 47 19 37 33 44 28 18 20 38 6 29 7 45 31 39 9 8 4613.55 4613.55
0 23 3 17 42 35 30 2 27 4 10 1 46 36 11 25 43 5 49 32 40 26 15 24 14 22 48 12 41 16 13 21 34 47 19 37 33 44 28 18 20 38 6 29 7 45 31 39 9 8 4613.55 4617.22
0 23 3 17 42 35 30 2 27 4 10 1 46 36 11 25 43 5 49 32 40 26 15 24 14 22 48 12 41 16 13 21 34 47 19 37 33 44 28 18 20 38 6 29 7 45 31 39 9 8 4613.55 4624.16
0 23 3 17 42 35 30 2 27 4 10 1 46 36 11 25 43 5 49 32 40 26 15 24 14 22 48 12 41 16 13 21 34 47 19 37 33 44 28 18 20 38 6 29 7 45 31 39 9 8 4613.55 4613.55
0 23 3 17 42 35 30 2 27 4 10 1 46 36 11 25 43 5 49 32 40 26 15 24 14 22 48 12 41 16 13 21 34 47 19 37 33 44 28 18 20 38 6 29 7 45 31 39 9 8 4613.55 4622.56
0 23 3 17 42 35 30 2 27 4 10 1 46 36 11 25 43 5 49 32 40 26 15 24 14 22 48 12 41 16 13 21 34 47 19 37 33 44 28 18 20 38 6 29 7 45 31 39 9 8 4613.55 4624.35
0 23 3 17 42 35 30 2 27 4 10 1 46 36 11 25 43 5 49 32 40 26 15 24 14 22 48 12 41 16 13 21 34 47 19 37 33 44 28 18 20 38 6 29 7 45 31 39 9 8 4613.55 4623.57
0 23 3 17 42 35 30 2 27 4 10 1 46 36 11 25 43 5 49 32 40 26 15 24 14 22 48 12 41 16 13 21 34 47 19 37 33 44 28 18 20 38 6 29 7 45 31 39 9 8 4613.55 4624.66
0 23 3 17 42 35 30 2 27 4 10 1 46 36 11 25 43 5 49 32 40 26 15 24 14 22 48 12 41 16 13 21 34 47 19 37 33 44 28 18 20 38 6 29 7 45 31 39 9 8 4613.55 4613.55
0 23 3 17 42 35 30 2 27 4 10 1 46 36 11 25 43 5 49 32 40 26 15 24 14 22 48 12 41 16 13 21 34 47 19 37 33 44 28 18 20 38 6 29 7 45 31 39 9 8 4613.55 4613.55
0 23 3 17 42 35 30 2 27 4 10 1 46 36 11 25 43 5 49 32 40 26 15 24 14 22 48 12 41 16 13 21 34 47 19 37 33 44 28 18 20 38 6 29 7 45 31 39 9 8 4613.55 4613.68
0 23 3 17 42 35 30 2 27 4 10 1 46 36 11 25 43 5 49 32 40 26 15 24 14 22 48 12 41 16 13 21 34 47 19 37 33 44 28 18 20 38 6 29 7 45 31 39 9 8 4613.55 4614.41
0 23 3 17 42 35 30 2 27 4 10 1 46 36 11 25 43 5 49 32 40 26 15 24 14 22 48 12 41 16 13 21 34 47 19 37 33 44 28 18 20 38 6 29 7 45 31 39 9 8 4613.55 4613.55
0 23 3 17 42 35 30 2 27 4 10 1 46 36 11 25 43 5 49 32 40 26 15 24 14 22 48 12 41 16 13 21 34 47 19 37 33 44 28 18 20 38 6 29 7 45 31 39 9 8 4613.55 4628.49
0 23 3 17 42 35 30 2 27 4 10 1 46 36 11 25 43 5 49 32 40 26 15 24 14 22 48 12 41 16 13 21 34 47 19 37 33 44 28 18 20 38 6 29 7 45 31 39 9 8 4613.55 4628.06
0 23 3 17 42 35 30 2 27 4 10 1 46 36 11 25 43 5 49 32 40 26 15 24 14 22 48 12 41 16 13 21 34 47 19 37 33 44 28 18 20 38 6 29 7 45 31 39 9 8 4613.55 4619.17
0 23 3 17 42 35 30 2 27 4 10 1 46 36 11 25 43 5 49 32 40 26 15 24 14 22 48 12 41 16 13 21 34 47 19 37 33 44 28 18 20 38 6 29 7 45 31 39 9 8 4613.55 4619.89
0 23 3 17 42 35 30 2 27 4 10 1 46 36 11 25 43 5 49 32 40 26 15 24 14 22 48 12 41 16 13 21 34 47 19 37 33 44 28 18 20 38 6 29 7 45 31 39 9 8 4613.55 4613.55
0 23 3 17 42 35 30 2 27 4 10 1 46 36 11 25 43 5 49 32 40 26 15 24 14 22 48 12 41 16 13 21 34 47 19 37 33 44 28 18 20 38 6 29 7 45 31 39 9 8 4613.55 4621.31
0 23 3 17 42 35 30 2 27 4 10 1 46 36 11 25 43 5 49 32 40 26 15 24 14 22 48 12 41 16 13 21 34 47 19 37 33 44 28 18 20 38 6 29 7 45 31 39 9 8 4613.55 4614.96
0 23 3 17 42 35 30 2 27 4 10 1 46 36 11 25 43 5 49 32 40 26 15 24 14 22 48 12 41 16 13 21 34 47 19 37 33 44 28 18 20 38 6 29 7 45 31 39 9 8 4613.55 4616.97
0 23 3 17 42 35 30 2 27 4 10 1 46 36 11 25 43 5 49 32 40 26 15 24 14 22 48 12 41 16 13 21 34 47 19 37 33 44 28 18 20 38 6 29 7 45 31 39 9 8 4613.55 4616.22
0 23 3 17 42 35 30 2 27 4 10 1 46 36 11 25 43 5 49 32 40 26 15 24 14 22 48 12 41 16 13 21 34 47 19 37 33 44 28 18 20 38 6 29 7 45 31 39 9 8 4613.55 4613.55
0 23 3 17 42 35 30 2 27 4 10 1 46 36 11 25 43 5 49 32 40 26 15 24 14 22 48 12 41 16 13 21 34 47 19 37 33 44 28 18 20 38 6 29 7 45 31 39 9 8 4613.55 4613.55
0 23 3 17 42 35 30 2 27 4 10 1 46 36 11 25 43 5 49 32 40 26 15 24 14 22 48 12 41 16 13 21 34 47 19 37 33 44 28 18 20 38 6 29 7 45 31 39 9 8 4613.55 4613.55
0 23 3 17 42 35 30 2 27 4 10 1 46 36 11 25 43 5 49 32 40 26 15 24 14 22 48 12 41 16 13 21 34 47 19 37 33 44 28 18 20 38 6 29 7 45 31 39 9 8 4613.55 4613.55
0 23 3 17 42 35 30 2 27 4 10 1 46 36 11 25 43 5 49 32 40 26 15 24 14 22 48 12 41 16 13 21 34 47 19 37 33 44 28 18 20 38 6 29 7 45 31 39 9 8 4613.55 4613.55
0 23 3 17 42 35 30 2 27 4 10 1 46 36 11 25 43 5 49 32 40 26 15 24 14 22 48 12 41 16 13 21 34 47 19 37 33 44 28 18 20 38 6 29 7 45 31 39 9 8 4613.55 4614.63
0 23 3 17 42 35 30 2 27 4 10 1 46 36 11 25 43 5 49 32 40 26 15 24 14 22 48 12 41 16 13 21 34 47 19 37 33 44 28 18 20 38 6 29 7 45 31 39 9 8 4613.55 4613.77
0 23 3 17 42 35 30 2 27 4 10 1 46 36 11 25 43 5 49 32 40 26 15 24 14 22 48 12 41 16 13 21 34 47 19 37 33 44 28 18 20 38 6 29 7 45 31 39 9 8 4613.55 4622.35
