0 4 11 21 15 27 22 47 34 44 23 1 10 46 30 45 43 48 24 7 39 3 38 29 35 12 37 41 9 8 13 16 6 33 26 32 42 2 36 5 19 20 25 18 28 31 17 14 40 49 23051.7 29357.5
0 4 11 21 15 27 22 47 34 44 23 1 10 46 30 45 32 42 2 36 5 19 20 25 43 48 24 7 39 3 38 29 35 12 37 41 9 8 13 16 6 33 26 18 28 31 17 14 40 49 21414 25376.8
0 4 11 21 15 27 22 47 34 44 23 3 38 29 35 12 37 41 9 8 13 16 6 33 26 18 28 31 17 14 40 49 1 10 46 30 45 32 42 2 36 5 19 20 25 43 48 24 7 39 19445.6 22826.5
0 4 11 21 15 27 22 47 34 44 23 3 38 29 35 13 8 41 9 26 16 12 33 6 37 28 18 31 17 14 40 49 1 10 46 30 45 32 42 2 36 5 19 20 25 43 48 24 7 39 18567.2 21032.5
0 4 11 21 15 27 22 47 34 44 23 3 38 29 31 18 28 37 6 33 12 16 26 9 41 8 13 35 17 14 40 49 1 10 46 30 45 32 42 2 36 5 19 20 25 43 48 24 7 39 17942.2 19485.6
0 4 11 21 15 27 22 47 34 44 23 45 32 42 2 36 5 19 20 3 38 29 31 18 28 37 6 33 12 16 26 9 41 8 13 35 17 14 40 49 1 10 46 30 25 43 48 24 7 39 16274.8 18533
0 4 11 21 15 27 22 47 34 44 23 45 32 42 2 36 5 3 38 29 31 18 19 20 28 37 6 33 12 16 26 9 41 8 13 35 17 14 40 49 1 10 46 30 25 43 48 24 7 39 15210 17625.3
0 4 11 21 15 27 22 47 34 44 23 3 5 36 2 42 32 45 38 29 31 18 19 20 28 37 6 33 12 16 26 9 41 8 13 35 17 14 40 49 1 10 46 30 25 43 48 24 7 39 14599.2 16241.7
0 4 11 27 15 21 22 47 34 44 23 3 38 29 12 33 6 37 18 45 32 42 2 36 5 19 20 28 31 16 26 9 41 8 13 35 17 14 40 49 1 10 46 30 25 43 48 24 7 39 14242 15370.6
0 49 40 14 17 35 13 8 41 9 26 16 12 33 37 6 28 20 19 18 31 29 38 45 32 42 2 36 5 3 23 44 34 47 22 27 15 21 11 4 1 10 46 30 25 43 48 24 7 39 13107.2 14804.8
0 49 40 14 17 35 27 15 13 8 41 9 26 16 12 33 37 6 28 20 19 18 31 29 38 45 32 42 2 36 5 3 23 44 34 47 22 21 11 4 1 10 46 30 25 43 48 24 7 39 12756.7 14170.6
0 49 40 14 17 35 27 15 13 8 41 9 26 16 12 33 37 6 28 20 19 18 31 29 38 45 32 42 2 36 11 4 1 10 46 30 5 3 23 44 34 47 22 21 25 43 48 24 7 39 12080.8 13303.4
0 49 40 14 17 35 13 8 41 9 26 12 16 33 37 6 28 20 19 18 31 29 38 45 32 42 2 36 5 27 15 21 22 47 34 44 23 3 11 4 1 10 46 30 25 43 48 24 7 39 11908.3 12790
0 49 40 14 17 35 27 15 13 8 41 9 26 16 12 33 37 6 28 20 19 18 31 29 38 45 32 42 2 36 11 4 1 10 46 30 5 25 43 48 24 7 39 3 23 44 34 47 22 21 11429.2 12312.5
0 49 40 14 17 35 48 24 7 39 3 42 2 36 11 4 1 10 46 30 5 25 43 27 15 13 8 41 9 26 16 12 33 37 6 28 20 19 18 31 29 38 45 32 23 44 34 47 22 21 10675.8 11931.8
0 49 40 14 17 35 13 8 41 9 26 12 16 33 37 6 28 20 19 18 31 29 38 45 48 24 3 42 2 36 11 4 1 10 46 30 5 25 43 27 15 32 23 44 34 47 22 21 7 39 9647.8 11468.4
0 49 40 14 17 35 13 8 41 9 26 12 16 33 37 6 28 20 19 18 31 29 38 45 48 24 3 42 2 36 11 4 1 10 46 30 5 25 43 27 15 32 23 44 34 47 22 21 7 39 9647.8 10835.9
0 49 40 14 17 35 13 8 41 9 26 12 16 33 6 28 20 19 37 18 31 29 38 45 48 24 3 42 2 36 11 4 1 10 46 30 5 25 43 27 15 32 23 44 34 47 22 21 7 39 9609.56 10069.1
0 49 40 14 17 35 16 33 6 28 20 19 37 18 31 29 38 45 48 24 3 42 2 36 11 4 1 10 46 30 5 25 43 27 15 32 23 44 34 47 13 8 41 9 26 12 22 21 7 39 9489.35 9766.09
0 49 40 14 17 35 16 44 34 47 33 6 28 20 19 37 18 31 29 38 45 48 24 3 42 2 36 11 4 1 10 46 30 5 25 43 27 15 32 23 13 8 41 9 26 12 22 21 7 39 9210.51 9614.53
0 49 40 14 17 35 16 44 34 47 33 6 28 20 19 37 18 31 29 38 45 48 24 3 42 2 36 11 4 1 10 46 30 5 25 43 27 15 32 23 13 8 41 9 26 12 22 21 7 39 9210.51 9486.14
0 49 40 14 17 35 16 44 34 47 33 6 28 20 19 37 18 31 29 38 45 48 24 3 42 2 36 11 4 1 10 46 30 5 25 43 27 32 23 13 8 41 9 15 26 12 22 21 7 39 8921.03 9305.66
0 49 40 14 17 35 16 44 34 47 33 6 28 20 19 37 18 7 21 22 12 26 15 9 41 8 13 23 32 27 43 25 5 30 46 10 1 4 11 36 2 42 3 24 48 45 38 29 31 39 8781.22 9205.88
0 49 40 14 17 35 16 44 34 47 33 6 28 20 19 37 18 38 45 48 24 3 42 2 36 11 4 1 10 46 30 5 25 43 27 32 23 13 8 41 9 15 26 12 22 21 7 29 31 39 8718.42 9031.81
0 49 40 14 17 35 16 44 34 47 33 6 28 20 19 37 18 38 45 48 24 3 42 2 36 11 4 1 10 46 30 5 25 43 27 32 23 8 41 9 15 26 12 13 22 21 7 29 31 39 8643.02 8932.84
0 49 40 14 17 35 13 8 41 16 44 34 47 33 6 28 20 19 37 18 38 45 48 24 3 42 2 36 11 4 1 10 46 30 5 25 43 27 32 15 23 9 26 12 22 21 7 29 31 39 8539.28 8895.1
0 49 40 14 17 35 13 8 41 16 44 34 47 33 6 28 20 19 37 18 38 45 48 24 3 42 2 36 11 4 1 10 46 30 5 25 43 27 32 15 23 9 26 12 22 21 7 29 31 39 8539.28 8791.23
0 49 40 14 17 35 16 44 34 47 33 6 28 20 19 37 18 38 45 48 13 8 41 24 3 42 2 43 25 5 30 46 10 1 4 11 36 27 32 23 9 15 26 12 22 21 7 29 31 39 8480.34 8694.61
0 49 40 14 17 35 16 44 34 47 33 6 28 20 19 37 18 38 45 48 24 3 42 2 11 4 1 10 36 46 30 5 25 43 27 32 15 23 13 8 41 9 26 12 22 21 7 29 31 39 8311.61 8639.19
0 49 40 14 17 35 16 44 34 47 33 6 28 20 19 37 18 38 45 48 13 8 41 24 3 42 2 30 5 25 43 46 36 11 4 1 10 27 32 23 9 15 26 12 22 21 7 29 31 39 8059.88 8530.61
0 49 40 14 17 35 13 8 41 16 44 34 47 33 6 28 20 19 37 18 38 45 48 24 3 42 2 36 11 4 1 10 46 27 43 25 5 30 32 15 23 9 26 12 22 21 7 29 31 39 7926.06 8354.94
0 49 40 14 17 35 13 8 41 16 44 34 47 33 6 28 20 19 37 18 38 45 48 24 3 42 2 30 5 25 43 46 36 11 4 1 10 27 32 15 23 9 26 12 22 21 7 29 31 39 7900.36 8210.53
0 12 26 9 23 15 32 30 5 25 43 27 46 10 1 4 11 36 2 42 3 24 48 45 38 18 37 19 20 28 6 33 47 34 44 16 41 8 13 35 17 14 40 49 22 21 7 29 31 39 7686 8005.79
0 49 40 14 17 35 13 8 41 16 44 34 47 33 6 28 20 19 37 18 38 45 48 24 3 42 2 11 4 36 1 10 46 27 43 25 5 30 32 15 23 9 26 12 22 21 7 29 31 39 7541.31 7978.16
0 17 14 40 49 35 13 8 41 16 44 34 47 33 6 28 20 19 37 18 38 45 48 24 3 42 2 30 5 25 43 46 36 11 4 1 10 27 32 15 23 9 26 12 22 21 7 29 31 39 7528.36 7824.75
0 17 14 40 49 35 13 8 41 16 44 34 47 33 6 28 20 19 37 18 38 45 48 24 3 42 2 11 4 36 1 10 46 27 43 25 5 30 32 15 23 9 26 12 22 21 7 29 31 39 7169.31 7677.69
0 17 14 40 49 35 13 8 45 38 18 37 19 20 28 6 33 47 34 44 16 41 48 24 3 42 2 11 4 36 1 10 46 27 43 25 5 30 32 15 23 9 26 12 22 21 7 29 31 39 7108.58 7507.37
0 17 14 40 49 35 13 23 9 8 41 16 44 34 47 33 6 28 20 19 37 18 38 45 48 24 3 42 2 43 46 36 11 4 1 10 27 25 5 30 32 15 26 12 22 21 7 29 31 39 7071.56 7327.74
0 17 14 40 49 35 13 23 9 8 41 16 44 34 47 33 6 28 20 19 37 18 38 45 48 24 3 42 2 11 4 36 10 1 46 27 43 25 5 30 32 15 26 12 22 21 7 29 31 39 6727.56 7204.41
0 17 14 40 49 35 13 23 9 8 41 16 44 34 47 33 6 28 20 19 37 18 38 45 48 24 3 42 2 36 11 4 10 1 46 27 43 25 5 30 32 15 26 12 22 21 7 29 31 39 6713.64 7088.69
0 17 14 40 49 35 13 23 9 8 41 16 44 34 47 33 6 28 20 18 38 45 48 24 3 42 2 11 4 36 10 1 46 27 43 25 5 30 32 15 26 12 22 21 7 29 19 37 31 39 6618.35 6860.56
0 17 14 40 49 35 13 23 9 8 41 16 44 34 47 33 6 28 20 18 38 45 48 24 3 42 2 36 11 4 10 1 46 27 43 25 5 30 32 15 26 12 22 21 7 29 19 37 31 39 6604.44 6767.62
0 17 14 40 49 35 13 23 9 8 41 16 44 34 47 33 6 28 20 18 38 45 48 24 3 42 2 36 11 4 10 1 46 27 43 25 5 30 32 15 26 12 22 21 7 29 19 37 31 39 6604.44 6686.79
0 17 14 40 49 5 25 43 27 46 1 10 4 11 36 2 42 3 24 48 45 38 18 20 28 6 33 47 34 44 16 41 8 9 23 13 35 30 32 15 26 12 22 21 7 29 19 37 31 39 6574.83 6660.88
0 17 14 40 49 5 25 43 27 46 1 10 4 11 36 2 42 3 24 48 45 34 47 33 6 28 20 18 38 44 16 41 8 9 23 13 35 30 32 15 26 12 22 21 7 29 19 37 31 39 6437.25 6668.15
0 17 14 40 49 5 25 43 27 46 1 10 4 11 36 2 42 3 24 48 45 34 47 33 6 28 20 38 18 44 16 41 8 9 23 13 35 30 32 26 15 12 22 21 7 29 19 37 31 39 6385.31 6647.33
0 17 14 40 49 5 25 43 27 46 1 10 4 11 36 2 42 3 24 48 45 47 34 33 6 28 20 38 18 44 16 41 8 9 23 13 35 30 32 26 15 12 22 21 7 29 19 37 31 39 6378.89 6590.62
0 9 23 13 35 30 32 26 15 12 22 21 7 29 19 37 31 39 8 41 16 44 18 38 20 28 6 33 34 47 45 48 24 3 42 2 36 11 4 10 1 46 27 43 25 5 49 40 14 17 6366.31 6448.16
0 17 14 40 49 5 25 43 27 46 1 10 4 11 36 2 42 3 24 48 45 47 34 33 6 28 20 38 18 44 16 41 8 9 23 13 35 30 32 15 26 22 12 21 7 29 19 37 31 39 6362.47 6508.61
0 17 14 40 49 5 25 43 27 46 1 10 4 11 36 2 42 3 24 48 44 18 38 20 28 6 33 34 47 45 16 41 8 9 23 13 35 30 32 26 15 12 22 21 7 29 19 37 31 39 6356.92 6444.92
0 17 14 40 49 5 25 43 27 46 1 10 4 11 36 2 42 3 24 48 44 18 38 20 28 6 33 34 47 45 39 31 37 19 29 7 21 22 12 15 26 32 30 35 13 23 9 8 41 16 6332 6458.71
0 17 14 40 49 5 25 43 27 46 1 10 4 11 36 2 42 3 24 48 45 47 34 33 6 28 20 38 18 44 16 8 9 41 13 23 35 30 32 15 26 22 12 21 7 29 19 37 31 39 6282.23 6417.56
0 17 14 40 49 5 25 43 27 46 1 10 4 36 11 2 42 3 24 48 44 18 38 20 28 6 33 34 47 45 39 31 37 19 29 7 21 22 12 15 26 32 30 35 13 23 9 8 41 16 6190.08 6382.87
0 17 14 40 49 5 25 43 27 46 1 10 4 36 11 2 42 3 24 48 34 47 45 33 6 28 20 38 18 44 16 8 9 41 13 23 35 30 32 15 26 22 12 21 7 29 19 37 31 39 5964.33 6311.78
0 17 14 40 49 5 25 43 27 46 1 10 4 36 11 2 42 3 24 48 34 47 45 33 6 28 20 38 18 44 16 8 9 41 13 23 35 30 32 15 26 22 12 21 7 29 19 37 31 39 5964.33 6280.31
0 17 14 40 49 5 25 43 27 46 1 10 4 36 11 2 42 3 24 48 34 47 45 33 44 18 38 20 28 6 16 8 9 41 13 23 35 30 32 15 26 22 12 21 7 29 19 37 31 39 5939.75 6137.45
0 17 14 40 49 5 25 43 27 46 1 10 4 36 11 2 42 3 24 48 34 47 45 33 44 18 38 20 28 6 16 8 9 41 13 23 35 30 32 15 26 22 12 21 7 29 19 37 31 39 5939.75 6011.52
0 17 14 40 49 5 25 43 27 46 1 10 4 36 11 2 42 3 24 48 12 22 26 15 32 30 35 23 13 41 9 8 16 6 28 20 38 18 44 33 45 47 34 21 7 29 19 37 31 39 5875.58 5977.15
0 17 14 40 49 5 25 43 27 46 1 10 4 36 11 2 42 3 24 48 12 22 26 15 32 30 35 23 13 41 9 8 16 6 28 20 38 18 44 33 45 47 34 21 7 29 19 37 31 39 5875.58 5958.75
0 17 14 40 49 5 25 43 27 46 1 10 4 36 11 2 42 3 24 48 12 22 26 15 32 30 35 23 13 41 9 8 16 6 28 20 38 18 44 33 7 29 45 47 34 21 19 37 31 39 5845.72 5942.72
0 17 14 40 49 5 25 43 27 46 1 10 4 36 11 2 42 3 24 48 12 22 26 15 32 30 35 23 13 41 9 8 16 6 28 20 38 18 44 33 7 29 45 47 34 21 19 37 31 39 5845.72 5916.47
0 17 15 26 22 12 48 24 3 42 2 11 36 4 10 1 46 27 43 25 5 49 40 14 32 30 35 23 13 41 9 8 16 6 28 20 38 18 44 33 7 29 45 47 34 21 19 37 31 39 5802.31 5880.5
0 17 15 14 40 49 5 25 43 27 46 1 10 4 36 11 2 42 3 24 48 12 22 26 32 30 35 23 13 41 9 8 16 6 28 20 38 18 44 33 7 29 45 47 34 21 19 37 31 39 5782.87 5891.4
0 17 12 48 24 3 42 2 11 36 4 10 1 46 27 43 25 5 49 40 14 22 26 15 32 30 35 23 13 41 9 8 16 6 28 20 38 18 44 33 7 29 45 47 34 21 19 37 31 39 5778.62 5861.51
0 17 15 14 12 48 24 3 42 2 11 36 4 10 1 46 27 43 25 5 49 40 22 26 32 30 35 23 13 41 9 8 16 6 28 20 38 18 44 33 7 29 45 47 34 21 19 37 31 39 5762.85 5895.64
0 17 15 26 14 12 48 24 3 42 2 11 36 4 10 1 46 27 43 25 5 49 40 22 32 30 35 23 13 41 9 8 16 6 28 20 38 18 44 33 7 29 45 47 34 21 19 37 31 39 5745.94 5927.56
0 17 15 26 14 12 48 24 3 42 2 11 36 4 10 1 46 27 43 25 5 49 40 22 32 30 35 23 13 41 9 8 16 6 28 20 38 18 44 33 7 29 45 47 34 21 19 37 31 39 5745.94 5798.51
0 17 15 26 22 14 12 48 24 3 42 2 11 36 4 10 1 46 27 43 25 5 49 40 32 30 35 23 13 41 9 8 16 6 28 20 38 18 44 33 7 29 45 47 34 21 19 37 31 39 5668.35 5833.47
0 17 15 26 14 22 12 48 24 3 42 2 11 36 4 10 1 46 27 43 25 5 49 40 32 30 35 23 13 41 9 8 16 6 28 20 38 18 44 33 7 29 45 47 34 21 19 37 31 39 5668.08 5781.64
0 17 15 26 22 14 12 48 24 3 42 2 11 36 4 10 1 46 27 43 25 5 49 40 32 30 35 23 13 41 9 8 16 6 28 38 20 18 44 33 7 29 45 47 34 21 19 37 31 39 5665.96 5727.89
0 17 15 26 14 22 12 48 24 3 42 2 11 36 4 10 1 46 27 43 25 5 49 40 32 30 35 23 13 41 9 8 16 6 28 38 20 18 44 33 7 29 45 47 34 21 19 37 31 39 5665.69 5674.77
0 17 15 26 22 14 12 48 24 3 42 2 11 36 4 10 1 46 27 43 25 49 5 40 32 30 35 23 13 41 9 8 16 6 28 38 20 18 44 33 7 29 45 47 34 21 19 37 31 39 5663.58 5666.65
0 17 15 26 22 48 12 14 24 3 42 2 11 36 4 10 1 46 27 43 25 49 5 40 32 30 35 23 13 41 9 8 16 6 28 38 20 18 44 33 7 29 45 47 34 21 19 37 31 39 5652.51 5695.34
0 17 15 26 14 22 12 48 24 3 42 2 11 36 4 10 1 46 27 43 25 49 5 40 32 30 35 23 13 41 9 8 16 34 21 19 37 6 28 20 38 18 44 33 7 29 45 47 31 39 5518.43 5672.48
0 17 15 26 14 22 48 12 24 3 42 2 11 36 4 10 1 46 27 43 25 49 5 40 32 30 35 23 13 41 9 8 16 34 21 19 37 6 28 20 38 18 44 33 7 29 45 47 31 39 5477.15 5623.5
0 17 15 26 14 22 48 12 24 3 42 2 11 36 4 10 1 46 27 43 25 49 5 40 32 30 35 23 13 41 9 8 16 34 21 19 37 6 28 20 38 18 44 33 7 29 45 47 31 39 5477.15 5573.75
0 17 15 26 14 22 48 12 24 3 42 2 11 36 4 10 1 46 27 43 25 49 5 40 32 30 35 23 13 41 9 8 16 34 21 19 37 6 28 20 38 18 44 33 7 29 45 47 31 39 5477.15 5508.38
0 39 31 47 45 29 7 33 44 18 38 20 28 6 37 19 21 34 16 8 9 41 13 23 35 30 32 40 5 49 25 43 27 46 1 10 4 36 11 2 42 3 24 12 48 22 14 26 15 17 5477.15 5478.36
0 39 31 47 45 29 7 33 44 18 38 20 28 6 37 19 21 34 16 8 9 41 13 23 35 30 32 40 5 49 25 43 27 46 1 10 4 36 11 2 42 3 24 12 48 22 14 26 15 17 5477.15 5503.52
0 39 31 47 45 29 7 33 44 18 38 20 28 6 37 19 21 34 16 8 9 41 13 23 35 30 32 40 5 49 25 43 27 46 1 10 4 36 11 2 42 3 24 12 48 22 14 26 15 17 5477.15 5604.75
0 39 31 47 45 29 7 33 44 18 38 20 28 6 37 19 21 34 16 8 9 41 13 23 35 30 32 40 5 49 25 43 27 46 1 10 4 36 11 2 42 3 24 12 48 22 14 26 15 17 5477.15 5716.18
0 17 15 26 14 22 48 12 24 3 42 2 27 46 1 10 4 36 11 43 25 49 5 40 32 30 35 23 13 41 9 8 16 34 21 19 37 6 28 20 38 18 44 33 7 29 45 47 31 39 5410.37 5627.65
0 17 15 26 14 22 48 12 24 3 42 2 27 46 1 10 4 36 11 43 25 49 5 40 32 30 35 23 13 41 9 8 16 34 21 19 37 6 28 20 38 18 44 33 7 29 45 47 31 39 5410.37 5601.62
0 39 31 47 45 29 7 33 44 18 38 20 28 6 37 19 21 34 16 8 9 41 13 23 3 42 2 27 46 1 10 4 36 11 43 25 49 5 40 32 30 35 24 12 48 22 14 26 15 17 5380.25 5608.62
0 17 15 26 14 22 48 12 24 3 42 2 27 46 1 10 4 36 11 43 25 49 5 40 32 30 35 23 13 41 9 8 39 31 47 45 29 7 33 44 18 38 20 28 6 37 19 21 34 16 5378.62 5570.82
0 17 15 26 14 22 48 12 24 3 42 2 27 46 1 10 4 36 11 43 25 49 5 40 32 30 35 23 13 41 9 8 39 31 47 45 29 7 33 44 18 38 20 28 6 37 19 21 34 16 5378.62 5653.18
0 17 15 26 14 22 48 12 24 3 42 2 27 46 1 10 4 36 11 43 25 49 5 40 32 30 35 23 13 41 9 8 39 31 47 45 29 7 33 44 18 38 20 28 6 37 19 21 34 16 5378.62 5571.51
0 17 15 26 14 22 48 12 24 3 42 2 27 46 1 10 4 36 11 43 25 49 30 5 40 32 35 23 13 41 9 8 39 31 47 45 29 7 33 44 18 38 20 28 6 37 19 21 34 16 5342.27 5476.02
0 17 15 26 14 22 48 12 24 3 42 2 27 46 1 10 4 36 11 43 25 49 30 5 40 32 35 23 13 41 9 8 39 31 47 45 29 7 33 44 18 38 20 28 6 37 19 21 34 16 5342.27 5471.23
0 17 15 26 14 22 48 12 24 3 42 2 27 46 1 10 4 36 11 43 25 49 30 5 32 40 35 23 13 41 9 8 39 31 47 45 29 7 33 44 18 38 20 28 6 37 19 21 34 16 5314.89 5374.16
0 17 15 26 14 22 48 12 24 3 42 2 27 46 1 10 4 36 11 43 25 49 30 5 32 40 35 23 13 41 9 8 39 31 47 45 29 7 33 44 18 38 20 28 6 37 19 21 34 16 5314.89 5350.31
0 17 15 26 14 22 48 12 24 3 42 2 27 46 1 10 4 36 11 43 25 49 30 5 32 40 35 23 13 41 9 8 39 47 31 45 29 7 33 44 18 38 20 28 6 37 19 21 34 16 5311.57 5338.5
0 17 15 26 14 22 48 12 24 3 42 2 27 46 1 10 4 36 11 43 25 49 30 5 32 40 35 23 13 41 9 8 39 47 31 45 29 7 33 44 18 38 20 28 6 37 19 21 34 16 5311.57 5317.23
0 17 15 26 14 22 48 12 24 3 42 2 27 46 1 10 4 36 11 43 25 49 30 5 32 40 35 23 13 41 9 16 34 21 19 37 6 28 20 38 18 44 33 7 29 45 47 31 39 8 5295.91 5314.98
0 17 15 26 14 22 48 12 24 3 42 2 27 46 1 10 4 36 11 43 25 49 30 5 32 40 35 23 13 41 9 16 34 21 19 37 6 28 20 38 18 44 33 7 29 45 47 31 39 8 5295.91 5320.18
0 17 15 26 14 22 48 12 24 3 42 2 27 46 1 10 4 36 11 43 25 49 30 5 32 40 35 23 13 41 9 16 34 21 19 37 6 28 20 38 18 44 33 7 29 45 47 31 39 8 5295.91 5361.57
0 17 15 26 14 22 48 12 24 3 42 2 27 46 1 10 4 36 11 43 25 49 30 5 32 40 35 23 9 41 13 21 34 16 19 37 6 28 20 38 18 44 33 7 29 45 47 31 39 8 5242.93 5329.64
0 17 15 26 14 22 48 12 24 3 42 2 27 46 1 10 4 36 11 43 25 49 30 5 32 40 35 23 9 41 13 21 16 34 19 37 6 28 20 38 18 44 33 7 29 45 47 31 39 8 5225.99 5292.74
0 17 15 26 14 22 48 12 24 3 42 2 27 46 1 10 4 36 11 43 25 49 30 5 32 40 35 23 9 41 13 21 16 34 19 37 6 28 20 38 18 44 33 7 29 45 47 31 39 8 5225.99 5287.02
0 17 15 26 14 22 48 12 24 3 42 2 27 46 1 10 4 36 11 43 25 49 30 5 32 40 35 23 9 41 13 21 16 34 19 29 7 33 44 18 38 20 28 6 37 45 47 31 39 8 5222.13 5244.19
0 17 15 26 14 22 48 12 24 3 42 2 27 46 1 10 4 36 11 43 25 49 40 32 5 30 35 23 9 41 13 21 16 34 19 29 7 33 44 18 38 20 28 6 37 45 47 31 39 8 5205.88 5240.26
0 17 15 26 14 22 48 12 24 3 42 2 27 46 1 10 4 36 11 43 25 49 40 32 5 30 35 23 9 41 13 21 16 34 19 29 7 33 44 18 38 20 28 6 37 45 47 31 39 8 5205.88 5233.19
0 17 15 26 14 22 48 12 24 3 42 2 27 46 1 10 4 36 11 43 25 49 40 32 5 30 35 23 9 41 13 21 16 34 19 29 7 33 44 18 38 20 28 6 37 45 47 31 39 8 5205.88 5246.64
0 17 15 26 14 22 48 12 24 3 42 2 27 46 1 10 4 36 11 43 25 49 40 32 5 30 35 23 9 41 13 21 16 34 19 29 7 33 44 18 38 20 28 6 37 45 47 31 39 8 5205.88 5212.13
0 17 15 26 14 22 48 12 24 3 42 2 27 46 1 10 4 36 11 43 25 49 40 32 5 30 35 23 9 41 13 21 16 34 19 7 29 33 44 18 38 20 28 6 37 45 47 31 39 8 5193.97 5206.19
0 17 3 24 12 48 22 14 26 15 42 2 27 46 1 10 4 36 11 43 25 49 40 32 5 30 35 23 9 41 13 21 16 34 19 29 7 33 44 18 38 20 28 6 37 45 47 31 39 8 5163.03 5208.11
0 17 3 24 12 48 22 14 26 15 42 2 27 46 1 10 4 36 11 43 25 49 40 32 5 30 35 23 9 41 13 21 16 34 19 7 29 33 44 18 38 20 28 6 37 45 47 31 39 8 5151.12 5192.86
0 17 3 24 12 48 22 14 26 15 42 2 27 46 1 10 4 36 11 43 25 49 40 32 5 30 35 23 9 41 13 21 16 34 19 7 29 33 44 18 20 28 38 6 37 45 47 31 39 8 5147.49 5175.59
0 17 3 24 12 48 22 14 26 15 42 2 27 46 1 10 4 36 11 43 25 32 40 49 5 30 35 23 9 41 13 21 16 34 19 7 29 33 44 18 20 28 38 6 37 45 47 31 39 8 5126.49 5187.59
0 17 3 24 12 48 22 14 26 15 42 2 27 46 1 10 4 36 11 43 25 32 40 49 5 30 35 23 9 41 13 21 16 34 19 7 29 33 44 18 20 28 38 6 37 45 47 31 39 8 5126.49 5178.12
0 17 3 24 12 48 22 14 26 15 42 2 27 46 1 10 4 36 11 43 25 32 40 49 5 30 35 23 9 41 13 21 16 34 19 7 29 33 44 18 20 28 38 6 37 45 47 31 39 8 5126.49 5146.19
0 17 3 24 12 48 22 14 26 15 42 2 27 46 1 10 4 36 11 43 25 32 40 49 5 30 35 23 9 41 13 21 16 34 19 7 29 33 44 18 20 28 38 6 37 45 47 31 39 8 5126.49 5140.86
0 17 3 24 12 48 22 14 26 15 42 2 27 46 1 10 4 36 11 43 25 32 40 49 5 30 35 23 9 41 13 21 16 34 19 7 29 33 44 18 20 28 38 6 37 45 47 31 39 8 5126.49 5126.7
0 17 3 24 12 48 22 14 26 15 42 2 27 46 1 10 4 36 11 43 25 32 40 49 5 30 35 23 9 41 13 21 16 34 19 7 29 33 44 18 20 28 38 6 37 45 47 31 39 8 5126.49 5130.01
0 17 3 24 12 48 22 14 26 15 42 2 27 46 1 10 4 36 11 43 25 32 40 49 5 30 35 23 9 41 13 21 16 34 19 7 29 33 44 18 20 28 38 6 37 45 47 31 39 8 5126.49 5149.22
0 17 3 24 12 48 22 14 26 15 42 2 27 46 1 10 4 36 11 43 25 32 40 49 5 30 35 23 9 41 13 21 16 34 19 7 29 33 44 18 20 28 38 6 37 45 47 31 39 8 5126.49 5135.13
0 17 3 24 12 48 22 14 26 15 42 2 27 46 1 10 4 36 11 43 25 32 40 49 5 30 35 23 9 41 13 21 16 34 19 7 29 33 44 18 20 28 38 6 37 45 47 31 39 8 5126.49 5126.49
0 17 3 24 12 48 22 14 26 15 42 2 27 46 1 10 4 36 11 43 25 32 40 49 5 30 35 23 41 13 21 16 34 19 7 29 33 44 18 20 28 38 6 37 45 47 31 39 9 8 5104.77 5126.49
0 17 3 24 12 48 22 14 26 15 42 2 27 46 1 10 4 36 11 43 25 32 40 49 5 30 35 23 41 13 21 16 34 19 7 29 33 44 18 20 28 38 6 37 45 47 31 39 9 8 5104.77 5123.18
0 17 3 24 12 48 22 14 26 15 42 2 27 46 1 10 4 36 11 43 25 32 40 49 5 30 35 23 41 13 21 16 34 19 7 29 33 44 18 20 28 38 6 37 45 47 31 39 9 8 5104.77 5114.97
0 17 3 24 12 48 22 14 26 15 42 2 27 46 1 10 4 36 11 43 25 32 40 49 5 30 35 23 41 13 21 16 34 19 7 29 33 44 18 28 20 38 6 37 45 47 31 39 9 8 5102.12 5114.96
0 17 3 24 12 48 22 14 26 15 42 2 27 46 1 10 4 36 11 43 25 32 40 49 5 30 35 23 41 13 21 16 34 19 7 29 33 44 18 28 20 38 6 37 45 47 31 39 9 8 5102.12 5110.61
0 17 3 24 12 48 22 14 26 15 42 2 27 46 1 10 4 36 11 43 25 32 40 49 5 30 35 23 41 13 21 16 34 19 7 29 33 44 18 28 20 38 6 37 45 47 31 39 9 8 5102.12 5108.15
0 17 3 24 12 48 22 14 26 15 42 2 27 46 1 10 4 36 11 43 25 32 40 49 5 30 35 23 41 13 21 16 34 19 7 29 33 44 18 28 20 38 6 37 45 47 31 39 9 8 5102.12 5122.95
0 17 3 24 12 48 22 14 26 15 42 2 27 46 1 10 4 36 11 43 25 32 40 49 5 30 35 23 41 13 21 16 34 19 7 29 33 44 28 18 20 38 6 37 45 47 31 39 9 8 5100.98 5115.94
0 17 3 24 12 48 22 14 26 15 42 2 27 46 1 10 4 36 11 43 25 32 40 49 5 30 35 23 41 13 21 16 34 19 7 29 33 44 28 18 20 38 6 37 45 47 31 39 9 8 5100.98 5107.71
0 17 3 24 12 48 22 14 26 15 42 2 27 36 4 10 1 46 11 43 25 32 40 49 5 30 35 23 41 13 21 16 34 19 7 29 33 44 28 18 20 38 6 37 45 47 31 39 9 8 5081.4 5101.29
0 17 3 24 12 48 22 14 26 15 42 2 27 4 10 1 46 36 11 43 25 32 40 49 5 30 35 23 41 13 21 16 34 19 7 29 33 44 28 18 20 38 6 37 45 47 31 39 9 8 4994.07 5098.19
0 17 3 24 12 48 22 14 26 15 42 2 27 4 10 1 46 36 11 43 25 32 40 49 5 30 35 23 41 13 21 16 34 19 7 29 33 44 28 18 20 38 6 37 45 47 31 39 9 8 4994.07 5074.09
0 17 3 24 12 48 22 14 26 15 42 2 27 4 10 1 46 36 11 43 25 32 40 49 5 30 35 23 41 13 21 16 34 19 7 29 33 44 28 18 20 38 6 37 45 47 31 39 9 8 4994.07 5035.2
0 17 3 24 12 48 22 14 26 15 42 2 27 4 10 1 46 36 11 43 25 32 40 49 5 30 35 23 41 13 21 16 34 19 7 29 33 44 28 18 20 38 6 37 45 47 31 39 9 8 4994.07 5006.79
0 17 3 24 12 48 22 14 26 15 42 2 27 4 10 1 46 36 11 43 25 32 40 49 5 30 35 23 41 13 21 16 34 19 7 29 33 44 28 18 20 38 6 37 45 47 31 39 9 8 4994.07 4994.4
0 8 9 39 31 47 45 37 6 38 20 18 28 44 33 29 7 19 34 16 21 13 41 23 35 30 5 49 40 32 25 43 11 36 46 1 10 4 27 2 42 15 26 14 22 48 12 24 3 17 4994.07 4996.08
0 8 9 39 31 47 45 37 6 38 20 18 28 44 33 29 7 19 34 16 21 13 41 23 35 30 5 49 40 32 25 43 11 36 46 1 10 4 27 2 42 15 26 14 22 48 12 24 3 17 4994.07 5097.57
0 8 9 39 31 47 45 7 29 33 44 28 18 20 38 6 37 19 34 16 21 13 41 23 35 30 5 49 40 32 25 43 11 36 46 1 10 4 27 2 42 15 26 14 22 48 12 24 3 17 4993.45 5190.79
0 8 9 39 31 47 45 7 29 33 44 28 18 20 38 6 37 19 34 16 21 13 41 23 35 30 5 49 40 32 25 43 11 36 46 1 10 4 27 2 42 15 26 14 22 48 12 24 3 17 4993.45 5153.94
0 8 9 39 31 47 45 7 29 33 44 28 18 20 38 6 37 19 34 16 21 13 41 23 35 30 5 49 40 32 25 43 11 36 46 1 10 4 27 2 42 15 26 14 22 48 12 24 3 17 4993.45 5117.58
0 8 9 39 31 47 45 7 29 33 44 28 18 20 38 6 37 19 34 16 21 13 41 23 35 30 5 49 40 32 25 43 11 36 46 1 10 4 27 2 42 15 26 14 22 48 12 24 3 17 4993.45 5045.62
0 8 9 39 31 47 45 7 29 33 44 28 18 20 38 6 19 37 34 16 21 13 41 23 35 30 5 49 40 32 25 43 11 36 46 1 10 4 27 2 42 15 26 14 22 48 12 24 3 17 4989.98 5008.94
0 8 9 39 45 7 29 33 44 28 18 20 38 6 37 19 31 47 34 16 21 13 41 23 35 30 5 49 40 32 25 43 11 36 46 1 10 4 27 2 42 15 26 14 22 48 12 24 3 17 4968.02 4998.3
0 8 9 39 45 7 29 33 44 28 18 20 38 6 37 19 31 47 34 16 21 13 41 23 35 30 5 49 40 32 25 43 11 36 46 1 10 4 27 2 42 15 26 14 22 48 12 24 3 17 4968.02 4990.85
0 8 9 39 31 45 7 29 33 44 28 18 20 38 6 37 19 47 34 16 21 13 41 23 35 30 5 49 40 32 25 43 11 36 46 1 10 4 27 2 42 15 26 14 22 48 12 24 3 17 4952.41 4995.77
0 8 9 39 31 45 7 29 33 44 28 18 20 38 6 37 19 47 34 16 21 13 41 23 35 42 2 27 4 10 1 46 36 11 43 25 32 40 49 5 30 15 26 14 22 48 12 24 3 17 4943.89 4979.28
0 8 9 39 31 45 7 29 33 44 28 18 20 38 6 37 19 47 34 16 21 13 41 23 35 42 2 27 4 10 1 46 36 11 43 25 32 40 49 5 30 15 26 14 22 48 12 24 3 17 4943.89 5005.55
0 8 9 39 31 45 7 29 33 44 28 18 20 38 6 37 19 47 34 16 21 13 41 23 35 30 2 27 4 10 1 46 36 11 43 25 32 40 49 5 42 15 26 14 22 48 12 24 3 17 4903.82 4986.1
0 8 9 39 31 45 7 29 33 44 28 18 20 38 6 37 19 47 34 16 21 13 41 23 35 30 2 27 4 10 1 46 36 11 43 25 32 40 49 5 42 15 26 14 22 48 12 24 3 17 4903.82 5036.28
0 8 9 39 31 45 7 29 33 44 28 18 20 38 6 37 19 47 34 16 21 13 41 23 35 30 2 27 4 10 1 46 36 11 43 25 32 40 49 5 42 15 26 14 22 48 12 24 3 17 4903.82 4996.5
0 8 9 39 31 45 7 29 33 44 28 18 20 38 6 37 19 47 34 16 21 13 41 23 35 30 2 27 4 10 1 46 36 11 43 25 32 40 49 5 42 15 26 14 22 48 12 24 3 17 4903.82 4997.05
0 8 9 39 31 45 7 29 33 44 28 18 20 38 6 37 19 47 34 16 21 13 41 23 35 30 2 27 4 10 1 46 36 11 43 25 32 40 49 5 42 15 26 14 22 48 12 24 3 17 4903.82 4927.4
0 8 9 39 31 45 7 29 33 44 28 18 20 38 6 37 19 47 34 16 21 13 41 23 35 30 2 27 4 10 1 46 36 11 43 25 32 40 49 5 42 15 26 14 22 48 12 24 3 17 4903.82 4905.29
0 8 9 39 31 45 7 29 33 44 28 18 20 38 6 37 19 47 34 16 21 13 41 23 35 30 2 27 4 10 1 46 36 11 43 25 32 40 49 5 42 15 26 14 22 48 12 24 3 17 4903.82 4903.82
0 8 9 39 31 45 7 29 33 44 28 18 20 38 6 37 19 47 34 16 21 13 41 23 35 30 2 27 4 10 1 46 36 11 43 25 32 40 49 5 42 15 26 14 22 48 12 24 3 17 4903.82 4903.82
0 8 9 39 31 45 7 29 33 44 28 18 20 38 6 37 19 47 34 16 21 13 41 23 35 30 2 27 4 10 1 46 36 11 43 25 32 40 49 5 42 15 26 14 22 48 12 24 3 17 4903.82 4903.82
0 8 9 39 31 45 7 29 33 44 28 18 20 38 6 37 19 47 34 16 21 13 41 23 35 30 2 27 4 10 1 46 36 11 43 25 32 40 49 5 42 15 26 14 22 48 12 24 3 17 4903.82 4911.42
0 8 9 39 31 45 7 29 33 44 28 18 20 38 6 37 19 47 34 16 21 13 41 23 35 30 2 27 4 10 1 46 36 11 43 25 32 40 49 5 42 15 26 14 22 48 12 24 3 17 4903.82 4904.26
0 8 9 39 31 45 7 29 33 44 28 18 20 38 6 37 19 47 34 16 21 13 41 23 35 30 2 27 4 10 1 46 36 11 43 25 32 40 49 5 42 15 26 14 22 48 12 24 3 17 4903.82 4920.82
0 8 9 39 31 45 7 29 33 44 28 18 20 38 6 37 19 47 34 16 21 13 41 23 35 42 30 2 27 4 10 1 46 36 11 43 25 32 40 49 5 15 26 14 22 48 12 24 3 17 4820.17 4903.78
0 8 9 39 31 45 7 29 33 44 28 18 20 38 6 37 19 47 34 16 21 13 41 23 35 42 30 2 27 4 10 1 46 36 11 43 25 32 40 49 5 15 26 14 22 48 12 24 3 17 4820.17 4899.57
0 8 9 39 31 45 7 29 33 44 28 18 20 38 6 37 19 47 34 16 21 13 41 23 35 42 30 2 27 4 10 1 46 36 11 43 25 32 40 49 5 15 26 14 22 48 12 24 3 17 4820.17 4882.44
0 8 9 39 31 45 7 29 33 44 28 18 20 38 6 37 19 47 16 34 21 13 41 23 35 42 30 2 27 4 10 1 46 36 11 43 25 32 40 49 5 15 26 14 22 48 12 24 3 17 4815.61 4856.21
0 8 9 39 31 45 7 29 33 44 28 18 20 38 6 37 19 47 16 34 21 13 41 23 35 42 30 2 27 4 10 1 46 36 11 43 25 32 40 49 5 15 26 14 22 48 12 24 3 17 4815.61 4836.14
0 8 9 39 31 45 7 29 33 44 28 18 20 38 6 37 19 47 16 34 21 13 41 23 35 42 30 2 27 4 10 1 46 36 11 43 25 32 40 49 5 15 26 14 22 48 12 24 3 17 4815.61 4817.43
0 8 9 39 31 45 7 29 33 44 28 18 20 38 6 37 19 47 16 34 21 13 41 23 35 42 30 2 27 4 10 1 46 36 11 43 25 32 40 49 5 15 26 14 22 48 12 24 3 17 4815.61 4816.11
0 8 9 39 31 45 7 29 33 44 28 18 20 38 6 37 19 47 16 34 21 13 41 23 35 42 30 2 27 4 10 1 46 36 11 43 25 5 49 40 32 15 26 14 22 48 12 24 3 17 4785.05 4815.3
0 8 9 39 31 45 7 29 33 44 28 18 20 38 6 37 19 47 16 34 21 13 41 23 35 42 30 2 27 4 10 1 46 36 11 43 25 5 49 40 32 15 26 14 22 48 12 24 3 17 4785.05 4811.24
0 8 9 39 31 45 7 29 33 44 28 18 20 38 6 37 19 47 16 34 21 13 41 23 35 42 30 2 27 4 10 1 46 36 11 43 25 5 49 40 32 26 15 14 22 48 12 24 3 17 4751.97 4806.42
0 8 9 39 31 45 7 29 33 44 28 18 20 38 6 37 19 47 16 34 21 13 41 23 35 42 30 2 27 4 10 1 46 36 11 43 25 5 49 40 32 26 15 14 22 48 12 24 3 17 4751.97 4798.11
0 8 9 39 31 45 7 29 33 44 28 18 20 38 6 37 19 47 16 34 21 13 41 23 35 42 30 2 27 4 10 1 46 36 11 43 25 5 49 40 32 26 15 14 22 48 12 24 3 17 4751.97 4765.73
0 8 9 39 31 45 7 29 33 44 28 18 20 38 6 37 19 47 16 34 21 13 41 23 35 42 30 2 27 4 10 1 46 36 11 43 25 5 49 40 32 26 15 14 22 48 12 24 3 17 4751.97 4761.23
0 8 9 39 31 45 7 29 33 44 28 18 20 38 6 37 19 47 16 34 21 13 41 23 35 42 30 2 27 4 10 1 46 36 11 43 25 5 49 40 32 26 15 14 22 48 12 24 3 17 4751.97 4765.27
0 8 9 39 31 45 7 29 33 44 28 18 20 38 6 37 19 47 16 34 21 13 41 23 35 42 30 2 27 4 10 1 46 36 11 43 25 49 5 40 32 26 15 14 22 48 12 24 3 17 4749.6 4752.97
0 8 9 39 31 45 7 29 33 44 28 18 20 38 6 37 19 47 16 34 21 13 41 23 35 42 30 2 27 4 10 1 46 36 11 25 43 5 49 40 32 26 15 14 22 48 12 24 3 17 4704 4756.05
0 8 9 39 31 45 7 29 33 44 28 18 20 38 6 37 19 47 16 34 21 13 41 23 35 42 30 2 27 4 10 1 46 36 11 25 43 5 49 40 32 26 15 14 22 48 12 24 3 17 4704 4746.9
0 8 9 39 31 45 7 29 33 44 28 18 20 38 6 37 19 47 16 34 21 13 41 23 35 42 30 2 27 4 10 1 46 36 11 25 43 5 49 40 32 26 15 14 22 48 12 24 3 17 4704 4739.05
0 8 9 39 31 45 7 29 33 44 28 18 20 38 6 37 19 47 16 34 21 13 41 23 35 42 30 2 27 4 10 1 46 36 11 25 43 5 49 40 32 26 15 14 22 48 12 24 3 17 4704 4704
0 8 9 39 31 45 7 29 33 44 28 18 20 38 6 37 19 47 16 34 21 13 41 23 35 42 30 2 27 4 10 1 46 36 11 25 43 5 49 32 40 26 15 14 22 48 12 24 3 17 4695.27 4703.93
0 8 9 39 31 45 7 29 33 44 28 18 20 38 6 37 19 47 16 34 21 13 41 23 35 42 30 2 27 4 10 1 46 36 11 25 43 5 49 32 40 26 15 14 22 48 12 24 3 17 4695.27 4709.04
0 8 9 39 31 45 7 29 33 44 28 18 20 38 6 37 19 47 16 34 21 13 41 23 35 42 30 2 27 4 10 1 46 36 11 25 43 5 49 32 40 26 15 14 22 48 12 24 3 17 4695.27 4739.92
0 8 9 39 31 45 7 29 33 44 28 18 20 38 6 37 19 47 16 34 21 13 41 23 35 42 30 2 27 4 10 1 46 36 11 25 43 5 49 32 40 26 15 14 22 48 12 24 3 17 4695.27 4697.37
0 8 9 39 31 45 7 29 33 44 28 18 20 38 6 37 19 47 16 34 21 13 41 23 35 42 30 2 27 4 10 1 46 36 11 25 43 5 49 32 40 26 15 14 22 48 12 24 3 17 4695.27 4698.85
0 8 9 39 31 45 7 29 33 44 28 18 20 38 6 37 19 47 16 34 21 13 41 23 35 42 30 2 27 4 10 1 46 36 11 25 43 5 49 32 40 26 15 14 22 48 12 24 3 17 4695.27 4695.27
0 8 9 39 31 45 7 29 33 44 28 18 20 38 6 37 19 47 16 34 21 13 41 23 24 12 48 22 14 15 26 40 32 49 5 43 25 11 36 46 1 10 4 27 2 30 42 35 3 17 4687.89 4704.22
0 8 9 39 31 45 7 29 33 44 28 18 20 38 6 37 19 47 16 34 21 13 41 23 24 12 48 22 14 15 26 40 32 49 5 43 25 11 36 46 1 10 4 27 2 30 42 35 3 17 4687.89 4717.6
0 8 9 39 31 45 7 29 33 44 28 18 20 38 6 37 19 47 16 34 21 13 41 23 24 12 48 22 14 15 26 40 32 49 5 43 25 11 36 46 1 10 4 27 2 30 42 35 3 17 4687.89 4785.07
0 8 9 39 31 45 7 29 33 44 28 18 20 38 6 37 19 47 16 34 21 13 41 23 24 12 48 22 14 15 26 40 32 49 5 43 25 11 36 46 1 10 4 27 2 30 42 35 3 17 4687.89 4773.1
0 8 9 39 31 45 7 29 28 33 44 18 20 38 6 37 19 47 16 34 21 13 41 23 42 35 30 2 27 4 10 1 46 36 11 25 43 5 49 32 40 26 15 14 22 48 12 24 3 17 4686.48 4717.89
0 8 9 39 31 45 7 29 33 44 28 18 20 38 6 37 19 47 16 34 21 13 41 23 42 35 30 2 27 4 10 1 46 36 11 25 43 5 49 32 40 26 15 14 22 48 12 24 3 17 4667.49 4717.8
0 8 9 39 31 45 7 29 33 44 28 18 20 38 6 37 19 47 16 34 21 13 41 23 42 35 30 2 27 4 10 1 46 36 11 25 43 5 49 32 40 26 15 14 22 48 12 24 3 17 4667.49 4764.5
0 8 9 39 31 45 7 29 33 44 28 18 20 38 6 37 19 47 16 34 21 13 41 23 42 35 30 2 27 4 10 1 46 36 11 25 43 5 49 32 40 26 15 14 22 48 12 24 3 17 4667.49 4728.99
0 8 9 39 31 45 7 29 33 44 28 18 20 38 6 37 19 47 16 34 21 13 41 23 42 35 30 2 27 4 10 1 46 36 11 25 43 5 49 32 40 26 15 14 22 48 12 24 3 17 4667.49 4697.64
0 8 9 39 31 45 7 29 33 44 28 18 20 38 6 37 19 47 16 34 21 13 41 23 42 35 30 2 27 4 10 1 46 36 11 25 43 5 49 32 40 26 15 14 22 48 12 24 3 17 4667.49 4673.41
0 8 9 39 31 45 7 29 33 44 28 18 20 38 6 37 19 47 16 34 21 13 41 23 42 35 30 2 27 4 10 1 46 36 11 25 43 5 49 32 40 26 15 14 22 48 12 24 3 17 4667.49 4671.68
0 8 9 39 31 45 7 29 33 44 28 18 20 38 6 37 19 47 16 34 21 13 41 23 42 35 30 2 27 4 10 1 46 36 11 25 43 5 49 32 40 26 15 14 22 48 12 24 3 17 4667.49 4684.09
0 8 9 39 31 45 7 29 33 44 28 18 20 38 6 37 19 47 16 34 21 13 41 23 42 35 30 2 27 4 10 1 46 36 11 25 43 5 49 32 40 26 15 14 22 48 12 24 3 17 4667.49 4678.65
0 8 9 39 31 45 7 29 33 44 28 18 20 38 6 37 19 47 16 34 21 13 41 23 42 35 30 2 27 4 10 1 46 36 11 25 43 5 49 32 40 26 15 14 22 48 12 24 3 17 4667.49 4715.32
0 8 9 39 31 45 7 29 33 44 28 18 20 38 6 37 19 47 16 34 21 13 41 23 42 35 30 2 27 4 10 1 46 36 11 25 43 5 49 32 40 26 15 14 22 48 12 24 3 17 4667.49 4691.54
0 8 9 39 31 45 7 29 33 44 28 18 20 38 6 37 19 47 16 34 21 13 41 23 42 35 30 2 27 4 10 1 46 36 11 25 43 5 49 32 40 26 15 14 22 48 12 24 3 17 4667.49 4667.49
0 8 9 39 31 45 7 29 6 38 20 18 28 44 33 37 19 47 16 34 21 13 41 23 42 35 30 2 27 4 10 1 46 36 11 25 43 5 49 32 40 26 15 14 22 48 12 24 3 17 4662.86 4667.44
0 8 9 39 31 45 7 29 6 38 20 18 28 44 33 37 19 47 16 34 21 13 41 23 42 35 30 2 27 4 10 1 46 36 11 25 43 5 49 32 40 26 15 14 22 48 12 24 3 17 4662.86 4666.47
0 8 9 39 31 45 7 29 6 38 20 18 28 44 33 37 19 47 16 34 21 13 41 23 42 35 30 2 27 4 10 1 46 36 11 25 43 5 49 32 40 26 15 14 22 48 12 24 3 17 4662.86 4664.92
0 8 9 39 31 45 7 29 6 38 20 18 28 44 33 37 19 47 16 34 21 13 41 23 42 35 30 2 27 4 10 1 46 36 11 25 43 5 49 32 40 26 15 14 22 48 12 24 3 17 4662.86 4664.22
0 8 9 39 31 45 7 29 6 38 20 18 28 44 33 37 19 47 16 34 21 13 41 23 42 35 30 2 27 4 10 1 46 36 11 25 43 5 49 32 40 26 15 14 22 48 12 24 3 17 4662.86 4662.86
0 8 9 39 31 45 7 29 6 38 20 18 28 44 33 37 19 47 16 34 21 13 41 23 42 35 30 2 27 4 10 1 46 36 11 25 43 5 49 32 40 26 15 14 22 48 12 24 3 17 4662.86 4662.86
0 8 9 39 31 45 7 29 6 38 20 18 28 44 33 37 19 47 16 34 21 13 41 23 42 35 30 2 27 4 10 1 46 36 11 25 43 5 49 32 40 26 15 14 22 48 12 24 3 17 4662.86 4662.86
0 8 9 39 31 45 7 29 6 38 20 18 28 44 33 37 19 47 16 34 21 13 41 23 42 35 30 2 27 4 10 1 46 36 11 25 43 5 49 32 40 26 15 14 22 48 12 24 3 17 4662.86 4664.61
0 8 9 39 31 45 7 29 6 38 20 18 28 44 33 37 19 47 16 34 21 13 41 3 24 12 48 22 14 15 26 40 32 49 5 43 25 11 36 46 1 10 4 27 2 30 35 42 23 17 4653.53 4672.19
0 8 9 39 31 45 7 29 6 38 20 18 28 44 33 37 19 47 16 34 21 13 41 23 3 24 12 48 22 14 15 26 40 32 49 5 43 25 11 36 46 1 10 4 27 2 30 35 42 17 4635.38 4691.03
0 8 9 39 31 45 7 29 6 38 20 18 28 44 33 37 19 47 16 34 21 13 41 23 3 24 12 48 22 14 15 26 40 32 49 5 43 25 11 36 46 1 10 4 27 2 30 35 42 17 4635.38 4804.84
0 8 9 39 31 45 7 29 6 38 20 18 28 44 33 37 19 47 16 34 21 13 41 23 3 24 12 48 22 14 15 26 40 32 49 5 43 25 11 36 46 1 10 4 27 2 30 35 42 17 4635.38 4728.63
0 8 9 39 31 45 7 29 6 38 20 18 28 44 33 37 19 47 16 34 21 13 41 23 3 24 12 48 22 14 15 26 40 32 49 5 43 25 11 36 46 1 10 4 27 2 30 35 42 17 4635.38 4704.13
0 8 9 39 31 45 7 29 6 38 20 18 28 44 33 37 19 47 16 34 21 13 41 23 3 24 12 48 22 14 15 26 40 32 49 5 43 25 11 36 46 1 10 4 27 2 30 35 42 17 4635.38 4663.34
0 8 9 39 31 45 7 29 6 38 20 18 28 44 33 37 19 47 16 34 21 13 41 23 3 24 12 48 22 14 15 26 40 32 49 5 43 25 11 36 46 1 10 4 27 2 30 35 42 17 4635.38 4646.09
0 8 9 39 31 45 7 29 6 38 20 18 28 44 33 37 19 47 16 34 21 13 41 23 3 24 12 48 22 14 15 26 40 32 49 5 43 25 11 36 46 1 10 4 27 2 30 35 42 17 4635.38 4639.2
0 8 9 39 31 45 7 29 6 38 20 18 28 44 33 37 19 47 16 34 21 13 41 23 3 24 12 48 22 14 15 26 40 32 49 5 43 25 11 36 46 1 10 4 27 2 30 35 42 17 4635.38 4638.47
0 8 9 39 31 45 7 29 6 38 20 18 28 44 33 37 19 47 16 34 21 13 41 23 3 24 12 48 22 14 15 26 40 32 49 5 43 25 11 36 46 1 10 4 27 2 30 35 42 17 4635.38 4637.47
0 8 9 39 31 45 7 29 6 38 20 18 28 44 33 37 19 47 16 34 21 13 41 23 3 24 12 48 22 14 15 26 40 32 49 5 43 25 11 36 46 1 10 4 27 2 30 35 42 17 4635.38 4635.38
0 8 9 39 31 45 7 29 6 38 20 18 28 44 33 37 19 47 16 34 21 13 41 23 3 24 12 48 22 14 15 26 40 32 49 5 43 25 11 36 46 1 10 4 27 2 30 35 42 17 4635.38 4635.38
0 8 9 39 31 45 7 29 6 38 20 18 28 44 33 37 19 47 16 34 21 13 41 23 3 24 12 48 22 14 15 26 40 32 49 5 43 25 11 36 46 1 10 4 27 2 30 35 42 17 4635.38 4635.38
0 8 9 39 31 45 7 29 6 38 20 18 28 44 33 37 19 47 16 34 21 13 41 23 3 24 12 48 22 14 15 26 40 32 49 5 43 25 11 36 46 1 10 4 27 2 30 35 42 17 4635.38 4635.38
0 8 9 39 31 45 7 29 6 38 20 18 28 44 33 37 19 47 16 34 21 13 41 23 3 24 12 48 22 14 15 26 40 32 49 5 43 25 11 36 46 1 10 4 27 2 30 35 42 17 4635.38 4636.47
0 17 42 35 30 2 27 4 10 1 46 36 11 25 43 5 49 32 40 26 15 14 22 48 12 24 3 23 41 13 21 34 16 47 19 37 33 44 28 18 20 38 6 29 7 45 31 39 9 8 4635.38 4641.07
0 17 42 35 30 2 27 4 10 1 46 36 11 25 43 5 49 32 40 26 15 14 22 48 12 24 3 23 41 13 21 34 16 47 19 37 33 44 28 18 20 38 6 29 7 45 31 39 9 8 4635.38 4728.24
0 17 42 35 30 2 27 4 10 1 46 36 11 25 43 5 49 32 40 26 15 14 22 48 12 24 3 23 41 13 21 34 16 47 19 37 33 44 28 18 20 38 6 29 7 45 31 39 9 8 4635.38 4776.07
0 17 42 35 30 2 27 4 10 1 46 36 11 25 43 5 49 32 40 26 15 14 22 48 12 24 3 23 41 13 21 34 16 47 19 37 33 44 28 18 20 38 6 29 7 45 31 39 9 8 4635.38 4794.92
0 17 42 35 30 2 27 4 10 1 46 36 11 25 43 5 49 32 40 26 15 14 22 48 12 24 3 23 41 13 21 34 16 47 19 37 33 44 28 18 20 38 6 29 7 45 31 39 9 8 4635.38 4712.13
0 17 42 35 30 2 27 4 10 1 46 36 11 25 43 5 49 32 40 26 15 14 22 48 12 24 3 23 41 13 21 34 16 47 19 37 33 44 28 18 20 38 6 29 7 45 31 39 9 8 4635.38 4673.09
0 17 42 35 30 2 27 4 10 1 46 36 11 25 43 5 49 32 40 26 15 14 22 48 12 24 3 23 41 13 21 34 16 47 19 37 33 44 28 18 20 38 6 29 7 45 31 39 9 8 4635.38 4651.63
0 17 42 35 30 2 27 4 10 1 46 36 11 25 43 5 49 32 40 26 15 14 22 48 12 24 3 23 41 13 21 34 16 47 19 37 33 44 28 18 20 38 6 29 7 45 31 39 9 8 4635.38 4668.38
0 17 42 35 30 2 27 4 10 1 46 36 11 25 43 5 49 32 40 26 15 14 22 48 12 24 3 23 41 13 21 34 16 47 19 37 33 44 28 18 20 38 6 29 7 45 31 39 9 8 4635.38 4637.98
0 17 42 35 30 2 27 4 10 1 46 36 11 25 43 5 49 32 40 26 15 14 22 48 12 24 3 23 41 13 21 34 16 47 19 37 33 44 28 18 20 38 6 29 7 45 31 39 9 8 4635.38 4635.38
0 17 42 35 30 2 27 4 10 1 46 36 11 25 43 5 49 32 40 26 15 14 22 48 12 24 3 23 41 13 21 34 16 47 19 37 33 44 28 18 20 38 6 29 7 45 31 39 9 8 4635.38 4635.38
0 17 42 35 30 2 27 4 10 1 46 36 11 25 43 5 49 32 40 26 15 14 22 48 12 24 3 23 41 13 21 34 16 47 19 37 33 44 28 18 20 38 6 29 7 45 31 39 9 8 4635.38 4635.38
0 17 42 35 30 2 27 4 10 1 46 36 11 25 43 5 49 32 40 26 15 14 22 48 12 24 3 23 41 13 21 34 16 47 19 37 33 44 28 18 20 38 6 29 7 45 31 39 9 8 4635.38 4635.38
0 17 42 35 30 2 27 4 10 1 46 36 11 25 43 5 49 32 40 26 15 14 22 48 12 24 3 23 41 13 21 34 16 47 19 37 33 44 28 18 20 38 6 29 7 45 31 39 9 8 4635.38 4647.66
0 17 42 35 30 2 27 4 10 1 46 36 11 25 43 5 49 32 40 26 15 14 22 48 12 24 3 23 41 13 21 34 16 47 19 37 33 44 28 18 20 38 6 29 7 45 31 39 9 8 4635.38 4638.06
0 17 42 35 30 2 27 4 10 1 46 36 11 25 43 5 49 32 40 26 15 14 22 48 12 24 3 23 41 13 21 34 16 47 19 37 33 44 28 18 20 38 6 29 7 45 31 39 9 8 4635.38 4635.38
0 17 42 35 30 2 27 4 10 1 46 36 11 25 43 5 49 32 40 26 15 14 22 48 12 24 3 23 41 13 21 34 16 47 19 37 33 44 28 18 20 38 6 29 7 45 31 39 9 8 4635.38 4635.38
0 17 42 35 30 2 27 4 10 1 46 36 11 25 43 5 49 32 40 26 15 14 22 48 12 24 3 23 41 13 21 34 16 47 19 37 33 44 28 18 20 38 6 29 7 45 31 39 9 8 4635.38 4643.64
0 17 42 35 30 2 27 4 10 1 46 36 11 25 43 5 49 32 40 26 15 14 22 48 12 24 3 23 41 13 21 34 16 47 19 37 33 44 28 18 20 38 6 29 7 45 31 39 9 8 4635.38 4640.35
0 17 42 35 30 2 27 4 10 1 46 36 11 25 43 5 49 32 40 26 15 14 22 48 12 24 3 23 41 13 21 34 16 47 19 37 33 44 28 18 20 38 6 29 7 45 31 39 9 8 4635.38 4653.26
0 17 42 35 30 2 27 4 10 1 46 36 11 25 43 5 49 32 40 26 15 14 22 48 12 24 3 23 41 13 21 34 16 47 19 37 33 44 28 18 20 38 6 29 7 45 31 39 9 8 4635.38 4639.4
0 17 42 35 30 2 27 4 10 1 46 36 11 25 43 5 49 32 40 26 15 14 22 48 12 24 3 23 41 13 21 34 16 47 19 37 33 44 28 18 20 38 6 29 7 45 31 39 9 8 4635.38 4649.99
0 17 42 35 30 2 27 4 10 1 46 36 11 25 43 5 49 32 40 26 15 14 22 48 12 24 3 23 41 13 21 34 16 47 19 37 33 44 28 18 20 38 6 29 7 45 31 39 9 8 4635.38 4643.02
0 17 42 35 30 2 27 4 10 1 46 36 11 25 43 5 49 32 40 26 15 14 22 48 12 24 3 23 41 13 21 34 16 47 19 37 33 44 28 18 20 38 6 29 7 45 31 39 9 8 4635.38 4652.96
0 17 42 35 30 2 27 4 10 1 46 36 11 25 43 5 49 32 40 26 15 14 22 48 12 24 3 23 41 13 21 34 16 47 19 37 33 44 28 18 20 38 6 29 7 45 31 39 9 8 4635.38 4654.48
0 17 42 35 30 2 27 4 10 1 46 36 11 25 43 5 49 32 40 26 15 14 22 48 12 24 3 23 41 13 21 34 16 47 19 37 33 44 28 18 20 38 6 29 7 45 31 39 9 8 4635.38 4635.4
0 17 42 35 30 2 27 4 10 1 46 36 11 25 43 5 49 32 40 26 15 14 22 48 12 24 3 23 41 13 21 34 16 47 19 37 33 44 28 18 20 38 6 29 7 45 31 39 9 8 4635.38 4635.38
0 17 42 35 30 2 27 4 10 1 46 36 11 25 43 5 49 32 40 26 15 14 22 48 12 24 3 23 41 13 21 34 16 47 19 37 33 44 28 18 20 38 6 29 7 45 31 39 9 8 4635.38 4635.99
0 17 42 35 30 2 27 4 10 1 46 36 11 25 43 5 49 32 40 26 15 14 22 48 12 24 3 23 41 13 21 34 16 47 19 37 33 44 28 18 20 38 6 29 7 45 31 39 9 8 4635.38 4635.38
0 17 42 35 30 2 27 4 10 1 46 36 11 25 43 5 49 32 40 26 15 14 22 48 12 24 3 23 41 13 21 34 16 47 19 37 33 44 28 18 20 38 6 29 7 45 31 39 9 8 4635.38 4649.66
0 17 42 35 30 2 27 4 10 1 46 36 11 25 43 5 49 32 40 26 15 14 22 48 12 24 3 23 41 13 21 34 16 47 19 37 33 44 28 18 20 38 6 29 7 45 31 39 9 8 4635.38 4680.79
0 17 42 35 30 2 27 4 10 1 46 36 11 25 43 5 49 32 40 26 15 14 22 48 12 24 3 23 41 13 21 34 16 47 19 37 33 44 28 18 20 38 6 29 7 45 31 39 9 8 4635.38 4664.19
0 17 42 35 30 2 27 4 10 1 46 36 11 25 43 5 49 32 40 26 15 14 22 48 12 24 3 23 41 13 21 34 16 47 19 37 33 44 28 18 20 38 6 29 7 45 31 39 9 8 4635.38 4663.74
0 17 42 35 30 2 27 4 10 1 46 36 11 25 43 5 49 32 40 26 15 14 22 48 12 24 3 23 41 13 21 34 16 47 19 37 33 44 28 18 20 38 6 29 7 45 31 39 9 8 4635.38 4662.67
0 17 42 35 30 2 27 4 10 1 46 36 11 25 43 5 49 32 40 26 15 14 22 48 12 24 3 23 41 13 21 34 16 47 19 37 33 44 28 18 20 38 6 29 7 45 31 39 9 8 4635.38 4659.81
0 17 42 35 30 2 27 4 10 1 46 36 11 25 43 5 49 32 40 26 15 14 22 48 12 24 3 23 41 13 21 34 16 47 19 37 33 44 28 18 20 38 6 29 7 45 31 39 9 8 4635.38 4662.8
0 17 42 35 30 2 27 4 10 1 46 36 11 25 43 5 49 32 40 26 15 14 22 48 12 24 3 23 41 13 21 34 16 47 19 37 33 44 28 18 20 38 6 29 7 45 31 39 9 8 4635.38 4667.64
0 17 42 35 30 2 27 4 10 1 46 36 11 25 43 5 49 32 40 26 15 14 22 48 12 24 3 23 41 13 21 34 16 47 19 37 33 44 28 18 20 38 6 29 7 45 31 39 9 8 4635.38 4640.89
0 17 42 35 30 2 27 4 10 1 46 36 11 25 43 5 49 32 40 26 15 14 22 48 12 24 3 23 41 13 21 34 16 47 19 37 33 44 28 18 20 38 6 29 7 45 31 39 9 8 4635.38 4635.38
0 17 42 35 30 2 27 4 10 1 46 36 11 25 43 5 49 32 40 26 15 14 22 48 12 24 3 23 41 13 21 34 16 47 19 37 33 44 28 18 20 38 6 29 7 45 31 39 9 8 4635.38 4635.38
0 17 42 35 30 2 27 4 10 1 46 36 11 25 43 5 49 32 40 26 15 14 22 48 12 24 3 23 41 13 21 34 16 47 19 37 33 44 28 18 20 38 6 29 7 45 31 39 9 8 4635.38 4635.38
0 17 42 35 30 2 27 4 10 1 46 36 11 25 43 5 49 32 40 26 15 14 22 48 12 24 3 23 41 13 21 34 16 47 19 37 33 44 28 18 20 38 6 29 7 45 31 39 9 8 4635.38 4636.23
0 17 42 35 30 2 27 4 10 1 46 36 11 25 43 5 49 32 40 26 15 14 22 48 12 24 3 23 41 13 21 34 16 47 19 37 33 44 28 18 20 38 6 29 7 45 31 39 9 8 4635.38 4635.62
0 17 42 35 30 2 27 4 10 1 46 36 11 25 43 5 49 32 40 26 15 14 22 48 12 24 3 23 41 13 21 34 16 47 19 37 33 44 28 18 20 38 6 29 7 45 31 39 9 8 4635.38 4635.38
0 17 42 35 30 2 27 4 10 1 46 36 11 25 43 5 49 32 40 26 15 14 22 48 12 24 3 23 41 13 21 34 16 47 19 37 33 44 28 18 20 38 6 29 7 45 31 39 9 8 4635.38 4636.64
0 17 42 35 30 2 27 4 10 1 46 36 11 25 43 5 49 32 40 26 15 14 22 48 12 24 3 23 41 13 21 34 16 47 19 37 33 44 28 18 20 38 6 29 7 45 31 39 9 8 4635.38 4635.38
0 17 42 35 30 2 27 4 10 1 46 36 11 25 43 5 49 32 40 26 15 14 22 48 12 24 3 23 41 13 21 34 16 47 19 37 33 44 28 18 20 38 6 29 7 45 31 39 9 8 4635.38 4639.14
0 17 42 35 30 2 27 4 10 1 46 36 11 25 43 5 49 32 40 26 15 14 22 48 12 24 3 23 41 13 21 34 16 47 19 37 33 44 28 18 20 38 6 29 7 45 31 39 9 8 4635.38 4635.38
0 17 42 35 30 2 27 4 10 1 46 36 11 25 43 5 49 32 40 26 15 14 22 48 12 24 3 23 41 13 21 34 16 47 19 37 33 44 28 18 20 38 6 29 7 45 31 39 9 8 4635.38 4635.89
0 17 42 35 30 2 27 4 10 1 46 36 11 25 43 5 49 32 40 26 15 14 22 48 12 24 3 23 41 13 21 34 16 47 19 37 33 44 28 18 20 38 6 29 7 45 31 39 9 8 4635.38 4635.38
0 17 42 35 30 2 27 4 10 1 46 36 11 25 43 5 49 32 40 26 15 14 22 48 12 24 3 23 41 13 21 34 16 47 19 37 33 44 28 18 20 38 6 29 7 45 31 39 9 8 4635.38 4635.38
0 17 42 35 30 2 27 4 10 1 46 36 11 25 43 5 49 32 40 26 15 14 22 48 12 24 3 23 41 13 21 34 16 47 19 37 33 44 28 18 20 38 6 29 7 45 31 39 9 8 4635.38 4636.03
0 17 42 35 30 2 27 4 10 1 46 36 11 25 43 5 49 32 40 26 15 14 22 48 12 24 3 23 41 13 21 34 16 47 19 37 33 44 28 18 20 38 6 29 7 45 31 39 9 8 4635.38 4640.77
0 17 42 35 30 2 27 4 10 1 46 36 11 25 43 5 49 32 40 26 15 14 22 48 12 24 3 23 41 13 21 34 16 47 19 37 33 44 28 18 20 38 6 29 7 45 31 39 9 8 4635.38 4636.52
0 17 42 35 30 2 27 4 10 1 46 36 11 25 43 5 49 32 40 26 15 14 22 48 12 24 3 23 41 13 21 34 16 47 19 37 33 44 28 18 20 38 6 29 7 45 31 39 9 8 4635.38 4635.38
0 17 42 35 30 2 27 4 10 1 46 36 11 25 43 5 49 32 40 26 15 14 22 48 12 24 3 23 41 13 21 34 16 47 19 37 33 44 28 18 20 38 6 29 7 45 31 39 9 8 4635.38 4639.62
0 17 42 35 30 2 27 4 10 1 46 36 11 25 43 5 49 32 40 26 15 14 22 48 12 24 3 23 41 13 21 34 16 47 19 37 33 44 28 18 20 38 6 29 7 45 31 39 9 8 4635.38 4635.71
0 17 42 35 30 2 27 4 10 1 46 36 11 25 43 5 49 32 40 26 15 14 22 48 12 24 3 23 41 13 21 34 16 47 19 37 33 44 28 18 20 38 6 29 7 45 31 39 9 8 4635.38 4637.28
0 17 42 35 30 2 27 4 10 1 46 36 11 25 43 5 49 32 40 26 15 14 22 48 12 24 3 23 41 13 21 34 16 47 19 37 33 44 28 18 20 38 6 29 7 45 31 39 9 8 4635.38 4635.38
0 17 42 35 30 2 27 4 10 1 46 36 11 25 43 5 49 32 40 26 15 14 22 48 12 24 3 23 41 13 21 34 16 47 19 37 33 44 28 18 20 38 6 29 7 45 31 39 9 8 4635.38 4644.35
0 17 42 35 30 2 27 4 10 1 46 36 11 25 43 5 49 32 40 26 15 14 22 48 12 24 3 23 41 13 21 34 16 47 19 37 33 44 28 18 20 38 6 29 7 45 31 39 9 8 4635.38 4687.42
0 17 42 35 30 2 27 4 10 1 46 36 11 25 43 5 49 32 40 26 15 14 22 48 12 24 3 23 41 13 21 34 16 47 19 37 33 44 28 18 20 38 6 29 7 45 31 39 9 8 4635.38 4635.38
0 17 42 35 30 2 27 4 10 1 46 36 11 25 43 5 49 32 40 26 15 14 22 48 12 24 3 23 41 13 21 34 16 47 19 37 33 44 28 18 20 38 6 29 7 45 31 39 9 8 4635.38 4635.38
0 17 42 35 30 2 27 4 10 1 46 36 11 25 43 5 49 32 40 26 15 14 22 48 12 24 3 23 41 13 21 34 16 47 19 37 33 44 28 18 20 38 6 29 7 45 31 39 9 8 4635.38 4639.74
0 17 42 35 30 2 27 4 10 1 46 36 11 25 43 5 49 32 40 26 15 14 22 48 12 24 3 23 41 13 21 34 16 47 19 37 33 44 28 18 20 38 6 29 7 45 31 39 9 8 4635.38 4658.2
0 17 42 35 30 2 27 4 10 1 46 36 11 25 43 5 49 32 40 26 15 14 22 48 12 24 3 23 41 13 21 34 16 47 19 37 33 44 28 18 20 38 6 29 7 45 31 39 9 8 4635.38 4637.76
0 17 42 35 30 2 27 4 10 1 46 36 11 25 43 5 49 32 40 26 15 14 22 48 12 24 3 23 41 13 21 34 16 47 19 37 33 44 28 18 20 38 6 29 7 45 31 39 9 8 4635.38 4642.25
0 17 42 35 30 2 27 4 10 1 46 36 11 25 43 5 49 32 40 26 15 14 22 48 12 24 3 23 41 13 21 34 16 47 19 37 33 44 28 18 20 38 6 29 7 45 31 39 9 8 4635.38 4660.48
0 17 42 35 30 2 27 4 10 1 46 36 11 25 43 5 49 32 40 26 15 14 22 48 12 24 3 23 41 13 21 34 16 47 19 37 33 44 28 18 20 38 6 29 7 45 31 39 9 8 4635.38 4635.38
0 17 42 35 30 2 27 4 10 1 46 36 11 25 43 5 49 32 40 26 15 14 22 48 12 24 3 23 41 13 21 34 16 47 19 37 33 44 28 18 20 38 6 29 7 45 31 39 9 8 4635.38 4635.38
0 17 42 35 30 2 27 4 10 1 46 36 11 25 43 5 49 32 40 26 15 14 22 48 12 24 3 23 41 13 21 34 16 47 19 37 33 44 28 18 20 38 6 29 7 45 31 39 9 8 4635.38 4635.45
0 17 42 35 30 2 27 4 10 1 46 36 11 25 43 5 49 32 40 26 15 14 22 48 12 24 3 23 41 13 21 34 16 47 19 37 33 44 28 18 20 38 6 29 7 45 31 39 9 8 4635.38 4640.75
0 17 42 35 30 2 27 4 10 1 46 36 11 25 43 5 49 32 40 26 15 14 22 48 12 24 3 23 41 13 21 34 16 47 19 37 33 44 28 18 20 38 6 29 7 45 31 39 9 8 4635.38 4636.29
0 17 42 35 30 2 27 4 10 1 46 36 11 25 43 5 49 32 40 26 15 14 22 48 12 24 3 23 41 13 21 34 16 47 19 37 33 44 28 18 20 38 6 29 7 45 31 39 9 8 4635.38 4635.38
0 17 42 35 30 2 27 4 10 1 46 36 11 25 43 5 49 32 40 26 15 14 22 48 12 24 3 23 41 13 21 34 16 47 19 37 33 44 28 18 20 38 6 29 7 45 31 39 9 8 4635.38 4635.38
0 17 42 35 30 2 27 4 10 1 46 36 11 25 43 5 49 32 40 26 15 14 22 48 12 24 3 23 41 13 21 34 16 47 19 37 33 44 28 18 20 38 6 29 7 45 31 39 9 8 4635.38 4635.38
0 17 42 35 30 2 27 4 10 1 46 36 11 25 43 5 49 32 40 26 15 14 22 48 12 24 3 23 41 13 21 34 16 47 19 37 33 44 28 18 20 38 6 29 7 45 31 39 9 8 4635.38 4635.38
0 17 42 35 30 2 27 4 10 1 46 36 11 25 43 5 49 32 40 26 15 14 22 48 12 24 3 23 41 13 21 34 16 47 19 37 33 44 28 18 20 38 6 29 7 45 31 39 9 8 4635.38 4647.9
0 17 42 35 30 2 27 4 10 1 46 36 11 25 43 5 49 32 40 26 15 14 22 48 12 24 3 23 41 13 21 34 16 47 19 37 33 44 28 18 20 38 6 29 7 45 31 39 9 8 4635.38 4676.76
0 17 42 35 30 2 27 4 10 1 46 36 11 25 43 5 49 32 40 26 15 14 22 48 12 24 3 23 41 13 21 34 16 47 19 37 33 44 28 18 20 38 6 29 7 45 31 39 9 8 4635.38 4648.02
0 17 42 35 30 2 27 4 10 1 46 36 11 25 43 5 49 32 40 26 15 14 22 48 12 24 3 23 41 13 21 34 16 47 19 37 33 44 28 18 20 38 6 29 7 45 31 39 9 8 4635.38 4635.81
0 17 42 35 30 2 27 4 10 1 46 36 11 25 43 5 49 32 40 26 15 14 22 48 12 24 3 23 41 13 21 34 16 47 19 37 33 44 28 18 20 38 6 29 7 45 31 39 9 8 4635.38 4635.38
0 17 42 35 30 2 27 4 10 1 46 36 11 25 43 5 49 32 40 26 15 14 22 48 12 24 3 23 41 13 21 34 16 47 19 37 33 44 28 18 20 38 6 29 7 45 31 39 9 8 4635.38 4635.38
0 17 42 35 30 2 27 4 10 1 46 36 11 25 43 5 49 32 40 26 15 14 22 48 12 24 3 23 41 13 21 34 16 47 19 37 33 44 28 18 20 38 6 29 7 45 31 39 9 8 4635.38 4635.38
0 17 42 35 30 2 27 4 10 1 46 36 11 25 43 5 49 32 40 26 15 14 22 48 12 24 3 23 41 13 21 34 16 47 19 37 33 44 28 18 20 38 6 29 7 45 31 39 9 8 4635.38 4644.19
0 17 42 35 30 2 27 4 10 1 46 36 11 25 43 5 49 32 40 26 15 14 22 48 12 24 3 23 41 13 21 34 16 47 19 37 33 44 28 18 20 38 6 29 7 45 31 39 9 8 4635.38 4635.65
0 17 42 35 30 2 27 4 10 1 46 36 11 25 43 5 49 32 40 26 15 14 22 48 12 24 3 23 41 13 21 34 16 47 19 37 33 44 28 18 20 38 6 29 7 45 31 39 9 8 4635.38 4635.38
0 17 42 35 30 2 27 4 10 1 46 36 11 25 43 5 49 32 40 26 15 14 22 48 12 24 3 23 41 13 21 34 16 47 19 37 33 44 28 18 20 38 6 29 7 45 31 39 9 8 4635.38 4635.38
0 17 42 35 30 2 27 4 10 1 46 36 11 25 43 5 49 32 40 26 15 14 22 48 12 24 3 23 41 13 21 34 16 47 19 37 33 44 28 18 20 38 6 29 7 45 31 39 9 8 4635.38 4635.4
0 17 42 35 30 2 27 4 10 1 46 36 11 25 43 5 49 32 40 26 15 14 22 48 12 24 3 23 41 13 21 34 16 47 19 37 33 44 28 18 20 38 6 29 7 45 31 39 9 8 4635.38 4653.14
0 17 42 35 30 2 27 4 10 1 46 36 11 25 43 5 49 32 40 26 15 14 22 48 12 24 3 23 41 13 21 34 16 47 19 37 33 44 28 18 20 38 6 29 7 45 31 39 9 8 4635.38 4647.02
0 17 42 35 30 2 27 4 10 1 46 36 11 25 43 5 49 32 40 26 15 14 22 48 12 24 3 23 41 13 21 34 16 47 19 37 33 44 28 18 20 38 6 29 7 45 31 39 9 8 4635.38 4638.04
0 17 42 35 30 2 27 4 10 1 46 36 11 25 43 5 49 32 40 26 15 14 22 48 12 24 3 23 41 13 21 34 16 47 19 37 33 44 28 18 20 38 6 29 7 45 31 39 9 8 4635.38 4639.27
0 17 42 35 30 2 27 4 10 1 46 36 11 25 43 5 49 32 40 26 15 14 22 48 12 24 3 23 41 13 21 34 16 47 19 37 33 44 28 18 20 38 6 29 7 45 31 39 9 8 4635.38 4635.7
0 17 42 35 30 2 27 4 10 1 46 36 11 25 43 5 49 32 40 26 15 14 22 48 12 24 3 23 41 13 21 34 16 47 19 37 33 44 28 18 20 38 6 29 7 45 31 39 9 8 4635.38 4635.52
0 17 42 35 30 2 27 4 10 1 46 36 11 25 43 5 49 32 40 26 15 14 22 48 12 24 3 23 41 13 21 34 16 47 19 37 33 44 28 18 20 38 6 29 7 45 31 39 9 8 4635.38 4635.38
0 17 42 35 30 2 27 4 10 1 46 36 11 25 43 5 49 32 40 26 15 14 22 48 12 24 3 23 41 13 21 34 16 47 19 37 33 44 28 18 20 38 6 29 7 45 31 39 9 8 4635.38 4635.38
0 17 42 35 30 2 27 4 10 1 46 36 11 25 43 5 49 32 40 26 15 14 22 48 12 24 3 23 41 13 21 34 16 47 19 37 33 44 28 18 20 38 6 29 7 45 31 39 9 8 4635.38 4635.38
0 17 42 35 30 2 27 4 10 1 46 36 11 25 43 5 49 32 40 26 15 14 22 48 12 24 3 23 41 13 21 34 16 47 19 37 33 44 28 18 20 38 6 29 7 45 31 39 9 8 4635.38 4635.38
0 17 42 35 30 2 27 4 10 1 46 36 11 25 43 5 49 32 40 26 15 14 22 48 12 24 3 23 41 13 21 34 16 47 19 37 33 44 28 18 20 38 6 29 7 45 31 39 9 8 4635.38 4635.5
0 17 42 35 30 2 27 4 10 1 46 36 11 25 43 5 49 32 40 26 15 14 22 48 12 24 3 23 41 13 21 34 16 47 19 37 33 44 28 18 20 38 6 29 7 45 31 39 9 8 4635.38 4646.09
0 17 42 35 30 2 27 4 10 1 46 36 11 25 43 5 49 32 40 26 15 14 22 48 12 24 3 23 41 13 21 34 16 47 19 37 33 44 28 18 20 38 6 29 7 45 31 39 9 8 4635.38 4638.89
0 17 42 35 30 2 27 4 10 1 46 36 11 25 43 5 49 32 40 26 15 14 22 48 12 24 3 23 41 13 21 34 16 47 19 37 33 44 28 18 20 38 6 29 7 45 31 39 9 8 4635.38 4637.7
0 17 42 35 30 2 27 4 10 1 46 36 11 25 43 5 49 32 40 26 15 14 22 48 12 24 3 23 41 13 21 34 16 47 19 37 33 44 28 18 20 38 6 29 7 45 31 39 9 8 4635.38 4637.86
0 17 42 35 30 2 27 4 10 1 46 36 11 25 43 5 49 32 40 26 15 14 22 48 12 24 3 23 41 13 21 34 16 47 19 37 33 44 28 18 20 38 6 29 7 45 31 39 9 8 4635.38 4645.82
0 17 42 35 30 2 27 4 10 1 46 36 11 25 43 5 49 32 40 26 15 14 22 48 12 24 3 23 41 13 21 34 16 47 19 37 33 44 28 18 20 38 6 29 7 45 31 39 9 8 4635.38 4635.38
0 17 42 35 30 2 27 4 10 1 46 36 11 25 43 5 49 32 40 26 15 14 22 48 12 24 3 23 41 13 21 34 16 47 19 37 33 44 28 18 20 38 6 29 7 45 31 39 9 8 4635.38 4635.38
0 17 42 35 30 2 27 4 10 1 46 36 11 25 43 5 49 32 40 26 15 14 22 48 12 24 3 23 41 13 21 34 16 47 19 37 33 44 28 18 20 38 6 29 7 45 31 39 9 8 4635.38 4635.68
0 17 42 35 30 2 27 4 10 1 46 36 11 25 43 5 49 32 40 26 15 14 22 48 12 24 3 23 41 13 21 34 16 47 19 37 33 44 28 18 20 38 6 29 7 45 31 39 9 8 4635.38 4673.34
0 17 42 35 30 2 27 4 10 1 46 36 11 25 43 5 49 32 40 26 15 14 22 48 12 24 3 23 41 13 21 34 16 47 19 37 33 44 28 18 20 38 6 29 7 45 31 39 9 8 4635.38 4665.6
0 17 42 35 30 2 27 4 10 1 46 36 11 25 43 5 49 32 40 26 15 14 22 48 12 24 3 23 41 13 21 34 16 47 19 37 33 44 28 18 20 38 6 29 7 45 31 39 9 8 4635.38 4643.98
0 17 42 35 30 2 27 4 10 1 46 36 11 25 43 5 49 32 40 26 15 14 22 48 12 24 3 23 41 13 21 34 16 47 19 37 33 44 28 18 20 38 6 29 7 45 31 39 9 8 4635.38 4635.38
0 17 42 35 30 2 27 4 10 1 46 36 11 25 43 5 49 32 40 26 15 14 22 48 12 24 3 23 41 13 21 34 16 47 19 37 33 44 28 18 20 38 6 29 7 45 31 39 9 8 4635.38 4643.39
0 17 42 35 30 2 27 4 10 1 46 36 11 25 43 5 49 32 40 26 15 14 22 48 12 24 3 23 41 13 21 34 16 47 19 37 33 44 28 18 20 38 6 29 7 45 31 39 9 8 4635.38 4635.55
0 17 42 35 30 2 27 4 10 1 46 36 11 25 43 5 49 32 40 26 15 14 22 48 12 24 3 23 41 13 21 34 16 47 19 37 33 44 28 18 20 38 6 29 7 45 31 39 9 8 4635.38 4651.66
0 17 42 35 30 2 27 4 10 1 46 36 11 25 43 5 49 32 40 26 15 14 22 48 12 24 3 23 41 13 21 34 16 47 19 37 33 44 28 18 20 38 6 29 7 45 31 39 9 8 4635.38 4638.62
0 17 42 35 30 2 27 4 10 1 46 36 11 25 43 5 49 32 40 26 15 14 22 48 12 24 3 23 41 13 21 34 16 47 19 37 33 44 28 18 20 38 6 29 7 45 31 39 9 8 4635.38 4636.12
0 17 42 35 30 2 27 4 10 1 46 36 11 25 43 5 49 32 40 26 15 14 22 48 12 24 3 23 41 13 21 34 16 47 19 37 33 44 28 18 20 38 6 29 7 45 31 39 9 8 4635.38 4642.96
0 17 42 35 30 2 27 4 10 1 46 36 11 25 43 5 49 32 40 26 15 14 22 48 12 24 3 23 41 13 21 34 16 47 19 37 33 44 28 18 20 38 6 29 7 45 31 39 9 8 4635.38 4635.38
0 17 42 35 30 2 27 4 10 1 46 36 11 25 43 5 49 32 40 26 15 14 22 48 12 24 3 23 41 13 21 34 16 47 19 37 33 44 28 18 20 38 6 29 7 45 31 39 9 8 4635.38 4635.38
0 17 42 35 30 2 27 4 10 1 46 36 11 25 43 5 49 32 40 26 15 14 22 48 12 24 3 23 41 13 21 34 16 47 19 37 33 44 28 18 20 38 6 29 7 45 31 39 9 8 4635.38 4636.52
0 17 42 35 30 2 27 4 10 1 46 36 11 25 43 5 49 32 40 26 15 14 22 48 12 24 3 23 41 13 21 34 16 47 19 37 33 44 28 18 20 38 6 29 7 45 31 39 9 8 4635.38 4661.52
0 17 42 35 30 2 27 4 10 1 46 36 11 25 43 5 49 32 40 26 15 14 22 48 12 24 3 23 41 13 21 34 16 47 19 37 33 44 28 18 20 38 6 29 7 45 31 39 9 8 4635.38 4635.38
0 17 42 35 30 2 27 4 10 1 46 36 11 25 43 5 49 32 40 26 15 14 22 48 12 24 3 23 41 13 21 34 16 47 19 37 33 44 28 18 20 38 6 29 7 45 31 39 9 8 4635.38 4635.47
0 17 42 35 30 2 27 4 10 1 46 36 11 25 43 5 49 32 40 26 15 14 22 48 12 24 3 23 41 13 21 34 16 47 19 37 33 44 28 18 20 38 6 29 7 45 31 39 9 8 4635.38 4635.55
0 17 42 35 30 2 27 4 10 1 46 36 11 25 43 5 49 32 40 26 15 14 22 48 12 24 3 23 41 13 21 34 16 47 19 37 33 44 28 18 20 38 6 29 7 45 31 39 9 8 4635.38 4635.38
0 17 42 35 30 2 27 4 10 1 46 36 11 25 43 5 49 32 40 26 15 14 22 48 12 24 3 23 41 13 21 34 16 47 19 37 33 44 28 18 20 38 6 29 7 45 31 39 9 8 4635.38 4635.38
0 17 42 35 30 2 27 4 10 1 46 36 11 25 43 5 49 32 40 26 15 14 22 48 12 24 3 23 41 13 21 34 16 47 19 37 33 44 28 18 20 38 6 29 7 45 31 39 9 8 4635.38 4661.1
0 17 42 35 30 2 27 4 10 1 46 36 11 25 43 5 49 32 40 26 15 14 22 48 12 24 3 23 41 13 21 34 16 47 19 37 33 44 28 18 20 38 6 29 7 45 31 39 9 8 4635.38 4639.93
0 17 42 35 30 2 27 4 10 1 46 36 11 25 43 5 49 32 40 26 15 14 22 48 12 24 3 23 41 13 21 34 16 47 19 37 33 44 28 18 20 38 6 29 7 45 31 39 9 8 4635.38 4655.67
0 17 42 35 30 2 27 4 10 1 46 36 11 25 43 5 49 32 40 26 15 14 22 48 12 24 3 23 41 13 21 34 16 47 19 37 33 44 28 18 20 38 6 29 7 45 31 39 9 8 4635.38 4635.38
0 17 42 35 30 2 27 4 10 1 46 36 11 25 43 5 49 32 40 26 15 14 22 48 12 24 3 23 41 13 21 34 16 47 19 37 33 44 28 18 20 38 6 29 7 45 31 39 9 8 4635.38 4641.91
0 17 42 35 30 2 27 4 10 1 46 36 11 25 43 5 49 32 40 26 15 14 22 48 12 24 3 23 41 13 21 34 16 47 19 37 33 44 28 18 20 38 6 29 7 45 31 39 9 8 4635.38 4636.59
0 17 42 35 30 2 27 4 10 1 46 36 11 25 43 5 49 32 40 26 15 14 22 48 12 24 3 23 41 13 21 34 16 47 19 37 33 44 28 18 20 38 6 29 7 45 31 39 9 8 4635.38 4635.38
0 17 42 35 30 2 27 4 10 1 46 36 11 25 43 5 49 32 40 26 15 14 22 48 12 24 3 23 41 13 21 34 16 47 19 37 33 44 28 18 20 38 6 29 7 45 31 39 9 8 4635.38 4660.7
0 17 42 35 30 2 27 4 10 1 46 36 11 25 43 5 49 32 40 26 15 14 22 48 12 24 3 23 41 13 21 34 16 47 19 37 33 44 28 18 20 38 6 29 7 45 31 39 9 8 4635.38 4668.86
0 17 42 35 30 2 27 4 10 1 46 36 11 25 43 5 49 32 40 26 15 14 22 48 12 24 3 23 41 13 21 34 16 47 19 37 33 44 28 18 20 38 6 29 7 45 31 39 9 8 4635.38 4677.81
0 17 42 35 30 2 27 4 10 1 46 36 11 25 43 5 49 32 40 26 15 14 22 48 12 24 3 23 41 13 21 34 16 47 19 37 33 44 28 18 20 38 6 29 7 45 31 39 9 8 4635.38 4649.02
0 17 42 35 30 2 27 4 10 1 46 36 11 25 43 5 49 32 40 26 15 14 22 48 12 24 3 23 41 13 21 34 16 47 19 37 33 44 28 18 20 38 6 29 7 45 31 39 9 8 4635.38 4652.85
0 17 42 35 30 2 27 4 10 1 46 36 11 25 43 5 49 32 40 26 15 14 22 48 12 24 3 23 41 13 21 34 16 47 19 37 33 44 28 18 20 38 6 29 7 45 31 39 9 8 4635.38 4637.68
0 17 42 35 30 2 27 4 10 1 46 36 11 25 43 5 49 32 40 26 15 14 22 48 12 24 3 23 41 13 21 34 16 47 19 37 33 44 28 18 20 38 6 29 7 45 31 39 9 8 4635.38 4635.8
0 17 42 35 30 2 27 4 10 1 46 36 11 25 43 5 49 32 40 26 15 14 22 48 12 24 3 23 41 13 21 34 16 47 19 37 33 44 28 18 20 38 6 29 7 45 31 39 9 8 4635.38 4642.81
0 17 42 35 30 2 27 4 10 1 46 36 11 25 43 5 49 32 40 26 15 14 22 48 12 24 3 23 41 13 21 34 16 47 19 37 33 44 28 18 20 38 6 29 7 45 31 39 9 8 4635.38 4639.11
0 17 42 35 30 2 27 4 10 1 46 36 11 25 43 5 49 32 40 26 15 14 22 48 12 24 3 23 41 13 21 34 16 47 19 37 33 44 28 18 20 38 6 29 7 45 31 39 9 8 4635.38 4635.38
0 17 42 35 30 2 27 4 10 1 46 36 11 25 43 5 49 32 40 26 15 14 22 48 12 24 3 23 41 13 21 34 16 47 19 37 33 44 28 18 20 38 6 29 7 45 31 39 9 8 4635.38 4635.75
0 17 42 35 30 2 27 4 10 1 46 36 11 25 43 5 49 32 40 26 15 14 22 48 12 24 3 23 41 13 21 34 16 47 19 37 33 44 28 18 20 38 6 29 7 45 31 39 9 8 4635.38 4635.38
0 17 42 35 30 2 27 4 10 1 46 36 11 25 43 5 49 32 40 26 15 14 22 48 12 24 3 23 41 13 21 34 16 47 19 37 33 44 28 18 20 38 6 29 7 45 31 39 9 8 4635.38 4647.3
0 17 42 35 30 2 27 4 10 1 46 36 11 25 43 5 49 32 40 26 15 14 22 48 12 24 3 23 41 13 21 34 16 47 19 37 33 44 28 18 20 38 6 29 7 45 31 39 9 8 4635.38 4656.15
0 17 42 35 30 2 27 4 10 1 46 36 11 25 43 5 49 32 40 26 15 14 22 48 12 24 3 23 41 13 21 34 16 47 19 37 33 44 28 18 20 38 6 29 7 45 31 39 9 8 4635.38 4653.81
0 17 42 35 30 2 27 4 10 1 46 36 11 25 43 5 49 32 40 26 15 14 22 48 12 24 3 23 41 13 21 34 16 47 19 37 33 44 28 18 20 38 6 29 7 45 31 39 9 8 4635.38 4648.22
0 17 42 35 30 2 27 4 10 1 46 36 11 25 43 5 49 32 40 26 15 14 22 48 12 24 3 23 41 13 21 34 16 47 19 37 33 44 28 18 20 38 6 29 7 45 31 39 9 8 4635.38 4639.22
0 17 42 35 30 2 27 4 10 1 46 36 11 25 43 5 49 32 40 26 15 14 22 48 12 24 3 23 41 13 21 34 16 47 19 37 33 44 28 18 20 38 6 29 7 45 31 39 9 8 4635.38 4635.97
0 17 42 35 30 2 27 4 10 1 46 36 11 25 43 5 49 32 40 26 15 14 22 48 12 24 3 23 41 13 21 34 16 47 19 37 33 44 28 18 20 38 6 29 7 45 31 39 9 8 4635.38 4637.23
0 17 42 35 30 2 27 4 10 1 46 36 11 25 43 5 49 32 40 26 15 14 22 48 12 24 3 23 41 13 21 34 16 47 19 37 33 44 28 18 20 38 6 29 7 45 31 39 9 8 4635.38 4635.53
0 17 42 35 30 2 27 4 10 1 46 36 11 25 43 5 49 32 40 26 15 14 22 48 12 24 3 23 41 13 21 34 16 47 19 37 33 44 28 18 20 38 6 29 7 45 31 39 9 8 4635.38 4645.11
0 17 42 35 30 2 27 4 10 1 46 36 11 25 43 5 49 32 40 26 15 14 22 48 12 24 3 23 41 13 21 34 16 47 19 37 33 44 28 18 20 38 6 29 7 45 31 39 9 8 4635.38 4638.34
0 17 42 35 30 2 27 4 10 1 46 36 11 25 43 5 49 32 40 26 15 14 22 48 12 24 3 23 41 13 21 34 16 47 19 37 33 44 28 18 20 38 6 29 7 45 31 39 9 8 4635.38 4636.55
0 17 42 35 30 2 27 4 10 1 46 36 11 25 43 5 49 32 40 26 15 14 22 48 12 24 3 23 41 13 21 34 16 47 19 37 33 44 28 18 20 38 6 29 7 45 31 39 9 8 4635.38 4635.38
0 17 42 35 30 2 27 4 10 1 46 36 11 25 43 5 49 32 40 26 15 14 22 48 12 24 3 23 41 13 21 34 16 47 19 37 33 44 28 18 20 38 6 29 7 45 31 39 9 8 4635.38 4635.38
0 17 42 35 30 2 27 4 10 1 46 36 11 25 43 5 49 32 40 26 15 14 22 48 12 24 3 23 41 13 21 34 16 47 19 37 33 44 28 18 20 38 6 29 7 45 31 39 9 8 4635.38 4647.92
0 17 42 35 30 2 27 4 10 1 46 36 11 25 43 5 49 32 40 26 15 14 22 48 12 24 3 23 41 13 21 34 16 47 19 37 33 44 28 18 20 38 6 29 7 45 31 39 9 8 4635.38 4660.77
0 17 42 35 30 2 27 4 10 1 46 36 11 25 43 5 49 32 40 26 15 14 22 48 12 24 3 23 41 13 21 34 16 47 19 37 33 44 28 18 20 38 6 29 7 45 31 39 9 8 4635.38 4640.12
0 17 42 35 30 2 27 4 10 1 46 36 11 25 43 5 49 32 40 26 15 14 22 48 12 24 3 23 41 13 21 34 16 47 19 37 33 44 28 18 20 38 6 29 7 45 31 39 9 8 4635.38 4667.76
0 17 42 35 30 2 27 4 10 1 46 36 11 25 43 5 49 32 40 26 15 14 22 48 12 24 3 23 41 13 21 34 16 47 19 37 33 44 28 18 20 38 6 29 7 45 31 39 9 8 4635.38 4645.2
0 17 42 35 30 2 27 4 10 1 46 36 11 25 43 5 49 32 40 26 15 14 22 48 12 24 3 23 41 13 21 34 16 47 19 37 33 44 28 18 20 38 6 29 7 45 31 39 9 8 4635.38 4637.3
0 17 42 35 30 2 27 4 10 1 46 36 11 25 43 5 49 32 40 26 15 14 22 48 12 24 3 23 41 13 21 34 16 47 19 37 33 44 28 18 20 38 6 29 7 45 31 39 9 8 4635.38 4635.78
0 17 42 35 30 2 27 4 10 1 46 36 11 25 43 5 49 32 40 26 15 14 22 48 12 24 3 23 41 13 21 34 16 47 19 37 33 44 28 18 20 38 6 29 7 45 31 39 9 8 4635.38 4635.66
0 17 42 35 30 2 27 4 10 1 46 36 11 25 43 5 49 32 40 26 15 14 22 48 12 24 3 23 41 13 21 34 16 47 19 37 33 44 28 18 20 38 6 29 7 45 31 39 9 8 4635.38 4635.38
0 17 42 35 30 2 27 4 10 1 46 36 11 25 43 5 49 32 40 26 15 14 22 48 12 24 3 23 41 13 21 34 16 47 19 37 33 44 28 18 20 38 6 29 7 45 31 39 9 8 4635.38 4635.38
0 17 42 35 30 2 27 4 10 1 46 36 11 25 43 5 49 32 40 26 15 14 22 48 12 24 3 23 41 13 21 34 16 47 19 37 33 44 28 18 20 38 6 29 7 45 31 39 9 8 4635.38 4635.38
0 17 42 35 30 2 27 4 10 1 46 36 11 25 43 5 49 32 40 26 15 14 22 48 12 24 3 23 41 13 21 34 16 47 19 37 33 44 28 18 20 38 6 29 7 45 31 39 9 8 4635.38 4636.29
0 17 42 35 30 2 27 4 10 1 46 36 11 25 43 5 49 32 40 26 15 14 22 48 12 24 3 23 41 13 21 34 16 47 19 37 33 44 28 18 20 38 6 29 7 45 31 39 9 8 4635.38 4637.99
0 17 42 35 30 2 27 4 10 1 46 36 11 25 43 5 49 32 40 26 15 14 22 48 12 24 3 23 41 13 21 34 16 47 19 37 33 44 28 18 20 38 6 29 7 45 31 39 9 8 4635.38 4635.38
0 17 42 35 30 2 27 4 10 1 46 36 11 25 43 5 49 32 40 26 15 14 22 48 12 24 3 23 41 13 21 34 16 47 19 37 33 44 28 18 20 38 6 29 7 45 31 39 9 8 4635.38 4635.38
0 17 42 35 30 2 27 4 10 1 46 36 11 25 43 5 49 32 40 26 15 14 22 48 12 24 3 23 41 13 21 34 16 47 19 37 33 44 28 18 20 38 6 29 7 45 31 39 9 8 4635.38 4635.38
0 17 42 35 30 2 27 4 10 1 46 36 11 25 43 5 49 32 40 26 15 14 22 48 12 24 3 23 41 13 21 34 16 47 19 37 33 44 28 18 20 38 6 29 7 45 31 39 9 8 4635.38 4635.38
0 17 42 35 30 2 27 4 10 1 46 36 11 25 43 5 49 32 40 26 15 14 22 48 12 24 3 23 41 13 21 34 16 47 19 37 33 44 28 18 20 38 6 29 7 45 31 39 9 8 4635.38 4635.44
0 17 42 35 30 2 27 4 10 1 46 36 11 25 43 5 49 32 40 26 15 14 22 48 12 24 3 23 41 13 21 34 16 47 19 37 33 44 28 18 20 38 6 29 7 45 31 39 9 8 4635.38 4635.38
0 17 42 35 30 2 27 4 10 1 46 36 11 25 43 5 49 32 40 26 15 14 22 48 12 24 3 23 41 13 21 34 16 47 19 37 33 44 28 18 20 38 6 29 7 45 31 39 9 8 4635.38 4636.14
0 17 42 35 30 2 27 4 10 1 46 36 11 25 43 5 49 32 40 26 15 14 22 48 12 24 3 23 41 13 21 34 16 47 19 37 33 44 28 18 20 38 6 29 7 45 31 39 9 8 4635.38 4636.06
0 17 42 35 30 2 27 4 10 1 46 36 11 25 43 5 49 32 40 26 15 14 22 48 12 24 3 23 41 13 21 34 16 47 19 37 33 44 28 18 20 38 6 29 7 45 31 39 9 8 4635.38 4635.38
0 17 42 35 30 2 27 4 10 1 46 36 11 25 43 5 49 32 40 26 15 14 22 48 12 24 3 23 41 13 21 34 16 47 19 37 33 44 28 18 20 38 6 29 7 45 31 39 9 8 4635.38 4637.64
0 17 42 35 30 2 27 4 10 1 46 36 11 25 43 5 49 32 40 26 15 14 22 48 12 24 3 23 41 13 21 34 16 47 19 37 33 44 28 18 20 38 6 29 7 45 31 39 9 8 4635.38 4648.82
0 17 42 35 30 2 27 4 10 1 46 36 11 25 43 5 49 32 40 26 15 14 22 48 12 24 3 23 41 16 13 21 34 47 19 37 33 44 28 18 20 38 6 29 7 45 31 39 9 8 4621.13 4643.02
0 17 42 35 30 2 27 4 10 1 46 36 11 25 43 5 49 32 40 26 15 14 22 48 12 24 3 23 41 16 13 21 34 47 19 37 33 44 28 18 20 38 6 29 7 45 31 39 9 8 4621.13 4634.87
0 17 42 35 30 2 27 4 10 1 46 36 11 25 43 5 49 32 40 26 15 14 22 48 12 24 3 23 41 16 13 21 34 47 19 37 33 44 28 18 20 38 6 29 7 45 31 39 9 8 4621.13 4630.91
0 17 42 35 30 2 27 4 10 1 46 36 11 25 43 5 49 32 40 26 15 14 22 48 12 24 3 23 41 16 13 21 34 47 19 37 33 44 28 18 20 38 6 29 7 45 31 39 9 8 4621.13 4644.25
0 17 42 35 30 2 27 4 10 1 46 36 11 25 43 5 49 32 40 26 15 14 22 48 12 24 3 23 41 16 13 21 34 47 19 37 33 44 28 18 20 38 6 29 7 45 31 39 9 8 4621.13 4622.13
0 17 42 35 30 2 27 4 10 1 46 36 11 25 43 5 49 32 40 26 15 14 22 48 12 24 3 23 41 16 13 21 34 47 19 37 33 44 28 18 20 38 6 29 7 45 31 39 9 8 4621.13 4623.25
0 17 42 35 30 2 27 4 10 1 46 36 11 25 43 5 49 32 40 26 15 14 22 48 12 24 3 23 41 16 13 21 34 47 19 37 33 44 28 18 20 38 6 29 7 45 31 39 9 8 4621.13 4621.35
0 17 42 35 30 2 27 4 10 1 46 36 11 25 43 5 49 32 40 26 15 14 22 48 12 24 3 23 41 16 13 21 34 47 19 37 33 44 28 18 20 38 6 29 7 45 31 39 9 8 4621.13 4621.13
0 17 42 35 30 2 27 4 10 1 46 36 11 25 43 5 49 32 40 26 15 14 22 48 12 24 3 23 41 16 13 21 34 47 19 37 33 44 28 18 20 38 6 29 7 45 31 39 9 8 4621.13 4622.54
0 17 42 35 30 2 27 4 10 1 46 36 11 25 43 5 49 32 40 26 15 14 22 48 12 24 3 23 41 16 13 21 34 47 19 37 33 44 28 18 20 38 6 29 7 45 31 39 9 8 4621.13 4624.3
0 17 42 35 30 2 27 4 10 1 46 36 11 25 43 5 49 32 40 26 15 14 22 48 12 24 3 23 41 16 13 21 34 47 19 37 33 44 28 18 20 38 6 29 7 45 31 39 9 8 4621.13 4631.35
0 17 42 35 30 2 27 4 10 1 46 36 11 25 43 5 49 32 40 26 15 14 22 48 12 24 3 23 41 16 13 21 34 47 19 37 33 44 28 18 20 38 6 29 7 45 31 39 9 8 4621.13 4621.13
0 17 42 35 30 2 27 4 10 1 46 36 11 25 43 5 49 32 40 26 15 14 22 48 12 24 3 23 41 16 13 21 34 47 19 37 33 44 28 18 20 38 6 29 7 45 31 39 9 8 4621.13 4623.14
0 17 42 35 30 2 27 4 10 1 46 36 11 25 43 5 49 32 40 26 15 14 22 48 12 24 3 23 41 16 13 21 34 47 19 37 33 44 28 18 20 38 6 29 7 45 31 39 9 8 4621.13 4621.83
0 17 42 35 30 2 27 4 10 1 46 36 11 25 43 5 49 32 40 26 15 14 22 48 12 24 3 23 41 16 13 21 34 47 19 37 33 44 28 18 20 38 6 29 7 45 31 39 9 8 4621.13 4622.23
0 17 42 35 30 2 27 4 10 1 46 36 11 25 43 5 49 32 40 26 15 14 22 48 12 24 3 23 41 16 13 21 34 47 19 37 33 44 28 18 20 38 6 29 7 45 31 39 9 8 4621.13 4621.13
0 17 42 35 30 2 27 4 10 1 46 36 11 25 43 5 49 32 40 26 15 14 22 48 12 24 3 23 41 16 13 21 34 47 19 37 33 44 28 18 20 38 6 29 7 45 31 39 9 8 4621.13 4621.13
0 17 42 35 30 2 27 4 10 1 46 36 11 25 43 5 49 32 40 26 15 14 22 48 12 24 3 23 41 16 13 21 34 47 19 37 33 44 28 18 20 38 6 29 7 45 31 39 9 8 4621.13 4622.2
0 17 42 35 30 2 27 4 10 1 46 36 11 25 43 5 49 32 40 26 15 14 22 48 12 24 3 23 41 16 13 21 34 47 19 37 33 44 28 18 20 38 6 29 7 45 31 39 9 8 4621.13 4629.15
0 17 42 35 30 2 27 4 10 1 46 36 11 25 43 5 49 32 40 26 15 14 22 48 12 24 3 23 41 16 13 21 34 47 19 37 33 44 28 18 20 38 6 29 7 45 31 39 9 8 4621.13 4621.13
0 17 42 35 30 2 27 4 10 1 46 36 11 25 43 5 49 32 40 26 15 14 22 48 12 24 3 23 41 16 13 21 34 47 19 37 33 44 28 18 20 38 6 29 7 45 31 39 9 8 4621.13 4636.66
0 17 42 35 30 2 27 4 10 1 46 36 11 25 43 5 49 32 40 26 15 14 22 48 12 24 3 23 41 16 13 21 34 47 19 37 33 44 28 18 20 38 6 29 7 45 31 39 9 8 4621.13 4656.49
0 17 42 35 30 2 27 4 10 1 46 36 11 25 43 5 49 32 40 26 15 14 22 48 12 24 3 23 41 16 13 21 34 47 19 37 33 44 28 18 20 38 6 29 7 45 31 39 9 8 4621.13 4621.13
0 17 42 35 30 2 27 4 10 1 46 36 11 25 43 5 49 32 40 26 15 14 22 48 12 24 3 23 41 16 13 21 34 47 19 37 33 44 28 18 20 38 6 29 7 45 31 39 9 8 4621.13 4621.13
0 17 42 35 30 2 27 4 10 1 46 36 11 25 43 5 49 32 40 26 15 14 22 48 12 24 3 23 41 16 13 21 34 47 19 37 33 44 28 18 20 38 6 29 7 45 31 39 9 8 4621.13 4621.13
0 17 42 35 30 2 27 4 10 1 46 36 11 25 43 5 49 32 40 26 15 14 22 48 12 24 3 23 41 16 13 21 34 47 19 37 33 44 28 18 20 38 6 29 7 45 31 39 9 8 4621.13 4624.93
0 17 42 35 30 2 27 4 10 1 46 36 11 25 43 5 49 32 40 26 15 14 22 48 12 24 3 23 41 16 13 21 34 47 19 37 33 44 28 18 20 38 6 29 7 45 31 39 9 8 4621.13 4621.13
0 17 42 35 30 2 27 4 10 1 46 36 11 25 43 5 49 32 40 26 15 14 22 48 12 24 3 23 41 16 13 21 34 47 19 37 33 44 28 18 20 38 6 29 7 45 31 39 9 8 4621.13 4621.13
0 17 42 35 30 2 27 4 10 1 46 36 11 25 43 5 49 32 40 26 15 14 22 48 12 24 3 23 41 16 13 21 34 47 19 37 33 44 28 18 20 38 6 29 7 45 31 39 9 8 4621.13 4628.59
0 17 42 35 30 2 27 4 10 1 46 36 11 25 43 5 49 32 40 26 15 14 22 48 12 24 3 23 41 16 13 21 34 47 19 37 33 44 28 18 20 38 6 29 7 45 31 39 9 8 4621.13 4621.13
0 17 42 35 30 2 27 4 10 1 46 36 11 25 43 5 49 32 40 26 15 14 22 48 12 24 3 23 41 16 13 21 34 47 19 37 33 44 28 18 20 38 6 29 7 45 31 39 9 8 4621.13 4629.91
0 17 42 35 30 2 27 4 10 1 46 36 11 25 43 5 49 32 40 26 15 14 22 48 12 24 3 23 41 16 13 21 34 47 19 37 33 44 28 18 20 38 6 29 7 45 31 39 9 8 4621.13 4621.28
0 17 42 35 30 2 27 4 10 1 46 36 11 25 43 5 49 32 40 26 15 14 22 48 12 24 3 23 41 16 13 21 34 47 19 37 33 44 28 18 20 38 6 29 7 45 31 39 9 8 4621.13 4621.22
0 17 42 35 30 2 27 4 10 1 46 36 11 25 43 5 49 32 40 26 15 14 22 48 12 24 3 23 41 16 13 21 34 47 19 37 33 44 28 18 20 38 6 29 7 45 31 39 9 8 4621.13 4621.44
0 17 42 35 30 2 27 4 10 1 46 36 11 25 43 5 49 32 40 26 15 14 22 48 12 24 3 23 41 16 13 21 34 47 19 37 33 44 28 18 20 38 6 29 7 45 31 39 9 8 4621.13 4621.13
0 17 42 35 30 2 27 4 10 1 46 36 11 25 43 5 49 32 40 26 15 14 22 48 12 24 3 23 41 16 13 21 34 47 19 37 33 44 28 18 20 38 6 29 7 45 31 39 9 8 4621.13 4621.13
0 17 42 35 30 2 27 4 10 1 46 36 11 25 43 5 49 32 40 26 15 14 22 48 12 24 3 23 41 16 13 21 34 47 19 37 33 44 28 18 20 38 6 29 7 45 31 39 9 8 4621.13 4621.13
0 17 42 35 30 2 27 4 10 1 46 36 11 25 43 5 49 32 40 26 15 14 22 48 12 24 3 23 41 16 13 21 34 47 19 37 33 44 28 18 20 38 6 29 7 45 31 39 9 8 4621.13 4622.86
0 17 42 35 30 2 27 4 10 1 46 36 11 25 43 5 49 32 40 26 15 14 22 48 12 24 3 23 41 16 13 21 34 47 19 37 33 44 28 18 20 38 6 29 7 45 31 39 9 8 4621.13 4629.73
0 17 42 35 30 2 27 4 10 1 46 36 11 25 43 5 49 32 40 26 15 14 22 48 12 24 3 23 41 16 13 21 34 47 19 37 33 44 28 18 20 38 6 29 7 45 31 39 9 8 4621.13 4632.3
0 17 42 35 30 2 27 4 10 1 46 36 11 25 43 5 49 32 40 26 15 14 22 48 12 24 3 23 41 16 13 21 34 47 19 37 33 44 28 18 20 38 6 29 7 45 31 39 9 8 4621.13 4668.11
0 17 42 35 30 2 27 4 10 1 46 36 11 25 43 5 49 32 40 26 15 14 22 48 12 24 3 23 41 16 13 21 34 47 19 37 33 44 28 18 20 38 6 29 7 45 31 39 9 8 4621.13 4628.56
0 17 42 35 30 2 27 4 10 1 46 36 11 25 43 5 49 32 40 26 15 14 22 48 12 24 3 23 41 16 13 21 34 47 19 37 33 44 28 18 20 38 6 29 7 45 31 39 9 8 4621.13 4630.67
0 17 42 35 30 2 27 4 10 1 46 36 11 25 43 5 49 32 40 26 15 14 22 48 12 24 3 23 41 16 13 21 34 47 19 37 33 44 28 18 20 38 6 29 7 45 31 39 9 8 4621.13 4642.9
0 17 42 35 30 2 27 4 10 1 46 36 11 25 43 5 49 32 40 26 15 14 22 48 12 24 3 23 41 16 13 21 34 47 19 37 33 44 28 18 20 38 6 29 7 45 31 39 9 8 4621.13 4651.4
0 17 42 35 30 2 27 4 10 1 46 36 11 25 43 5 49 32 40 26 15 14 22 48 12 24 3 23 41 16 13 21 34 47 19 37 33 44 28 18 20 38 6 29 7 45 31 39 9 8 4621.13 4621.13
0 17 42 35 30 2 27 4 10 1 46 36 11 25 43 5 49 32 40 26 15 14 22 48 12 24 3 23 41 16 13 21 34 47 19 37 33 44 28 18 20 38 6 29 7 45 31 39 9 8 4621.13 4624.18
0 17 42 35 30 2 27 4 10 1 46 36 11 25 43 5 49 32 40 26 15 14 22 48 12 24 3 23 41 16 13 21 34 47 19 37 33 44 28 18 20 38 6 29 7 45 31 39 9 8 4621.13 4623.16
0 17 42 35 30 2 27 4 10 1 46 36 11 25 43 5 49 32 40 26 15 14 22 48 12 24 3 23 41 16 13 21 34 47 19 37 33 44 28 18 20 38 6 29 7 45 31 39 9 8 4621.13 4623.43
0 17 42 35 30 2 27 4 10 1 46 36 11 25 43 5 49 32 40 26 15 14 22 48 12 24 3 23 41 16 13 21 34 47 19 37 33 44 28 18 20 38 6 29 7 45 31 39 9 8 4621.13 4626.89
0 17 42 35 30 2 27 4 10 1 46 36 11 25 43 5 49 32 40 26 15 14 22 48 12 24 3 23 41 16 13 21 34 47 19 37 33 44 28 18 20 38 6 29 7 45 31 39 9 8 4621.13 4624.15
0 17 42 35 30 2 27 4 10 1 46 36 11 25 43 5 49 32 40 26 15 14 22 48 12 24 3 23 41 16 13 21 34 47 19 37 33 44 28 18 20 38 6 29 7 45 31 39 9 8 4621.13 4621.13
0 17 42 35 30 2 27 4 10 1 46 36 11 25 43 5 49 32 40 26 15 14 22 48 12 24 3 23 41 16 13 21 34 47 19 37 33 44 28 18 20 38 6 29 7 45 31 39 9 8 4621.13 4621.13
0 17 42 35 30 2 27 4 10 1 46 36 11 25 43 5 49 32 40 26 15 14 22 48 12 24 3 23 41 16 13 21 34 47 19 37 33 44 28 18 20 38 6 29 7 45 31 39 9 8 4621.13 4632.69
0 17 42 35 30 2 27 4 10 1 46 36 11 25 43 5 49 32 40 26 15 14 22 48 12 24 3 23 41 16 13 21 34 47 19 37 33 44 28 18 20 38 6 29 7 45 31 39 9 8 4621.13 4628.32
0 17 42 35 30 2 27 4 10 1 46 36 11 25 43 5 49 32 40 26 15 14 22 48 12 24 3 23 41 16 13 21 34 47 19 37 33 44 28 18 20 38 6 29 7 45 31 39 9 8 4621.13 4664.01
0 17 42 35 30 2 27 4 10 1 46 36 11 25 43 5 49 32 40 26 15 14 22 48 12 24 3 23 41 16 13 21 34 47 19 37 33 44 28 18 20 38 6 29 7 45 31 39 9 8 4621.13 4644.02
0 17 42 35 30 2 27 4 10 1 46 36 11 25 43 5 49 32 40 26 15 14 22 48 12 24 3 23 41 16 13 21 34 47 19 37 33 44 28 18 20 38 6 29 7 45 31 39 9 8 4621.13 4633.58
0 17 42 35 30 2 27 4 10 1 46 36 11 25 43 5 49 32 40 26 15 14 22 48 12 24 3 23 41 16 13 21 34 47 19 37 33 44 28 18 20 38 6 29 7 45 31 39 9 8 4621.13 4621.16
0 17 42 35 30 2 27 4 10 1 46 36 11 25 43 5 49 32 40 26 15 14 22 48 12 24 3 23 41 16 13 21 34 47 19 37 33 44 28 18 20 38 6 29 7 45 31 39 9 8 4621.13 4621.13
0 17 42 35 30 2 27 4 10 1 46 36 11 25 43 5 49 32 40 26 15 14 22 48 12 24 3 23 41 16 13 21 34 47 19 37 33 44 28 18 20 38 6 29 7 45 31 39 9 8 4621.13 4621.13
0 17 42 35 30 2 27 4 10 1 46 36 11 25 43 5 49 32 40 26 15 14 22 48 12 24 3 23 41 16 13 21 34 47 19 37 33 44 28 18 20 38 6 29 7 45 31 39 9 8 4621.13 4624.18
0 17 42 35 30 2 27 4 10 1 46 36 11 25 43 5 49 32 40 26 15 14 22 48 12 24 3 23 41 16 13 21 34 47 19 37 33 44 28 18 20 38 6 29 7 45 31 39 9 8 4621.13 4621.13
0 17 42 35 30 2 27 4 10 1 46 36 11 25 43 5 49 32 40 26 15 14 22 48 12 24 3 23 41 16 13 21 34 47 19 37 33 44 28 18 20 38 6 29 7 45 31 39 9 8 4621.13 4621.13
0 17 42 35 30 2 27 4 10 1 46 36 11 25 43 5 49 32 40 26 15 14 22 48 12 24 3 23 41 16 13 21 34 47 19 37 33 44 28 18 20 38 6 29 7 45 31 39 9 8 4621.13 4670.97
0 17 42 35 30 2 27 4 10 1 46 36 11 25 43 5 49 32 40 26 15 14 22 48 12 24 3 23 41 16 13 21 34 47 19 37 33 44 28 18 20 38 6 29 7 45 31 39 9 8 4621.13 4621.9
0 17 42 35 30 2 27 4 10 1 46 36 11 25 43 5 49 32 40 26 15 14 22 48 12 24 3 23 41 16 13 21 34 47 19 37 33 44 28 18 20 38 6 29 7 45 31 39 9 8 4621.13 4622.15
0 17 42 35 30 2 27 4 10 1 46 36 11 25 43 5 49 32 40 26 15 14 22 48 12 24 3 23 41 16 13 21 34 47 19 37 33 44 28 18 20 38 6 29 7 45 31 39 9 8 4621.13 4627.51
0 17 42 35 30 2 27 4 10 1 46 36 11 25 43 5 49 32 40 26 15 14 22 48 12 24 3 23 41 16 13 21 34 47 19 37 33 44 28 18 20 38 6 29 7 45 31 39 9 8 4621.13 4624.55
0 17 42 35 30 2 27 4 10 1 46 36 11 25 43 5 49 32 40 26 15 14 22 48 12 24 3 23 41 16 13 21 34 47 19 37 33 44 28 18 20 38 6 29 7 45 31 39 9 8 4621.13 4629.32
0 17 42 35 30 2 27 4 10 1 46 36 11 25 43 5 49 32 40 26 15 14 22 48 12 24 3 23 41 16 13 21 34 47 19 37 33 44 28 18 20 38 6 29 7 45 31 39 9 8 4621.13 4621.91
0 17 42 35 30 2 27 4 10 1 46 36 11 25 43 5 49 32 40 26 15 14 22 48 12 24 3 23 41 16 13 21 34 47 19 37 33 44 28 18 20 38 6 29 7 45 31 39 9 8 4621.13 4624.35
0 17 42 35 30 2 27 4 10 1 46 36 11 25 43 5 49 32 40 26 15 14 22 48 12 24 3 23 41 16 13 21 34 47 19 37 33 44 28 18 20 38 6 29 7 45 31 39 9 8 4621.13 4621.13
0 17 42 35 30 2 27 4 10 1 46 36 11 25 43 5 49 32 40 26 15 14 22 48 12 24 3 23 41 16 13 21 34 47 19 37 33 44 28 18 20 38 6 29 7 45 31 39 9 8 4621.13 4621.13
0 17 42 35 30 2 27 4 10 1 46 36 11 25 43 5 49 32 40 26 15 14 22 48 12 24 3 23 41 16 13 21 34 47 19 37 33 44 28 18 20 38 6 29 7 45 31 39 9 8 4621.13 4624.85
0 17 42 35 30 2 27 4 10 1 46 36 11 25 43 5 49 32 40 26 15 14 22 48 12 24 3 23 41 16 13 21 34 47 19 37 33 44 28 18 20 38 6 29 7 45 31 39 9 8 4621.13 4621.2
0 17 42 35 30 2 27 4 10 1 46 36 11 25 43 5 49 32 40 26 15 14 22 48 12 24 3 23 41 16 13 21 34 47 19 37 33 44 28 18 20 38 6 29 7 45 31 39 9 8 4621.13 4622.5
0 17 42 35 30 2 27 4 10 1 46 36 11 25 43 5 49 32 40 26 15 14 22 48 12 24 3 23 41 16 13 21 34 47 19 37 33 44 28 18 20 38 6 29 7 45 31 39 9 8 4621.13 4621.13
0 17 42 35 30 2 27 4 10 1 46 36 11 25 43 5 49 32 40 26 15 14 22 48 12 24 3 23 41 16 13 21 34 47 19 37 33 44 28 18 20 38 6 29 7 45 31 39 9 8 4621.13 4621.13
0 17 42 35 30 2 27 4 10 1 46 36 11 25 43 5 49 32 40 26 15 14 22 48 12 24 3 23 41 16 13 21 34 47 19 37 33 44 28 18 20 38 6 29 7 45 31 39 9 8 4621.13 4626.94
0 17 42 35 30 2 27 4 10 1 46 36 11 25 43 5 49 32 40 26 15 14 22 48 12 24 3 23 41 16 13 21 34 47 19 37 33 44 28 18 20 38 6 29 7 45 31 39 9 8 4621.13 4641.04
0 17 42 35 30 2 27 4 10 1 46 36 11 25 43 5 49 32 40 26 15 14 22 48 12 24 3 23 41 16 13 21 34 47 19 37 33 44 28 18 20 38 6 29 7 45 31 39 9 8 4621.13 4621.13
0 17 42 35 30 2 27 4 10 1 46 36 11 25 43 5 49 32 40 26 15 14 22 48 12 24 3 23 41 16 13 21 34 47 19 37 33 44 28 18 20 38 6 29 7 45 31 39 9 8 4621.13 4621.28
0 17 42 35 30 2 27 4 10 1 46 36 11 25 43 5 49 32 40 26 15 14 22 48 12 24 3 23 41 16 13 21 34 47 19 37 33 44 28 18 20 38 6 29 7 45 31 39 9 8 4621.13 4621.13
0 17 42 35 30 2 27 4 10 1 46 36 11 25 43 5 49 32 40 26 15 14 22 48 12 24 3 23 41 16 13 21 34 47 19 37 33 44 28 18 20 38 6 29 7 45 31 39 9 8 4621.13 4621.13
0 17 42 35 30 2 27 4 10 1 46 36 11 25 43 5 49 32 40 26 15 14 22 48 12 24 3 23 41 16 13 21 34 47 19 37 33 44 28 18 20 38 6 29 7 45 31 39 9 8 4621.13 4622.36
0 17 42 35 30 2 27 4 10 1 46 36 11 25 43 5 49 32 40 26 15 14 22 48 12 24 3 23 41 16 13 21 34 47 19 37 33 44 28 18 20 38 6 29 7 45 31 39 9 8 4621.13 4621.13
0 17 42 35 30 2 27 4 10 1 46 36 11 25 43 5 49 32 40 26 15 14 22 48 12 24 3 23 41 16 13 21 34 47 19 37 33 44 28 18 20 38 6 29 7 45 31 39 9 8 4621.13 4621.13
0 17 42 35 30 2 27 4 10 1 46 36 11 25 43 5 49 32 40 26 15 14 22 48 12 24 3 23 41 16 13 21 34 47 19 37 33 44 28 18 20 38 6 29 7 45 31 39 9 8 4621.13 4622.79
0 17 42 35 30 2 27 4 10 1 46 36 11 25 43 5 49 32 40 26 15 14 22 48 12 24 3 23 41 16 13 21 34 47 19 37 33 44 28 18 20 38 6 29 7 45 31 39 9 8 4621.13 4621.54
0 17 42 35 30 2 27 4 10 1 46 36 11 25 43 5 49 32 40 26 15 14 22 48 12 24 3 23 41 16 13 21 34 47 19 37 33 44 28 18 20 38 6 29 7 45 31 39 9 8 4621.13 4621.13
0 17 42 35 30 2 27 4 10 1 46 36 11 25 43 5 49 32 40 26 15 14 22 48 12 24 3 23 41 16 13 21 34 47 19 37 33 44 28 18 20 38 6 29 7 45 31 39 9 8 4621.13 4665.34
0 17 42 35 30 2 27 4 10 1 46 36 11 25 43 5 49 32 40 26 15 14 22 48 12 24 3 23 41 16 13 21 34 47 19 37 33 44 28 18 20 38 6 29 7 45 31 39 9 8 4621.13 4624.55
0 17 42 35 30 2 27 4 10 1 46 36 11 25 43 5 49 32 40 26 15 14 22 48 12 24 3 23 41 16 13 21 34 47 19 37 33 44 28 18 20 38 6 29 7 45 31 39 9 8 4621.13 4624.58
0 17 42 35 30 2 27 4 10 1 46 36 11 25 43 5 49 32 40 26 15 14 22 48 12 24 3 23 41 16 13 21 34 47 19 37 33 44 28 18 20 38 6 29 7 45 31 39 9 8 4621.13 4624.87
0 17 42 35 30 2 27 4 10 1 46 36 11 25 43 5 49 32 40 26 15 14 22 48 12 24 3 23 41 16 13 21 34 47 19 37 33 44 28 18 20 38 6 29 7 45 31 39 9 8 4621.13 4624.32
0 17 42 35 30 2 27 4 10 1 46 36 11 25 43 5 49 32 40 26 15 14 22 48 12 24 3 23 41 16 13 21 34 47 19 37 33 44 28 18 20 38 6 29 7 45 31 39 9 8 4621.13 4621.18
